time,v1,v2,v3,v4,v5,v6
34.607502460479736,0.7519999742507935,0.656000018119812,0.7580000162124634,0.8700000047683716,0.7900000214576721,0.6880000233650208
34.61859083175659,0.7519999742507935,0.656000018119812,0.7599999904632568,0.8799999952316284,0.7979999780654907,0.6899999976158142
34.627769231796265,0.75,0.656000018119812,0.7599999904632568,0.8840000033378601,0.8019999861717224,0.6940000057220459
34.637609243392944,0.75,0.656000018119812,0.7599999904632568,0.8899999856948853,0.8059999942779541,0.6959999799728394
34.647976875305176,0.75,0.656000018119812,0.7620000243186951,0.8939999938011169,0.8100000023841858,0.6959999799728394
34.65859031677246,0.75,0.656000018119812,0.7620000243186951,0.8980000019073486,0.8140000104904175,0.6980000138282776
34.66741108894348,0.7480000257492065,0.656000018119812,0.7620000243186951,0.9020000100135804,0.8180000185966492,0.699999988079071
34.67750835418701,0.7480000257492065,0.656000018119812,0.7620000243186951,0.906000018119812,0.8240000009536743,0.699999988079071
34.68761920928955,0.7480000257492065,0.6579999923706055,0.7639999985694885,0.9120000004768372,0.8299999833106995,0.7020000219345093
34.69762372970581,0.7480000257492065,0.6579999923706055,0.7639999985694885,0.9139999747276306,0.8339999914169312,0.7020000219345093
34.70752191543579,0.7459999918937683,0.6579999923706055,0.7639999985694885,0.9200000166893004,0.8379999995231628,0.7020000219345093
34.7175989151001,0.7459999918937683,0.6579999923706055,0.7639999985694885,0.9240000247955322,0.843999981880188,0.7020000219345093
34.72818851470947,0.7459999918937683,0.6579999923706055,0.7639999985694885,0.9259999990463256,0.8500000238418579,0.7020000219345093
34.73812961578369,0.7459999918937683,0.6579999923706055,0.765999972820282,0.9279999732971193,0.8519999980926514,0.7020000219345093
34.747610569000244,0.7459999918937683,0.6579999923706055,0.765999972820282,0.9300000071525574,0.8539999723434448,0.7020000219345093
34.75743889808655,0.7459999918937683,0.6579999923706055,0.765999972820282,0.9319999814033508,0.8579999804496765,0.7020000219345093
34.76810622215271,0.7459999918937683,0.6579999923706055,0.765999972820282,0.9340000152587892,0.8579999804496765,0.7020000219345093
34.778021574020386,0.7459999918937683,0.6579999923706055,0.765999972820282,0.9340000152587892,0.8600000143051147,0.7020000219345093
34.787537574768066,0.7459999918937683,0.6579999923706055,0.765999972820282,0.9359999895095824,0.8619999885559082,0.7020000219345093
34.797518730163574,0.7440000176429749,0.6579999923706055,0.765999972820282,0.9380000233650208,0.8619999885559082,0.7020000219345093
34.80761909484863,0.7440000176429749,0.6579999923706055,0.765999972820282,0.9399999976158142,0.8640000224113464,0.7020000219345093
34.817442893981934,0.7440000176429749,0.6579999923706055,0.7680000066757202,0.9419999718666076,0.8640000224113464,0.7020000219345093
34.827698945999146,0.7440000176429749,0.6579999923706055,0.7680000066757202,0.9419999718666076,0.8659999966621399,0.7020000219345093
34.83910894393921,0.7440000176429749,0.6579999923706055,0.7680000066757202,0.9459999799728394,0.8679999709129333,0.699999988079071
34.848061084747314,0.7440000176429749,0.6579999923706055,0.7680000066757202,0.9480000138282776,0.8700000047683716,0.699999988079071
34.85754156112671,0.7440000176429749,0.6579999923706055,0.7680000066757202,0.9520000219345092,0.871999979019165,0.699999988079071
34.867589235305786,0.7440000176429749,0.6579999923706055,0.7680000066757202,0.9539999961853028,0.8740000128746033,0.6980000138282776
34.87884879112244,0.7440000176429749,0.6579999923706055,0.7699999809265137,0.9580000042915344,0.8759999871253967,0.6980000138282776
34.887510776519775,0.7440000176429749,0.6579999923706055,0.7699999809265137,0.959999978542328,0.878000020980835,0.6980000138282776
34.89746809005737,0.7440000176429749,0.6579999923706055,0.7699999809265137,0.9639999866485596,0.8799999952316284,0.6940000057220459
34.90745234489441,0.7440000176429749,0.6579999923706055,0.7699999809265137,0.9660000205039978,0.8799999952316284,0.6940000057220459
34.91734337806702,0.7440000176429749,0.6579999923706055,0.7720000147819519,0.9700000286102296,0.8820000290870667,0.6899999976158142
34.92753744125366,0.7440000176429749,0.6579999923706055,0.7720000147819519,0.9739999771118164,0.8840000033378601,0.6880000233650208
34.93815064430237,0.7440000176429749,0.6579999923706055,0.7720000147819519,0.977999985218048,0.8859999775886536,0.6859999895095825
34.94856357574463,0.7440000176429749,0.6579999923706055,0.7739999890327454,0.984000027179718,0.8899999856948853,0.6840000152587891
34.9582633972168,0.7440000176429749,0.656000018119812,0.7739999890327454,0.9860000014305116,0.8920000195503235,0.6840000152587891
34.96894383430481,0.7440000176429749,0.656000018119812,0.7739999890327454,0.9900000095367432,0.8960000276565552,0.6800000071525574
34.978326082229614,0.7440000176429749,0.656000018119812,0.7739999890327454,0.9940000176429749,0.8980000019073486,0.6800000071525574
34.98809456825256,0.7440000176429749,0.656000018119812,0.7760000228881836,0.9980000257492064,0.9020000100135804,0.6779999732971191
34.999091148376465,0.7440000176429749,0.656000018119812,0.7760000228881836,1.003999948501587,0.9039999842643738,0.6759999990463257
35.00843405723572,0.7440000176429749,0.6579999923706055,0.777999997138977,1.00600004196167,0.9079999923706056,0.6740000247955322
35.02353382110596,0.7440000176429749,0.6579999923706055,0.777999997138977,1.0099999904632568,0.9120000004768372,0.671999990940094
35.029786586761475,0.7440000176429749,0.656000018119812,0.777999997138977,1.0140000581741333,0.9160000085830688,0.6700000166893005
35.03824710845947,0.7459999918937683,0.6579999923706055,0.7799999713897705,1.0160000324249268,0.9179999828338624,0.6660000085830688
35.04798364639282,0.7440000176429749,0.656000018119812,0.7799999713897705,1.0199999809265137,0.9240000247955322,0.6620000004768372
35.05871295928955,0.7440000176429749,0.656000018119812,0.7820000052452087,1.02400004863739,0.9259999990463256,0.6600000262260437
35.074134349823,0.7440000176429749,0.656000018119812,0.7820000052452087,1.027999997138977,0.9300000071525574,0.656000018119812
35.07915139198303,0.7440000176429749,0.656000018119812,0.7820000052452087,1.031999945640564,0.9340000152587892,0.656000018119812
35.08849000930786,0.7440000176429749,0.6579999923706055,0.7820000052452087,1.0360000133514404,0.9359999895095824,0.6539999842643738
35.09761047363281,0.7419999837875366,0.6579999923706055,0.7839999794960022,1.0420000553131104,0.9380000233650208,0.6539999842643738
35.10767936706543,0.7400000095367432,0.6579999923706055,0.7839999794960022,1.0460000038146973,0.9399999976158142,0.6539999842643738
35.11732578277588,0.7379999756813049,0.6579999923706055,0.7839999794960022,1.0540000200271606,0.944000005722046,0.6520000100135803
35.127278566360474,0.734000027179718,0.6600000262260437,0.7820000052452087,1.062000036239624,0.944000005722046,0.6539999842643738
35.13716220855713,0.7300000190734863,0.6639999747276306,0.7820000052452087,1.065999984741211,0.9459999799728394,0.6520000100135803
35.147135496139526,0.7260000109672546,0.6700000166893005,0.7799999713897705,1.0720000267028809,0.9459999799728394,0.6520000100135803
35.15723752975464,0.7160000205039978,0.671999990940094,0.777999997138977,1.0800000429153442,0.944000005722046,0.6520000100135803
35.167516231536865,0.7039999961853027,0.6740000247955322,0.7739999890327454,1.0839999914169312,0.9399999976158142,0.6520000100135803
35.17725682258606,0.6859999895095825,0.6779999732971191,0.7639999985694885,1.090000033378601,0.9340000152587892,0.6520000100135803
35.18781113624573,0.6740000247955322,0.6819999814033508,0.7540000081062317,1.093999981880188,0.9279999732971193,0.6520000100135803
35.19721722602844,0.6600000262260437,0.6859999895095825,0.734000027179718,1.0980000495910645,0.9139999747276306,0.6520000100135803
35.2072696685791,0.6499999761581421,0.6899999976158142,0.7139999866485596,1.1019999980926514,0.8640000224113464,0.6499999761581421
35.217225790023804,0.6480000019073486,0.6940000057220459,0.7099999785423279,1.1039999723434448,0.8100000023841858,0.6499999761581421
35.22722339630127,0.6480000019073486,0.6980000138282776,0.7020000219345093,1.1059999465942385,0.7480000257492065,0.6499999761581421
35.23734784126282,0.6499999761581421,0.699999988079071,0.6959999799728394,1.1080000400543213,0.734000027179718,0.6480000019073486
35.24740028381348,0.6499999761581421,0.6980000138282776,0.6880000233650208,1.1080000400543213,0.7279999852180481,0.6480000019073486
35.258148193359375,0.6499999761581421,0.6740000247955322,0.6800000071525574,1.1059999465942385,0.7279999852180481,0.6480000019073486
35.26801085472107,0.6499999761581421,0.6579999923706055,0.671999990940094,1.1019999980926514,0.7319999933242798,0.6499999761581421
35.27755403518677,0.6499999761581421,0.6539999842643738,0.656000018119812,1.0880000591278076,0.7400000095367432,0.6499999761581421
35.28797721862793,0.6480000019073486,0.6520000100135803,0.6460000276565552,1.0700000524520874,0.734000027179718,0.6499999761581421
35.29830861091614,0.6480000019073486,0.6480000019073486,0.6359999775886536,1.031999945640564,0.722000002861023,0.6520000100135803
35.30743050575256,0.6439999938011169,0.6460000276565552,0.6320000290870667,0.9900000095367432,0.7239999771118164,0.6539999842643738
35.31790351867676,0.6420000195503235,0.6460000276565552,0.6299999952316284,0.962000012397766,0.7200000286102295,0.6539999842643738
35.32753396034241,0.6340000033378601,0.6439999938011169,0.6320000290870667,0.9120000004768372,0.7120000123977661,0.6539999842643738
35.33751940727234,0.6299999952316284,0.6420000195503235,0.6320000290870667,0.8159999847412109,0.7020000219345093,0.656000018119812
35.34765553474426,0.628000020980835,0.6439999938011169,0.6340000033378601,0.7440000176429749,0.6899999976158142,0.656000018119812
35.35749578475952,0.6299999952316284,0.6439999938011169,0.6320000290870667,0.7300000190734863,0.671999990940094,0.656000018119812
35.37068843841553,0.6299999952316284,0.6439999938011169,0.6340000033378601,0.7319999933242798,0.6600000262260437,0.6600000262260437
35.378413438797,0.6299999952316284,0.6439999938011169,0.6340000033378601,0.7360000014305115,0.6620000004768372,0.6600000262260437
35.39009976387024,0.6299999952316284,0.6439999938011169,0.6340000033378601,0.7519999742507935,0.6679999828338623,0.6579999923706055
35.397531509399414,0.6299999952316284,0.6439999938011169,0.6320000290870667,0.7540000081062317,0.671999990940094,0.6579999923706055
35.408020973205566,0.6299999952316284,0.6439999938011169,0.6320000290870667,0.7559999823570251,0.6740000247955322,0.6579999923706055
35.41788148880005,0.6299999952316284,0.6439999938011169,0.6320000290870667,0.7559999823570251,0.6740000247955322,0.6579999923706055
35.4274640083313,0.6299999952316284,0.6460000276565552,0.6320000290870667,0.7519999742507935,0.6740000247955322,0.6579999923706055
35.43763494491577,0.6299999952316284,0.6460000276565552,0.6320000290870667,0.7519999742507935,0.6740000247955322,0.6579999923706055
35.447526693344116,0.6299999952316284,0.6460000276565552,0.6320000290870667,0.7519999742507935,0.6740000247955322,0.6579999923706055
35.45782136917114,0.6320000290870667,0.6460000276565552,0.6320000290870667,0.75,0.671999990940094,0.6579999923706055
35.46923041343689,0.6299999952316284,0.6460000276565552,0.6320000290870667,0.75,0.671999990940094,0.6579999923706055
35.48163032531738,0.6320000290870667,0.6439999938011169,0.6320000290870667,0.75,0.671999990940094,0.6579999923706055
35.48855543136597,0.6320000290870667,0.6460000276565552,0.6320000290870667,0.75,0.671999990940094,0.6579999923706055
35.497551918029785,0.6320000290870667,0.6460000276565552,0.6320000290870667,0.7480000257492065,0.671999990940094,0.6579999923706055
35.508641958236694,0.6320000290870667,0.6460000276565552,0.6320000290870667,0.7459999918937683,0.671999990940094,0.6579999923706055
35.52088141441345,0.6320000290870667,0.6460000276565552,0.6320000290870667,0.7459999918937683,0.671999990940094,0.6579999923706055
35.52758717536926,0.6320000290870667,0.6460000276565552,0.6320000290870667,0.7480000257492065,0.671999990940094,0.6579999923706055
35.53753304481506,0.6320000290870667,0.6460000276565552,0.6320000290870667,0.7459999918937683,0.671999990940094,0.6579999923706055
35.54783368110657,0.6320000290870667,0.6460000276565552,0.6320000290870667,0.7459999918937683,0.671999990940094,0.6579999923706055
35.55755853652954,0.6320000290870667,0.6460000276565552,0.6320000290870667,0.7459999918937683,0.671999990940094,0.6579999923706055
35.567652225494385,0.6320000290870667,0.6460000276565552,0.6320000290870667,0.7440000176429749,0.6700000166893005,0.6579999923706055
35.58020043373108,0.6320000290870667,0.6460000276565552,0.6320000290870667,0.7419999837875366,0.6700000166893005,0.6579999923706055
35.588048458099365,0.6320000290870667,0.6460000276565552,0.6320000290870667,0.7419999837875366,0.6700000166893005,0.6579999923706055
35.59838271141052,0.6320000290870667,0.6460000276565552,0.6320000290870667,0.7400000095367432,0.6700000166893005,0.6579999923706055
35.60789179801941,0.6320000290870667,0.6460000276565552,0.6320000290870667,0.7379999756813049,0.671999990940094,0.6579999923706055
35.61750316619873,0.6320000290870667,0.6460000276565552,0.6320000290870667,0.7360000014305115,0.671999990940094,0.6579999923706055
35.628557443618774,0.6320000290870667,0.6460000276565552,0.6320000290870667,0.7360000014305115,0.671999990940094,0.6579999923706055
35.63764715194702,0.6320000290870667,0.6460000276565552,0.6320000290870667,0.7360000014305115,0.671999990940094,0.6579999923706055
35.647923946380615,0.6320000290870667,0.6460000276565552,0.6340000033378601,0.7360000014305115,0.6740000247955322,0.6579999923706055
35.6576144695282,0.6320000290870667,0.6460000276565552,0.6340000033378601,0.7360000014305115,0.671999990940094,0.6579999923706055
35.66770100593567,0.6320000290870667,0.6460000276565552,0.6340000033378601,0.7360000014305115,0.671999990940094,0.6579999923706055
35.678152561187744,0.6320000290870667,0.6460000276565552,0.6340000033378601,0.7360000014305115,0.6740000247955322,0.6579999923706055
35.68851852416992,0.6320000290870667,0.6460000276565552,0.6340000033378601,0.7360000014305115,0.671999990940094,0.6579999923706055
35.699129819869995,0.6320000290870667,0.6460000276565552,0.6359999775886536,0.7360000014305115,0.656000018119812,0.6600000262260437
35.7077751159668,0.6340000033378601,0.6439999938011169,0.6420000195503235,0.7300000190734863,0.6520000100135803,0.671999990940094
35.71777963638306,0.6359999775886536,0.6460000276565552,0.6460000276565552,0.722000002861023,0.6499999761581421,0.6779999732971191
35.727866888046265,0.6340000033378601,0.6460000276565552,0.6480000019073486,0.7139999866485596,0.6480000019073486,0.7080000042915344
35.73815083503723,0.6299999952316284,0.6460000276565552,0.656000018119812,0.7099999785423279,0.6480000019073486,0.7260000109672546
35.74836206436157,0.6499999761581421,0.6460000276565552,0.6620000004768372,0.7099999785423279,0.6480000019073486,0.7239999771118164
35.757604122161865,0.656000018119812,0.6460000276565552,0.6740000247955322,0.7260000109672546,0.6539999842643738,0.7200000286102295
35.76745343208313,0.6639999747276306,0.6460000276565552,0.6940000057220459,0.7440000176429749,0.7059999704360962,0.7139999866485596
35.77748417854309,0.6779999732971191,0.6460000276565552,0.7080000042915344,0.7599999904632568,0.734000027179718,0.7099999785423279
35.78879189491272,0.6959999799728394,0.6460000276565552,0.7179999947547913,0.8059999942779541,0.7620000243186951,0.7039999961853027
35.79740858078003,0.7059999704360962,0.6480000019073486,0.7239999771118164,0.8339999914169312,0.7739999890327454,0.7020000219345093
35.80934166908264,0.7139999866485596,0.6480000019073486,0.734000027179718,0.8619999885559082,0.7960000038146973,0.699999988079071
35.81958246231079,0.722000002861023,0.6480000019073486,0.7400000095367432,0.8880000114440918,0.8199999928474426,0.6980000138282776
35.82769298553467,0.7260000109672546,0.6480000019073486,0.7459999918937683,0.9079999923706056,0.8339999914169312,0.6980000138282776
35.837600231170654,0.7300000190734863,0.6499999761581421,0.7519999742507935,0.9279999732971193,0.8539999723434448,0.6959999799728394
35.84790253639221,0.7319999933242798,0.6499999761581421,0.7559999823570251,0.9419999718666076,0.8619999885559082,0.6940000057220459
35.85781264305115,0.734000027179718,0.6499999761581421,0.7580000162124634,0.9459999799728394,0.8700000047683716,0.6919999718666077
35.867642879486084,0.734000027179718,0.6520000100135803,0.7599999904632568,0.9520000219345092,0.8759999871253967,0.6899999976158142
35.87819790840149,0.7360000014305115,0.6539999842643738,0.7599999904632568,0.9559999704360962,0.878000020980835,0.6880000233650208
35.88915944099426,0.7360000014305115,0.6539999842643738,0.7620000243186951,0.9580000042915344,0.8820000290870667,0.6859999895095825
35.897704124450684,0.7360000014305115,0.6539999842643738,0.7620000243186951,0.959999978542328,0.8840000033378601,0.6840000152587891
35.90763878822327,0.7360000014305115,0.656000018119812,0.7620000243186951,0.959999978542328,0.8859999775886536,0.6819999814033508
35.917640924453735,0.7360000014305115,0.656000018119812,0.7639999985694885,0.959999978542328,0.8859999775886536,0.6800000071525574
35.93045115470886,0.7360000014305115,0.656000018119812,0.7639999985694885,0.9580000042915344,0.8859999775886536,0.6800000071525574
35.93791961669922,0.7360000014305115,0.656000018119812,0.7639999985694885,0.9580000042915344,0.8880000114440918,0.6779999732971191
35.94757652282715,0.7360000014305115,0.656000018119812,0.7639999985694885,0.9559999704360962,0.8880000114440918,0.6759999990463257
35.95768761634827,0.7360000014305115,0.656000018119812,0.7639999985694885,0.9539999961853028,0.8880000114440918,0.6759999990463257
35.96750259399414,0.7360000014305115,0.656000018119812,0.7639999985694885,0.9539999961853028,0.8859999775886536,0.6740000247955322
35.97755169868469,0.7360000014305115,0.656000018119812,0.7639999985694885,0.9539999961853028,0.8859999775886536,0.671999990940094
35.987866163253784,0.7379999756813049,0.6579999923706055,0.7639999985694885,0.9539999961853028,0.8840000033378601,0.6700000166893005
35.99939489364624,0.7379999756813049,0.6579999923706055,0.7639999985694885,0.9539999961853028,0.8840000033378601,0.6679999828338623
36.008251905441284,0.7379999756813049,0.6579999923706055,0.7639999985694885,0.9539999961853028,0.8840000033378601,0.6679999828338623
36.019418716430664,0.7379999756813049,0.6600000262260437,0.7639999985694885,0.9559999704360962,0.8840000033378601,0.6679999828338623
36.0290949344635,0.7379999756813049,0.6600000262260437,0.7639999985694885,0.9580000042915344,0.8840000033378601,0.6679999828338623
36.03819823265076,0.7400000095367432,0.6600000262260437,0.765999972820282,0.9580000042915344,0.8840000033378601,0.6660000085830688
36.047765493392944,0.7400000095367432,0.6620000004768372,0.765999972820282,0.962000012397766,0.8840000033378601,0.6660000085830688
36.057990074157715,0.7419999837875366,0.6639999747276306,0.765999972820282,0.9639999866485596,0.8840000033378601,0.6660000085830688
36.067702531814575,0.7419999837875366,0.6660000085830688,0.765999972820282,0.9660000205039978,0.8840000033378601,0.6660000085830688
36.07787036895752,0.7440000176429749,0.6679999828338623,0.7680000066757202,0.9700000286102296,0.8859999775886536,0.6660000085830688
36.08766555786133,0.7440000176429749,0.6700000166893005,0.7680000066757202,0.972000002861023,0.8859999775886536,0.6660000085830688
36.097755432128906,0.7440000176429749,0.671999990940094,0.7699999809265137,0.9739999771118164,0.8880000114440918,0.6660000085830688
36.10752725601196,0.7459999918937683,0.671999990940094,0.7699999809265137,0.9739999771118164,0.8880000114440918,0.6679999828338623
36.11905908584595,0.7459999918937683,0.6759999990463257,0.7699999809265137,0.9760000109672546,0.8920000195503235,0.6679999828338623
36.129908323287964,0.7459999918937683,0.6759999990463257,0.7720000147819519,0.977999985218048,0.8939999938011169,0.6700000166893005
36.13745927810669,0.7459999918937683,0.6779999732971191,0.7720000147819519,0.9819999933242798,0.8960000276565552,0.6700000166893005
36.1478910446167,0.7459999918937683,0.6779999732971191,0.7720000147819519,0.984000027179718,0.8999999761581421,0.671999990940094
36.157801151275635,0.7459999918937683,0.6779999732971191,0.7720000147819519,0.9860000014305116,0.9020000100135804,0.671999990940094
36.16766881942749,0.7459999918937683,0.6759999990463257,0.7739999890327454,0.9879999756813048,0.9039999842643738,0.6740000247955322
36.177799701690674,0.7459999918937683,0.6759999990463257,0.7739999890327454,0.9900000095367432,0.9079999923706056,0.6740000247955322
36.18757247924805,0.7459999918937683,0.671999990940094,0.7739999890327454,0.9900000095367432,0.9079999923706056,0.6759999990463257
36.197577714920044,0.7440000176429749,0.6660000085830688,0.7739999890327454,0.9919999837875366,0.9100000262260436,0.6759999990463257
36.20769667625427,0.7440000176429749,0.6620000004768372,0.7739999890327454,0.9919999837875366,0.9120000004768372,0.6779999732971191
36.21751284599304,0.7419999837875366,0.6620000004768372,0.7739999890327454,0.9900000095367432,0.9120000004768372,0.6779999732971191
36.22777843475342,0.7419999837875366,0.6600000262260437,0.7739999890327454,0.9879999756813048,0.9139999747276306,0.6800000071525574
36.23762655258179,0.7419999837875366,0.6600000262260437,0.7739999890327454,0.9900000095367432,0.9139999747276306,0.6800000071525574
36.24808382987976,0.7419999837875366,0.6600000262260437,0.7739999890327454,0.9919999837875366,0.9160000085830688,0.6800000071525574
36.25772500038147,0.7400000095367432,0.6600000262260437,0.7739999890327454,0.9940000176429749,0.9179999828338624,0.6800000071525574
36.267762422561646,0.7400000095367432,0.6600000262260437,0.7739999890327454,0.9959999918937684,0.9200000166893004,0.6800000071525574
36.279075622558594,0.7400000095367432,0.6600000262260437,0.7739999890327454,0.9980000257492064,0.921999990940094,0.6779999732971191
36.28908681869507,0.7400000095367432,0.6600000262260437,0.7739999890327454,1.0,0.921999990940094,0.6779999732971191
36.297821283340454,0.7400000095367432,0.6600000262260437,0.7739999890327454,1.003999948501587,0.9240000247955322,0.6740000247955322
36.30760669708252,0.7400000095367432,0.6600000262260437,0.7760000228881836,1.0080000162124634,0.9279999732971193,0.6740000247955322
36.31759023666382,0.7400000095367432,0.6600000262260437,0.7760000228881836,1.0099999904632568,0.9300000071525574,0.6740000247955322
36.32759642601013,0.7400000095367432,0.6600000262260437,0.7760000228881836,1.0119999647140503,0.9319999814033508,0.671999990940094
36.33755922317505,0.7379999756813049,0.6600000262260437,0.7760000228881836,1.0160000324249268,0.9319999814033508,0.6700000166893005
36.347691774368286,0.7379999756813049,0.6600000262260437,0.7760000228881836,1.0180000066757202,0.9359999895095824,0.6700000166893005
36.35955190658569,0.7379999756813049,0.6600000262260437,0.7760000228881836,1.0219999551773071,0.9380000233650208,0.6679999828338623
36.37081003189087,0.7379999756813049,0.6600000262260437,0.777999997138977,1.0260000228881836,0.9399999976158142,0.6660000085830688
36.37794542312622,0.7379999756813049,0.6600000262260437,0.777999997138977,1.0299999713897705,0.9419999718666076,0.6600000262260437
36.387571573257446,0.7379999756813049,0.6620000004768372,0.777999997138977,1.031999945640564,0.944000005722046,0.6579999923706055
36.39772009849548,0.7379999756813049,0.6620000004768372,0.7799999713897705,1.0360000133514404,0.9459999799728394,0.6579999923706055
36.40758442878723,0.7360000014305115,0.6620000004768372,0.7799999713897705,1.0399999618530271,0.9459999799728394,0.656000018119812
36.4183509349823,0.7360000014305115,0.6620000004768372,0.7799999713897705,1.0440000295639038,0.9480000138282776,0.656000018119812
36.42742609977722,0.734000027179718,0.6620000004768372,0.7799999713897705,1.0479999780654907,0.949999988079071,0.6539999842643738
36.43750071525574,0.7319999933242798,0.6660000085830688,0.7799999713897705,1.0540000200271606,0.949999988079071,0.6539999842643738
36.44804310798645,0.7300000190734863,0.6700000166893005,0.7799999713897705,1.0579999685287476,0.9520000219345092,0.6539999842643738
36.45983576774597,0.7279999852180481,0.6700000166893005,0.7799999713897705,1.0640000104904177,0.9520000219345092,0.6539999842643738
36.468862771987915,0.7260000109672546,0.6740000247955322,0.7799999713897705,1.0679999589920044,0.9539999961853028,0.6539999842643738
36.47752380371094,0.722000002861023,0.6759999990463257,0.777999997138977,1.0740000009536743,0.9539999961853028,0.6539999842643738
36.487672567367554,0.7139999866485596,0.6779999732971191,0.7760000228881836,1.0759999752044678,0.9559999704360962,0.6539999842643738
36.49840235710144,0.7039999961853027,0.6819999814033508,0.7739999890327454,1.0800000429153442,0.9559999704360962,0.6539999842643738
36.50752782821655,0.6940000057220459,0.6840000152587891,0.7680000066757202,1.0859999656677246,0.9539999961853028,0.6539999842643738
36.51782274246216,0.6819999814033508,0.6859999895095825,0.7620000243186951,1.0880000591278076,0.9520000219345092,0.6539999842643738
36.52749681472778,0.6679999828338623,0.6880000233650208,0.7559999823570251,1.0920000076293943,0.949999988079071,0.6539999842643738
36.53791427612305,0.6579999923706055,0.6899999976158142,0.7440000176429749,1.0959999561309814,0.9459999799728394,0.6520000100135803
36.54762816429138,0.6520000100135803,0.6919999718666077,0.7319999933242798,1.0980000495910645,0.9380000233650208,0.6520000100135803
36.55910849571228,0.6460000276565552,0.6940000057220459,0.7160000205039978,1.1019999980926514,0.9020000100135804,0.6520000100135803
36.56829285621643,0.6439999938011169,0.6959999799728394,0.7059999704360962,1.1039999723434448,0.843999981880188,0.6520000100135803
36.57826232910156,0.6439999938011169,0.699999988079071,0.6919999718666077,1.1039999723434448,0.7839999794960022,0.6499999761581421
36.58893895149231,0.6439999938011169,0.7039999961853027,0.6859999895095825,1.1059999465942385,0.7599999904632568,0.6499999761581421
36.598503828048706,0.6399999856948853,0.7039999961853027,0.6819999814033508,1.1059999465942385,0.7519999742507935,0.6499999761581421
36.60773992538452,0.6399999856948853,0.6679999828338623,0.6759999990463257,1.1059999465942385,0.75,0.6499999761581421
36.6178834438324,0.6380000114440918,0.6600000262260437,0.6700000166893005,1.100000023841858,0.7519999742507935,0.6499999761581421
36.627631425857544,0.6359999775886536,0.6600000262260437,0.6660000085830688,1.0920000076293943,0.75,0.6499999761581421
36.63753700256348,0.6359999775886536,0.656000018119812,0.656000018119812,1.0700000524520874,0.7379999756813049,0.6499999761581421
36.64764952659607,0.6380000114440918,0.6520000100135803,0.6420000195503235,1.0479999780654907,0.7300000190734863,0.6520000100135803
36.657705307006836,0.6439999938011169,0.6480000019073486,0.6340000033378601,1.0099999904632568,0.7179999947547913,0.6539999842643738
36.66741728782654,0.6420000195503235,0.6460000276565552,0.6299999952316284,0.9639999866485596,0.7200000286102295,0.656000018119812
36.677921772003174,0.6359999775886536,0.6460000276565552,0.6299999952316284,0.9200000166893004,0.7200000286102295,0.656000018119812
36.68837809562683,0.6299999952316284,0.6439999938011169,0.6320000290870667,0.8659999966621399,0.7099999785423279,0.6579999923706055
36.69808053970337,0.628000020980835,0.6439999938011169,0.6340000033378601,0.7419999837875366,0.6859999895095825,0.6579999923706055
36.70778012275696,0.6299999952316284,0.6439999938011169,0.6340000033378601,0.7279999852180481,0.6660000085830688,0.6600000262260437
36.71774244308472,0.6299999952316284,0.6439999938011169,0.6359999775886536,0.7319999933242798,0.6600000262260437,0.6700000166893005
36.72833609580994,0.6299999952316284,0.6439999938011169,0.6359999775886536,0.7379999756813049,0.6620000004768372,0.6639999747276306
36.739519357681274,0.6299999952316284,0.6439999938011169,0.6359999775886536,0.7440000176429749,0.6660000085830688,0.6620000004768372
36.747679233551025,0.6299999952316284,0.6420000195503235,0.6359999775886536,0.7540000081062317,0.6759999990463257,0.6620000004768372
36.75757813453674,0.6299999952316284,0.6420000195503235,0.6359999775886536,0.7540000081062317,0.6779999732971191,0.6620000004768372
36.76776647567749,0.6299999952316284,0.6420000195503235,0.6359999775886536,0.7519999742507935,0.6779999732971191,0.6620000004768372
36.777695417404175,0.6299999952316284,0.6420000195503235,0.6359999775886536,0.75,0.6759999990463257,0.6620000004768372
36.787744998931885,0.6299999952316284,0.6420000195503235,0.6359999775886536,0.75,0.6759999990463257,0.6620000004768372
36.79841160774231,0.6299999952316284,0.6420000195503235,0.6359999775886536,0.75,0.6759999990463257,0.6620000004768372
36.80756688117981,0.6320000290870667,0.6420000195503235,0.6359999775886536,0.75,0.6740000247955322,0.6620000004768372
36.81749677658081,0.6320000290870667,0.6420000195503235,0.6359999775886536,0.7459999918937683,0.6740000247955322,0.6620000004768372
36.82757592201233,0.6320000290870667,0.6420000195503235,0.6359999775886536,0.7459999918937683,0.671999990940094,0.6620000004768372
36.83747935295105,0.6320000290870667,0.6420000195503235,0.6359999775886536,0.7459999918937683,0.6679999828338623,0.6620000004768372
36.84757471084595,0.6320000290870667,0.6420000195503235,0.6359999775886536,0.7440000176429749,0.6679999828338623,0.6620000004768372
36.859753131866455,0.6320000290870667,0.6420000195503235,0.6359999775886536,0.7440000176429749,0.6679999828338623,0.6620000004768372
36.867958784103394,0.6320000290870667,0.6420000195503235,0.6359999775886536,0.7419999837875366,0.6700000166893005,0.6620000004768372
36.877870321273804,0.6299999952316284,0.6420000195503235,0.6359999775886536,0.7440000176429749,0.6700000166893005,0.6620000004768372
36.8876736164093,0.6320000290870667,0.6420000195503235,0.6359999775886536,0.7419999837875366,0.671999990940094,0.6620000004768372
36.89769220352173,0.6320000290870667,0.6420000195503235,0.6359999775886536,0.7419999837875366,0.671999990940094,0.6620000004768372
36.908276081085205,0.6299999952316284,0.6420000195503235,0.6359999775886536,0.7419999837875366,0.671999990940094,0.6620000004768372
36.91850447654724,0.6299999952316284,0.6420000195503235,0.6359999775886536,0.7400000095367432,0.6700000166893005,0.6620000004768372
36.9276180267334,0.6299999952316284,0.6420000195503235,0.6359999775886536,0.7400000095367432,0.6700000166893005,0.6620000004768372
36.93774652481079,0.6299999952316284,0.6420000195503235,0.6359999775886536,0.7400000095367432,0.671999990940094,0.6620000004768372
36.94760274887085,0.6320000290870667,0.6420000195503235,0.6359999775886536,0.7400000095367432,0.671999990940094,0.6620000004768372
36.9579393863678,0.6299999952316284,0.6420000195503235,0.6359999775886536,0.7379999756813049,0.6700000166893005,0.6620000004768372
36.96751022338867,0.6320000290870667,0.6420000195503235,0.6359999775886536,0.7379999756813049,0.6679999828338623,0.6620000004768372
36.97757601737976,0.6320000290870667,0.6420000195503235,0.6359999775886536,0.7379999756813049,0.6679999828338623,0.6620000004768372
36.98761510848999,0.6320000290870667,0.6420000195503235,0.6359999775886536,0.7360000014305115,0.6660000085830688,0.6620000004768372
36.99764633178711,0.6320000290870667,0.6420000195503235,0.6359999775886536,0.7360000014305115,0.6660000085830688,0.6620000004768372
37.00773620605469,0.6320000290870667,0.6420000195503235,0.6359999775886536,0.7360000014305115,0.6679999828338623,0.6620000004768372
37.01905369758606,0.6320000290870667,0.6420000195503235,0.6359999775886536,0.734000027179718,0.6700000166893005,0.6600000262260437
37.02790379524231,0.6320000290870667,0.6420000195503235,0.6359999775886536,0.734000027179718,0.6700000166893005,0.6600000262260437
37.03812074661255,0.6320000290870667,0.6420000195503235,0.6359999775886536,0.734000027179718,0.6700000166893005,0.6600000262260437
37.047627210617065,0.6320000290870667,0.6420000195503235,0.6359999775886536,0.734000027179718,0.6700000166893005,0.6620000004768372
37.058125495910645,0.6320000290870667,0.6420000195503235,0.6359999775886536,0.734000027179718,0.6700000166893005,0.6620000004768372
37.0674889087677,0.6320000290870667,0.6420000195503235,0.6359999775886536,0.734000027179718,0.6700000166893005,0.6620000004768372
37.077494859695435,0.6320000290870667,0.6420000195503235,0.6359999775886536,0.734000027179718,0.6700000166893005,0.6600000262260437
37.08823895454407,0.6299999952316284,0.6420000195503235,0.6380000114440918,0.734000027179718,0.6579999923706055,0.6620000004768372
37.09763693809509,0.6320000290870667,0.6420000195503235,0.6439999938011169,0.722000002861023,0.6539999842643738,0.6740000247955322
37.10766315460205,0.6340000033378601,0.6420000195503235,0.6480000019073486,0.7200000286102295,0.6499999761581421,0.6800000071525574
37.11955428123474,0.6340000033378601,0.6420000195503235,0.6600000262260437,0.7080000042915344,0.6480000019073486,0.722000002861023
37.1277174949646,0.6320000290870667,0.6399999856948853,0.6600000262260437,0.7020000219345093,0.6499999761581421,0.7260000109672546
37.137537479400635,0.6480000019073486,0.6399999856948853,0.6639999747276306,0.699999988079071,0.6499999761581421,0.7239999771118164
37.14758324623108,0.6520000100135803,0.6399999856948853,0.671999990940094,0.7080000042915344,0.6499999761581421,0.722000002861023
37.157569885253906,0.6539999842643738,0.6399999856948853,0.6840000152587891,0.7239999771118164,0.6639999747276306,0.7179999947547913
37.16780090332031,0.6620000004768372,0.6399999856948853,0.6980000138282776,0.7419999837875366,0.7239999771118164,0.7160000205039978
37.1774582862854,0.6779999732971191,0.6399999856948853,0.7099999785423279,0.765999972820282,0.7440000176429749,0.7160000205039978
37.18760895729065,0.6859999895095825,0.6380000114440918,0.7160000205039978,0.777999997138977,0.7620000243186951,0.7139999866485596
37.19762563705444,0.6959999799728394,0.6399999856948853,0.722000002861023,0.8080000281333923,0.7820000052452087,0.7139999866485596
37.20824217796326,0.699999988079071,0.6399999856948853,0.7260000109672546,0.8299999833106995,0.7940000295639038,0.7139999866485596
37.217716217041016,0.7080000042915344,0.6420000195503235,0.7319999933242798,0.8519999980926514,0.8159999847412109,0.7139999866485596
37.22851204872131,0.7139999866485596,0.6420000195503235,0.7379999756813049,0.8700000047683716,0.8360000252723694,0.7120000123977661
37.237603425979614,0.7179999947547913,0.6439999938011169,0.7419999837875366,0.8799999952316284,0.8479999899864197,0.7099999785423279
37.24747610092163,0.722000002861023,0.6460000276565552,0.7459999918937683,0.8939999938011169,0.8579999804496765,0.7099999785423279
37.25887680053711,0.7260000109672546,0.6480000019073486,0.75,0.9020000100135804,0.8679999709129333,0.7080000042915344
37.26811742782593,0.7279999852180481,0.6499999761581421,0.7519999742507935,0.9079999923706056,0.8700000047683716,0.7080000042915344
37.27778697013855,0.7300000190734863,0.6520000100135803,0.7540000081062317,0.9120000004768372,0.8740000128746033,0.7059999704360962
37.287527561187744,0.7319999933242798,0.6520000100135803,0.7559999823570251,0.9120000004768372,0.8740000128746033,0.7039999961853027
37.297523736953735,0.7319999933242798,0.6539999842643738,0.7559999823570251,0.9139999747276306,0.8759999871253967,0.7020000219345093
37.30771207809448,0.734000027179718,0.6539999842643738,0.7559999823570251,0.9120000004768372,0.8759999871253967,0.699999988079071
37.31755971908569,0.734000027179718,0.6539999842643738,0.7559999823570251,0.9120000004768372,0.878000020980835,0.6980000138282776
37.32761287689209,0.734000027179718,0.6539999842643738,0.7580000162124634,0.9100000262260436,0.878000020980835,0.6940000057220459
37.33814978599548,0.734000027179718,0.6539999842643738,0.7580000162124634,0.9079999923706056,0.878000020980835,0.6919999718666077
37.347785234451294,0.734000027179718,0.6539999842643738,0.7580000162124634,0.9079999923706056,0.878000020980835,0.6899999976158142
37.35781192779541,0.7360000014305115,0.6539999842643738,0.7559999823570251,0.906000018119812,0.878000020980835,0.6880000233650208
37.36842632293701,0.7360000014305115,0.6539999842643738,0.7580000162124634,0.906000018119812,0.878000020980835,0.6880000233650208
37.377564907073975,0.7360000014305115,0.6539999842643738,0.7580000162124634,0.906000018119812,0.878000020980835,0.6859999895095825
37.38822531700134,0.7360000014305115,0.6539999842643738,0.7580000162124634,0.906000018119812,0.878000020980835,0.6859999895095825
37.3975396156311,0.7360000014305115,0.6539999842643738,0.7580000162124634,0.9039999842643738,0.878000020980835,0.6840000152587891
37.407540798187256,0.7379999756813049,0.6539999842643738,0.7580000162124634,0.906000018119812,0.878000020980835,0.6840000152587891
37.417579650878906,0.7379999756813049,0.6539999842643738,0.7599999904632568,0.906000018119812,0.878000020980835,0.6840000152587891
37.427812337875366,0.7400000095367432,0.6539999842643738,0.7599999904632568,0.9079999923706056,0.878000020980835,0.6840000152587891
37.437594413757324,0.7419999837875366,0.656000018119812,0.7620000243186951,0.9079999923706056,0.878000020980835,0.6840000152587891
37.44743609428406,0.7419999837875366,0.656000018119812,0.7620000243186951,0.9100000262260436,0.878000020980835,0.6819999814033508
37.457611322402954,0.7440000176429749,0.656000018119812,0.7639999985694885,0.9139999747276306,0.878000020980835,0.6819999814033508
37.4698531627655,0.7459999918937683,0.656000018119812,0.7639999985694885,0.9160000085830688,0.878000020980835,0.6819999814033508
37.47779989242554,0.7459999918937683,0.656000018119812,0.765999972820282,0.9200000166893004,0.8799999952316284,0.6819999814033508
37.48838996887207,0.7480000257492065,0.656000018119812,0.765999972820282,0.921999990940094,0.8799999952316284,0.6819999814033508
37.49772810935974,0.7480000257492065,0.6579999923706055,0.7680000066757202,0.9259999990463256,0.8820000290870667,0.6840000152587891
37.50914478302002,0.7480000257492065,0.6579999923706055,0.7680000066757202,0.9279999732971193,0.8840000033378601,0.6840000152587891
37.51759743690491,0.75,0.6579999923706055,0.7680000066757202,0.9319999814033508,0.8859999775886536,0.6840000152587891
37.52743482589722,0.75,0.6579999923706055,0.7699999809265137,0.9340000152587892,0.8880000114440918,0.6859999895095825
37.53781747817993,0.75,0.6579999923706055,0.7699999809265137,0.9359999895095824,0.8899999856948853,0.6859999895095825
37.547727823257446,0.75,0.6579999923706055,0.7720000147819519,0.9380000233650208,0.8920000195503235,0.6859999895095825
37.557560205459595,0.7519999742507935,0.656000018119812,0.7720000147819519,0.9399999976158142,0.8939999938011169,0.6840000152587891
37.569363832473755,0.7519999742507935,0.656000018119812,0.7720000147819519,0.9419999718666076,0.8980000019073486,0.6840000152587891
37.57771182060242,0.7519999742507935,0.656000018119812,0.7739999890327454,0.9419999718666076,0.8999999761581421,0.6819999814033508
37.58769750595093,0.7519999742507935,0.6579999923706055,0.7739999890327454,0.944000005722046,0.9020000100135804,0.6819999814033508
37.59875154495239,0.7519999742507935,0.6579999923706055,0.7739999890327454,0.9459999799728394,0.9020000100135804,0.6800000071525574
37.608603954315186,0.75,0.656000018119812,0.7739999890327454,0.9480000138282776,0.9039999842643738,0.6800000071525574
37.61782622337341,0.75,0.6579999923706055,0.7739999890327454,0.949999988079071,0.906000018119812,0.6800000071525574
37.62777900695801,0.75,0.6579999923706055,0.7739999890327454,0.9520000219345092,0.906000018119812,0.6800000071525574
37.63787651062012,0.75,0.6579999923706055,0.7739999890327454,0.9539999961853028,0.9079999923706056,0.6779999732971191
37.64778780937195,0.75,0.6579999923706055,0.7739999890327454,0.9559999704360962,0.9100000262260436,0.6779999732971191
37.65761041641235,0.7480000257492065,0.656000018119812,0.7760000228881836,0.9580000042915344,0.9100000262260436,0.6779999732971191
37.66751527786255,0.7480000257492065,0.656000018119812,0.7760000228881836,0.962000012397766,0.9120000004768372,0.6759999990463257
37.67753052711487,0.7480000257492065,0.656000018119812,0.7760000228881836,0.9639999866485596,0.9120000004768372,0.6759999990463257
37.68796491622925,0.7480000257492065,0.656000018119812,0.7760000228881836,0.9679999947547911,0.9139999747276306,0.6740000247955322
37.69747972488403,0.7480000257492065,0.656000018119812,0.7760000228881836,0.9700000286102296,0.9160000085830688,0.6740000247955322
37.70921063423157,0.7480000257492065,0.656000018119812,0.777999997138977,0.9760000109672546,0.9179999828338624,0.671999990940094
37.71874403953552,0.7480000257492065,0.656000018119812,0.777999997138977,0.9800000190734864,0.921999990940094,0.671999990940094
37.727938413619995,0.7480000257492065,0.656000018119812,0.777999997138977,0.9819999933242798,0.9240000247955322,0.6700000166893005
37.737892627716064,0.7480000257492065,0.656000018119812,0.777999997138977,0.9879999756813048,0.9240000247955322,0.6679999828338623
37.74738264083862,0.7480000257492065,0.656000018119812,0.7799999713897705,0.9919999837875366,0.9259999990463256,0.6660000085830688
37.75750422477722,0.7480000257492065,0.6579999923706055,0.7799999713897705,0.9980000257492064,0.9300000071525574,0.6620000004768372
37.76770901679993,0.7480000257492065,0.6579999923706055,0.7799999713897705,1.003999948501587,0.9319999814033508,0.6600000262260437
37.777687311172485,0.7480000257492065,0.6579999923706055,0.7820000052452087,1.0080000162124634,0.9340000152587892,0.6579999923706055
37.78768491744995,0.7480000257492065,0.6579999923706055,0.7820000052452087,1.0140000581741333,0.9380000233650208,0.656000018119812
37.797739028930664,0.7480000257492065,0.6579999923706055,0.7820000052452087,1.0199999809265137,0.9399999976158142,0.656000018119812
37.80833983421326,0.7459999918937683,0.6600000262260437,0.7820000052452087,1.0260000228881836,0.9419999718666076,0.6539999842643738
37.81773233413696,0.7459999918937683,0.6600000262260437,0.7820000052452087,1.0299999713897705,0.944000005722046,0.6539999842643738
37.827680587768555,0.7459999918937683,0.6600000262260437,0.7839999794960022,1.034000039100647,0.9459999799728394,0.6539999842643738
37.837727785110474,0.7459999918937683,0.6600000262260437,0.7839999794960022,1.0399999618530271,0.9480000138282776,0.6539999842643738
37.84769248962402,0.7440000176429749,0.6620000004768372,0.7839999794960022,1.0460000038146973,0.9480000138282776,0.6539999842643738
37.85777926445007,0.7419999837875366,0.6639999747276306,0.7839999794960022,1.0520000457763672,0.949999988079071,0.6539999842643738
37.86762809753418,0.7379999756813049,0.6679999828338623,0.7820000052452087,1.0579999685287476,0.9520000219345092,0.6539999842643738
37.877692222595215,0.7360000014305115,0.671999990940094,0.7820000052452087,1.062000036239624,0.9520000219345092,0.6539999842643738
37.8874933719635,0.7319999933242798,0.6759999990463257,0.7820000052452087,1.0679999589920044,0.9520000219345092,0.6539999842643738
37.897658824920654,0.7279999852180481,0.6800000071525574,0.7799999713897705,1.0740000009536743,0.9520000219345092,0.6539999842643738
37.90750217437744,0.7239999771118164,0.6840000152587891,0.777999997138977,1.0759999752044678,0.9520000219345092,0.6539999842643738
37.9180965423584,0.7139999866485596,0.6899999976158142,0.7739999890327454,1.0820000171661377,0.9520000219345092,0.6539999842643738
37.928224086761475,0.7039999961853027,0.6919999718666077,0.7699999809265137,1.0839999914169312,0.9480000138282776,0.6539999842643738
37.93833684921265,0.6919999718666077,0.6959999799728394,0.7620000243186951,1.0880000591278076,0.944000005722046,0.6539999842643738
37.947702407836914,0.6800000071525574,0.699999988079071,0.7540000081062317,1.0920000076293943,0.9380000233650208,0.6520000100135803
37.9581253528595,0.671999990940094,0.7020000219345093,0.7459999918937683,1.0959999561309814,0.9300000071525574,0.6520000100135803
37.96774363517761,0.6639999747276306,0.7059999704360962,0.734000027179718,1.100000023841858,0.9100000262260436,0.6520000100135803
37.97765636444092,0.6579999923706055,0.7080000042915344,0.722000002861023,1.1019999980926514,0.8799999952316284,0.6520000100135803
37.98761463165283,0.6520000100135803,0.7120000123977661,0.7099999785423279,1.1039999723434448,0.8259999752044678,0.6520000100135803
37.997740030288696,0.6499999761581421,0.7200000286102295,0.699999988079071,1.1059999465942385,0.7820000052452087,0.6499999761581421
38.008195638656616,0.6499999761581421,0.7260000109672546,0.6919999718666077,1.1059999465942385,0.7680000066757202,0.6499999761581421
38.01796102523804,0.6480000019073486,0.7260000109672546,0.6859999895095825,1.1080000400543213,0.7639999985694885,0.6499999761581421
38.02768135070801,0.6460000276565552,0.722000002861023,0.6819999814033508,1.1080000400543213,0.7599999904632568,0.6499999761581421
38.03753137588501,0.6420000195503235,0.7099999785423279,0.6779999732971191,1.1059999465942385,0.7599999904632568,0.6499999761581421
38.04888033866882,0.6420000195503235,0.6600000262260437,0.671999990940094,1.0980000495910645,0.7540000081062317,0.6499999761581421
38.05916881561279,0.6399999856948853,0.6579999923706055,0.6639999747276306,1.0880000591278076,0.7480000257492065,0.6499999761581421
38.067676305770874,0.6420000195503235,0.6539999842643738,0.6480000019073486,1.065999984741211,0.7319999933242798,0.6520000100135803
38.07846641540527,0.6460000276565552,0.6499999761581421,0.6399999856948853,1.0399999618530271,0.7200000286102295,0.6520000100135803
38.09019088745117,0.6439999938011169,0.6460000276565552,0.6320000290870667,1.0019999742507937,0.7239999771118164,0.6539999842643738
38.098265409469604,0.6380000114440918,0.6439999938011169,0.6299999952316284,0.962000012397766,0.7239999771118164,0.6539999842643738
38.107606410980225,0.6359999775886536,0.6420000195503235,0.6299999952316284,0.9179999828338624,0.7200000286102295,0.656000018119812
38.11754608154297,0.6299999952316284,0.6399999856948853,0.6320000290870667,0.8420000076293945,0.7139999866485596,0.656000018119812
38.12768578529358,0.6299999952316284,0.6399999856948853,0.6340000033378601,0.7419999837875366,0.6919999718666077,0.6579999923706055
38.13770818710327,0.6299999952316284,0.6399999856948853,0.6320000290870667,0.7239999771118164,0.6819999814033508,0.6579999923706055
38.14814281463623,0.6320000290870667,0.6399999856948853,0.6320000290870667,0.722000002861023,0.6700000166893005,0.6660000085830688
38.157785415649414,0.6320000290870667,0.6399999856948853,0.6320000290870667,0.7279999852180481,0.6700000166893005,0.6639999747276306
38.17195916175842,0.6320000290870667,0.6399999856948853,0.6320000290870667,0.734000027179718,0.6700000166893005,0.6620000004768372
38.17742943763733,0.6320000290870667,0.6399999856948853,0.6340000033378601,0.7400000095367432,0.6800000071525574,0.6620000004768372
38.18751049041748,0.6320000290870667,0.6399999856948853,0.6340000033378601,0.7440000176429749,0.6819999814033508,0.6620000004768372
38.19836115837097,0.6320000290870667,0.6399999856948853,0.6340000033378601,0.7419999837875366,0.6819999814033508,0.6620000004768372
38.208285331726074,0.6320000290870667,0.6399999856948853,0.6340000033378601,0.7419999837875366,0.6819999814033508,0.6620000004768372
38.21772265434265,0.6320000290870667,0.6399999856948853,0.6340000033378601,0.7419999837875366,0.6819999814033508,0.6620000004768372
38.22770142555237,0.6320000290870667,0.6399999856948853,0.6340000033378601,0.7419999837875366,0.6819999814033508,0.6620000004768372
38.23775601387024,0.6320000290870667,0.6399999856948853,0.6340000033378601,0.7419999837875366,0.6800000071525574,0.6620000004768372
38.24750995635986,0.6320000290870667,0.6420000195503235,0.6340000033378601,0.7400000095367432,0.6779999732971191,0.6620000004768372
38.25758171081543,0.6320000290870667,0.6399999856948853,0.6340000033378601,0.7400000095367432,0.6779999732971191,0.6620000004768372
38.26747679710388,0.6320000290870667,0.6420000195503235,0.6340000033378601,0.7400000095367432,0.6759999990463257,0.6620000004768372
38.27809691429138,0.6320000290870667,0.6420000195503235,0.6340000033378601,0.7400000095367432,0.6759999990463257,0.6620000004768372
38.290231227874756,0.6320000290870667,0.6420000195503235,0.6340000033378601,0.7400000095367432,0.6759999990463257,0.6620000004768372
38.29770112037659,0.6320000290870667,0.6420000195503235,0.6340000033378601,0.7400000095367432,0.6779999732971191,0.6620000004768372
38.30810809135437,0.6320000290870667,0.6399999856948853,0.6340000033378601,0.7379999756813049,0.6779999732971191,0.6620000004768372
38.31916308403015,0.6320000290870667,0.6420000195503235,0.6340000033378601,0.7360000014305115,0.6779999732971191,0.6620000004768372
38.327508211135864,0.6320000290870667,0.6399999856948853,0.6340000033378601,0.7360000014305115,0.6800000071525574,0.6620000004768372
38.337828636169434,0.6320000290870667,0.6420000195503235,0.6340000033378601,0.734000027179718,0.6800000071525574,0.6620000004768372
38.347673654556274,0.6320000290870667,0.6420000195503235,0.6340000033378601,0.7360000014305115,0.6779999732971191,0.6620000004768372
38.357571840286255,0.6320000290870667,0.6420000195503235,0.6340000033378601,0.734000027179718,0.6779999732971191,0.6620000004768372
38.36763596534729,0.6320000290870667,0.6420000195503235,0.6340000033378601,0.734000027179718,0.6779999732971191,0.6620000004768372
38.37800693511963,0.6320000290870667,0.6420000195503235,0.6340000033378601,0.7319999933242798,0.6779999732971191,0.6620000004768372
38.38761281967163,0.6320000290870667,0.6420000195503235,0.6340000033378601,0.7319999933242798,0.6779999732971191,0.6620000004768372
38.398353099823,0.6320000290870667,0.6420000195503235,0.6340000033378601,0.7319999933242798,0.6779999732971191,0.6620000004768372
38.408571004867554,0.6320000290870667,0.6399999856948853,0.6340000033378601,0.7319999933242798,0.6779999732971191,0.6620000004768372
38.417967557907104,0.6320000290870667,0.6420000195503235,0.6340000033378601,0.7300000190734863,0.6779999732971191,0.6620000004768372
38.42814373970032,0.6320000290870667,0.6420000195503235,0.6340000033378601,0.7300000190734863,0.6779999732971191,0.6620000004768372
38.43903970718384,0.6320000290870667,0.6420000195503235,0.6340000033378601,0.7319999933242798,0.6779999732971191,0.6620000004768372
38.44774270057678,0.6320000290870667,0.6420000195503235,0.6340000033378601,0.7319999933242798,0.6779999732971191,0.6620000004768372
38.457531213760376,0.6320000290870667,0.6420000195503235,0.6340000033378601,0.7319999933242798,0.6779999732971191,0.6600000262260437
38.46792197227478,0.6320000290870667,0.6420000195503235,0.6340000033378601,0.7319999933242798,0.6759999990463257,0.6620000004768372
38.477556467056274,0.6320000290870667,0.6420000195503235,0.6359999775886536,0.7319999933242798,0.6779999732971191,0.6620000004768372
38.48769688606262,0.6320000290870667,0.6420000195503235,0.6359999775886536,0.7319999933242798,0.6779999732971191,0.6620000004768372
38.497581005096436,0.6320000290870667,0.6420000195503235,0.6359999775886536,0.7319999933242798,0.6759999990463257,0.6620000004768372
38.50887370109558,0.6320000290870667,0.6420000195503235,0.6359999775886536,0.7319999933242798,0.6779999732971191,0.6620000004768372
38.51845169067383,0.6320000290870667,0.6420000195503235,0.6359999775886536,0.7319999933242798,0.6779999732971191,0.6620000004768372
38.52780818939209,0.6320000290870667,0.6420000195503235,0.6359999775886536,0.7319999933242798,0.6759999990463257,0.6620000004768372
38.53906202316284,0.6299999952316284,0.6420000195503235,0.6380000114440918,0.7319999933242798,0.6579999923706055,0.6639999747276306
38.54789423942566,0.6320000290870667,0.6399999856948853,0.6420000195503235,0.722000002861023,0.6539999842643738,0.6740000247955322
38.557599782943726,0.6359999775886536,0.6399999856948853,0.6499999761581421,0.7200000286102295,0.6499999761581421,0.6919999718666077
38.567593574523926,0.6359999775886536,0.6399999856948853,0.6600000262260437,0.7059999704360962,0.6480000019073486,0.7239999771118164
38.57755899429321,0.6499999761581421,0.6399999856948853,0.671999990940094,0.6980000138282776,0.6499999761581421,0.7279999852180481
38.58773612976074,0.6620000004768372,0.6420000195503235,0.6919999718666077,0.7139999866485596,0.6940000057220459,0.7260000109672546
38.59744715690613,0.6600000262260437,0.6420000195503235,0.6959999799728394,0.734000027179718,0.7039999961853027,0.722000002861023
38.608182430267334,0.6700000166893005,0.6420000195503235,0.7080000042915344,0.7459999918937683,0.7360000014305115,0.7179999947547913
38.61812782287598,0.6880000233650208,0.6420000195503235,0.7179999947547913,0.7620000243186951,0.7599999904632568,0.7160000205039978
38.6278817653656,0.6959999799728394,0.6420000195503235,0.722000002861023,0.7739999890327454,0.7720000147819519,0.7120000123977661
38.63821578025818,0.7059999704360962,0.6420000195503235,0.7279999852180481,0.8080000281333923,0.7860000133514404,0.7120000123977661
38.647950887680054,0.7120000123977661,0.6420000195503235,0.7319999933242798,0.828000009059906,0.7940000295639038,0.7120000123977661
38.657971143722534,0.7200000286102295,0.6420000195503235,0.7360000014305115,0.8420000076293945,0.8059999942779541,0.7120000123977661
38.66776251792908,0.7260000109672546,0.6460000276565552,0.7400000095367432,0.8560000061988831,0.8180000185966492,0.7099999785423279
38.67796492576599,0.7300000190734863,0.6460000276565552,0.7440000176429749,0.8619999885559082,0.8240000009536743,0.7099999785423279
38.687501430511475,0.7319999933242798,0.6480000019073486,0.7480000257492065,0.8700000047683716,0.8299999833106995,0.7080000042915344
38.69750094413757,0.734000027179718,0.6480000019073486,0.75,0.8759999871253967,0.8360000252723694,0.7080000042915344
38.7077796459198,0.7360000014305115,0.6499999761581421,0.7519999742507935,0.8799999952316284,0.8420000076293945,0.7080000042915344
38.72132658958435,0.7360000014305115,0.6499999761581421,0.7540000081062317,0.8840000033378601,0.8460000157356262,0.7059999704360962
38.727643728256226,0.7379999756813049,0.6499999761581421,0.7540000081062317,0.8840000033378601,0.8479999899864197,0.7039999961853027
38.73839521408081,0.7379999756813049,0.6520000100135803,0.7540000081062317,0.8840000033378601,0.8500000238418579,0.7020000219345093
38.74763512611389,0.7379999756813049,0.6520000100135803,0.7540000081062317,0.8840000033378601,0.8519999980926514,0.7020000219345093
38.75775957107544,0.7379999756813049,0.6520000100135803,0.7559999823570251,0.8820000290870667,0.8539999723434448,0.699999988079071
38.76791548728943,0.7379999756813049,0.6520000100135803,0.7559999823570251,0.8799999952316284,0.8539999723434448,0.6980000138282776
38.77807116508484,0.7400000095367432,0.6520000100135803,0.7559999823570251,0.878000020980835,0.8539999723434448,0.6980000138282776
38.78741955757141,0.7400000095367432,0.6520000100135803,0.7559999823570251,0.8759999871253967,0.8539999723434448,0.6980000138282776
38.797481298446655,0.7400000095367432,0.6520000100135803,0.7559999823570251,0.8759999871253967,0.8539999723434448,0.6959999799728394
38.807565212249756,0.7400000095367432,0.6520000100135803,0.7559999823570251,0.8759999871253967,0.8539999723434448,0.6959999799728394
38.817418336868286,0.7419999837875366,0.6520000100135803,0.7559999823570251,0.8759999871253967,0.8519999980926514,0.6959999799728394
38.827576637268066,0.7419999837875366,0.6520000100135803,0.7559999823570251,0.8759999871253967,0.8519999980926514,0.6959999799728394
38.83821749687195,0.7419999837875366,0.6520000100135803,0.7580000162124634,0.8759999871253967,0.8500000238418579,0.6959999799728394
38.848363637924194,0.7440000176429749,0.6520000100135803,0.7580000162124634,0.8759999871253967,0.8500000238418579,0.6959999799728394
38.85816955566406,0.7440000176429749,0.6520000100135803,0.7580000162124634,0.8759999871253967,0.8500000238418579,0.6959999799728394
38.867493629455566,0.7459999918937683,0.6520000100135803,0.7599999904632568,0.8759999871253967,0.8500000238418579,0.6959999799728394
38.87792658805847,0.7459999918937683,0.6520000100135803,0.7599999904632568,0.8759999871253967,0.8500000238418579,0.6959999799728394
38.88773989677429,0.7480000257492065,0.6520000100135803,0.7599999904632568,0.8759999871253967,0.8500000238418579,0.6959999799728394
38.897581338882446,0.7480000257492065,0.6520000100135803,0.7620000243186951,0.878000020980835,0.8500000238418579,0.6959999799728394
38.907610177993774,0.7480000257492065,0.6520000100135803,0.7620000243186951,0.8799999952316284,0.8519999980926514,0.6940000057220459
38.91748332977295,0.75,0.6520000100135803,0.7639999985694885,0.8820000290870667,0.8519999980926514,0.6940000057220459
38.927738904953,0.75,0.6520000100135803,0.7639999985694885,0.8820000290870667,0.8539999723434448,0.6959999799728394
38.9383385181427,0.7519999742507935,0.6520000100135803,0.7639999985694885,0.8840000033378601,0.8560000061988831,0.6959999799728394
38.94770836830139,0.7519999742507935,0.6520000100135803,0.765999972820282,0.8859999775886536,0.8579999804496765,0.6959999799728394
38.9576301574707,0.7519999742507935,0.6520000100135803,0.765999972820282,0.8880000114440918,0.8579999804496765,0.6959999799728394
38.967422008514404,0.7519999742507935,0.6520000100135803,0.7680000066757202,0.8920000195503235,0.8600000143051147,0.6959999799728394
38.977439641952515,0.7540000081062317,0.6520000100135803,0.7680000066757202,0.8939999938011169,0.8619999885559082,0.6959999799728394
38.98817682266235,0.7540000081062317,0.6520000100135803,0.7680000066757202,0.8960000276565552,0.8640000224113464,0.6940000057220459
39.00228261947632,0.7540000081062317,0.6520000100135803,0.7699999809265137,0.8980000019073486,0.8640000224113464,0.6919999718666077
39.00743055343628,0.7540000081062317,0.6539999842643738,0.7699999809265137,0.8999999761581421,0.8659999966621399,0.6899999976158142
39.017497539520264,0.7559999823570251,0.6539999842643738,0.7720000147819519,0.9020000100135804,0.8679999709129333,0.6899999976158142
39.02804923057556,0.7559999823570251,0.6539999842643738,0.7720000147819519,0.9039999842643738,0.8679999709129333,0.6880000233650208
39.03742074966431,0.7559999823570251,0.6539999842643738,0.7720000147819519,0.9079999923706056,0.8700000047683716,0.6859999895095825
39.0493049621582,0.7559999823570251,0.656000018119812,0.7720000147819519,0.9100000262260436,0.871999979019165,0.6840000152587891
39.05798029899597,0.7580000162124634,0.656000018119812,0.7739999890327454,0.9120000004768372,0.8740000128746033,0.6840000152587891
39.067580223083496,0.7580000162124634,0.6579999923706055,0.7739999890327454,0.9160000085830688,0.8759999871253967,0.6840000152587891
39.07754135131836,0.7580000162124634,0.656000018119812,0.7739999890327454,0.9200000166893004,0.878000020980835,0.6819999814033508
39.087446451187134,0.7580000162124634,0.6579999923706055,0.7739999890327454,0.9259999990463256,0.8799999952316284,0.6819999814033508
39.0974817276001,0.7559999823570251,0.656000018119812,0.7760000228881836,0.9300000071525574,0.8820000290870667,0.6800000071525574
39.10791230201721,0.7559999823570251,0.656000018119812,0.7760000228881836,0.9340000152587892,0.8840000033378601,0.6800000071525574
39.11864423751831,0.7559999823570251,0.656000018119812,0.7760000228881836,0.9399999976158142,0.8880000114440918,0.6779999732971191
39.12756562232971,0.7559999823570251,0.6579999923706055,0.7760000228881836,0.944000005722046,0.8920000195503235,0.6759999990463257
39.13777804374695,0.7540000081062317,0.6579999923706055,0.7760000228881836,0.9480000138282776,0.8960000276565552,0.6759999990463257
39.147486448287964,0.7540000081062317,0.6579999923706055,0.777999997138977,0.9520000219345092,0.8999999761581421,0.6740000247955322
39.15787100791931,0.7540000081062317,0.6579999923706055,0.777999997138977,0.9559999704360962,0.9039999842643738,0.671999990940094
39.16852521896362,0.7540000081062317,0.6600000262260437,0.777999997138977,0.959999978542328,0.9079999923706056,0.671999990940094
39.17927074432373,0.7540000081062317,0.6600000262260437,0.777999997138977,0.9660000205039978,0.9120000004768372,0.6700000166893005
39.18815326690674,0.7540000081062317,0.6600000262260437,0.7799999713897705,0.972000002861023,0.9160000085830688,0.6700000166893005
39.197468519210815,0.7519999742507935,0.6620000004768372,0.7799999713897705,0.977999985218048,0.921999990940094,0.6679999828338623
39.20773911476135,0.7519999742507935,0.6639999747276306,0.7799999713897705,0.9819999933242798,0.9240000247955322,0.6660000085830688
39.217586278915405,0.7519999742507935,0.6660000085830688,0.7820000052452087,0.9860000014305116,0.9279999732971193,0.6600000262260437
39.227978467941284,0.7519999742507935,0.6679999828338623,0.7820000052452087,0.9919999837875366,0.9319999814033508,0.6600000262260437
39.238760471343994,0.7519999742507935,0.6700000166893005,0.7820000052452087,0.9959999918937684,0.9359999895095824,0.6579999923706055
39.2474365234375,0.7519999742507935,0.6740000247955322,0.7839999794960022,1.003999948501587,0.9380000233650208,0.6579999923706055
39.257429122924805,0.7519999742507935,0.6759999990463257,0.7839999794960022,1.0080000162124634,0.9419999718666076,0.656000018119812
39.26770257949829,0.7519999742507935,0.6800000071525574,0.7839999794960022,1.0140000581741333,0.9459999799728394,0.656000018119812
39.27759766578674,0.7519999742507935,0.6840000152587891,0.7839999794960022,1.0199999809265137,0.9480000138282776,0.6539999842643738
39.28765082359314,0.7519999742507935,0.6880000233650208,0.7839999794960022,1.0260000228881836,0.949999988079071,0.6539999842643738
39.29906129837036,0.75,0.6899999976158142,0.7839999794960022,1.031999945640564,0.9520000219345092,0.6539999842643738
39.3076856136322,0.7480000257492065,0.6919999718666077,0.7839999794960022,1.037999987602234,0.9520000219345092,0.6539999842643738
39.31798481941223,0.7480000257492065,0.6940000057220459,0.7839999794960022,1.0440000295639038,0.9539999961853028,0.6539999842643738
39.32754397392273,0.7440000176429749,0.6980000138282776,0.7839999794960022,1.0499999523162842,0.9539999961853028,0.6539999842643738
39.337939500808716,0.7400000095367432,0.699999988079071,0.7839999794960022,1.055999994277954,0.9539999961853028,0.6539999842643738
39.34754681587219,0.7360000014305115,0.7020000219345093,0.7820000052452087,1.062000036239624,0.9539999961853028,0.6539999842643738
39.35748100280762,0.7319999933242798,0.7039999961853027,0.7820000052452087,1.065999984741211,0.9539999961853028,0.6539999842643738
39.368374824523926,0.7279999852180481,0.7059999704360962,0.7799999713897705,1.0700000524520874,0.9539999961853028,0.6539999842643738
39.3776376247406,0.7179999947547913,0.7099999785423279,0.7739999890327454,1.0759999752044678,0.9520000219345092,0.6539999842643738
39.3876633644104,0.7059999704360962,0.7120000123977661,0.7680000066757202,1.0779999494552612,0.949999988079071,0.6539999842643738
39.39747190475464,0.6919999718666077,0.7139999866485596,0.7599999904632568,1.0820000171661377,0.944000005722046,0.6539999842643738
39.40765571594238,0.6800000071525574,0.7179999947547913,0.7459999918937683,1.0859999656677246,0.9359999895095824,0.6520000100135803
39.417813301086426,0.6679999828338623,0.7200000286102295,0.7319999933242798,1.090000033378601,0.9300000071525574,0.6520000100135803
39.42899560928345,0.6579999923706055,0.7239999771118164,0.7179999947547913,1.093999981880188,0.906000018119812,0.6520000100135803
39.43981647491455,0.6520000100135803,0.7279999852180481,0.7059999704360962,1.0959999561309814,0.8379999995231628,0.6520000100135803
39.44893550872803,0.6499999761581421,0.7300000190734863,0.7020000219345093,1.0980000495910645,0.8040000200271606,0.6520000100135803
39.45772314071655,0.6499999761581421,0.7319999933242798,0.6959999799728394,1.0980000495910645,0.7720000147819519,0.6499999761581421
39.46820282936096,0.6499999761581421,0.7319999933242798,0.6899999976158142,1.0980000495910645,0.7620000243186951,0.6499999761581421
39.47875714302063,0.6480000019073486,0.7319999933242798,0.6840000152587891,1.100000023841858,0.7580000162124634,0.6499999761581421
39.48820948600769,0.6460000276565552,0.7239999771118164,0.6779999732971191,1.0959999561309814,0.7540000081062317,0.6499999761581421
39.497973918914795,0.6460000276565552,0.7020000219345093,0.671999990940094,1.0920000076293943,0.7540000081062317,0.6499999761581421
39.50762462615967,0.6460000276565552,0.6579999923706055,0.6600000262260437,1.0800000429153442,0.7559999823570251,0.6499999761581421
39.517425775527954,0.6460000276565552,0.656000018119812,0.6460000276565552,1.065999984741211,0.7360000014305115,0.6520000100135803
39.52751445770264,0.6460000276565552,0.6539999842643738,0.6340000033378601,1.031999945640564,0.7279999852180481,0.6520000100135803
39.537537813186646,0.6439999938011169,0.6499999761581421,0.6299999952316284,0.9980000257492064,0.7300000190734863,0.6539999842643738
39.5481538772583,0.6399999856948853,0.6480000019073486,0.6299999952316284,0.9700000286102296,0.7160000205039978,0.6539999842643738
39.558313608169556,0.6340000033378601,0.6439999938011169,0.628000020980835,0.921999990940094,0.7080000042915344,0.6539999842643738
39.56768274307251,0.6299999952316284,0.6420000195503235,0.628000020980835,0.878000020980835,0.7059999704360962,0.656000018119812
39.577778816223145,0.628000020980835,0.6399999856948853,0.6320000290870667,0.7639999985694885,0.7020000219345093,0.6579999923706055
39.58748269081116,0.6299999952316284,0.6399999856948853,0.6320000290870667,0.722000002861023,0.6880000233650208,0.6579999923706055
39.597984313964844,0.6340000033378601,0.6399999856948853,0.6299999952316284,0.7200000286102295,0.6759999990463257,0.6639999747276306
39.60827612876892,0.6340000033378601,0.6399999856948853,0.6299999952316284,0.7239999771118164,0.6700000166893005,0.6660000085830688
39.620235443115234,0.6320000290870667,0.6399999856948853,0.6299999952316284,0.7360000014305115,0.6759999990463257,0.6620000004768372
39.62757420539856,0.6320000290870667,0.6399999856948853,0.6299999952316284,0.7419999837875366,0.6800000071525574,0.6620000004768372
39.637603521347046,0.6320000290870667,0.6399999856948853,0.6299999952316284,0.7459999918937683,0.6840000152587891,0.6620000004768372
39.64788556098938,0.6320000290870667,0.6399999856948853,0.6299999952316284,0.7459999918937683,0.6840000152587891,0.6620000004768372
39.65850281715393,0.6320000290870667,0.6399999856948853,0.6299999952316284,0.7459999918937683,0.6840000152587891,0.6620000004768372
39.66887974739075,0.6320000290870667,0.6399999856948853,0.6299999952316284,0.7440000176429749,0.6840000152587891,0.6620000004768372
39.67762589454651,0.6320000290870667,0.6399999856948853,0.6299999952316284,0.7440000176429749,0.6840000152587891,0.6620000004768372
39.68807792663574,0.6320000290870667,0.6399999856948853,0.6299999952316284,0.7440000176429749,0.6840000152587891,0.6620000004768372
39.69830870628357,0.6320000290870667,0.6399999856948853,0.6299999952316284,0.7419999837875366,0.6819999814033508,0.6620000004768372
39.70753335952759,0.6320000290870667,0.6399999856948853,0.6299999952316284,0.7419999837875366,0.6800000071525574,0.6620000004768372
39.71812629699707,0.6320000290870667,0.6399999856948853,0.6299999952316284,0.7419999837875366,0.6800000071525574,0.6620000004768372
39.72920632362366,0.6320000290870667,0.6399999856948853,0.6299999952316284,0.7400000095367432,0.6800000071525574,0.6620000004768372
39.74141573905945,0.6320000290870667,0.6399999856948853,0.6299999952316284,0.7400000095367432,0.6800000071525574,0.6620000004768372
39.74748873710632,0.6320000290870667,0.6399999856948853,0.6299999952316284,0.7419999837875366,0.6800000071525574,0.6620000004768372
39.75757646560669,0.6320000290870667,0.6399999856948853,0.6299999952316284,0.7400000095367432,0.6819999814033508,0.6620000004768372
39.76759457588196,0.6320000290870667,0.6399999856948853,0.6299999952316284,0.7400000095367432,0.6819999814033508,0.6620000004768372
39.77941942214966,0.6320000290870667,0.6399999856948853,0.6299999952316284,0.7400000095367432,0.6819999814033508,0.6620000004768372
39.787994623184204,0.6320000290870667,0.6399999856948853,0.6299999952316284,0.7379999756813049,0.6819999814033508,0.6620000004768372
39.79745292663574,0.6320000290870667,0.6399999856948853,0.6299999952316284,0.7379999756813049,0.6819999814033508,0.6620000004768372
39.80760884284973,0.6320000290870667,0.6399999856948853,0.6299999952316284,0.7379999756813049,0.6819999814033508,0.6620000004768372
39.8174467086792,0.6320000290870667,0.6399999856948853,0.6299999952316284,0.7360000014305115,0.6819999814033508,0.6620000004768372
39.82806205749512,0.6320000290870667,0.6399999856948853,0.6299999952316284,0.7360000014305115,0.6819999814033508,0.6620000004768372
39.83794450759888,0.6320000290870667,0.6399999856948853,0.6299999952316284,0.7319999933242798,0.6819999814033508,0.6620000004768372
39.84757161140442,0.6320000290870667,0.6399999856948853,0.6299999952316284,0.7300000190734863,0.6800000071525574,0.6620000004768372
39.85748052597046,0.6320000290870667,0.6420000195503235,0.6299999952316284,0.7300000190734863,0.6800000071525574,0.6620000004768372
39.86777853965759,0.6320000290870667,0.6399999856948853,0.6299999952316284,0.7300000190734863,0.6800000071525574,0.6620000004768372
39.87743401527405,0.6320000290870667,0.6399999856948853,0.6299999952316284,0.7300000190734863,0.6800000071525574,0.6620000004768372
39.88854742050171,0.6340000033378601,0.6399999856948853,0.6320000290870667,0.7300000190734863,0.6800000071525574,0.6600000262260437
39.8979856967926,0.6340000033378601,0.6399999856948853,0.6320000290870667,0.7300000190734863,0.6800000071525574,0.6600000262260437
39.90884757041931,0.6340000033378601,0.6420000195503235,0.6320000290870667,0.7279999852180481,0.6800000071525574,0.6600000262260437
39.9175763130188,0.6340000033378601,0.6399999856948853,0.6320000290870667,0.7300000190734863,0.6819999814033508,0.6600000262260437
39.92746663093567,0.6340000033378601,0.6399999856948853,0.6320000290870667,0.7279999852180481,0.6840000152587891,0.6600000262260437
39.937474727630615,0.6320000290870667,0.6399999856948853,0.6340000033378601,0.7300000190734863,0.6759999990463257,0.6620000004768372
39.948845624923706,0.6320000290870667,0.6399999856948853,0.6399999856948853,0.7279999852180481,0.656000018119812,0.6740000247955322
39.95975971221924,0.6340000033378601,0.6420000195503235,0.6420000195503235,0.7200000286102295,0.6520000100135803,0.6859999895095825
39.967445611953735,0.6399999856948853,0.6399999856948853,0.6460000276565552,0.7200000286102295,0.6499999761581421,0.7080000042915344
39.977466106414795,0.6299999952316284,0.6399999856948853,0.6579999923706055,0.699999988079071,0.6499999761581421,0.7279999852180481
39.98743295669556,0.6320000290870667,0.6399999856948853,0.6700000166893005,0.6980000138282776,0.6480000019073486,0.7279999852180481
39.99835419654846,0.6579999923706055,0.6399999856948853,0.6819999814033508,0.6980000138282776,0.6480000019073486,0.7260000109672546
40.008087396621704,0.6600000262260437,0.6399999856948853,0.6899999976158142,0.7200000286102295,0.6520000100135803,0.722000002861023
40.017725706100464,0.6700000166893005,0.6420000195503235,0.7039999961853027,0.7300000190734863,0.6959999799728394,0.7179999947547913
40.02756190299988,0.6919999718666077,0.6420000195503235,0.7139999866485596,0.7400000095367432,0.7360000014305115,0.7120000123977661
40.03750133514404,0.7020000219345093,0.6399999856948853,0.7200000286102295,0.7440000176429749,0.7540000081062317,0.7120000123977661
40.0477774143219,0.7120000123977661,0.6399999856948853,0.7260000109672546,0.7519999742507935,0.7720000147819519,0.7120000123977661
40.05750632286072,0.7179999947547913,0.6399999856948853,0.7300000190734863,0.7639999985694885,0.7820000052452087,0.7120000123977661
40.06754660606384,0.7260000109672546,0.6399999856948853,0.734000027179718,0.7900000214576721,0.7940000295639038,0.7120000123977661
40.07801413536072,0.7319999933242798,0.6420000195503235,0.7379999756813049,0.8119999766349792,0.800000011920929,0.7120000123977661
40.08983635902405,0.734000027179718,0.6439999938011169,0.7419999837875366,0.8220000267028809,0.8059999942779541,0.7099999785423279
40.097718477249146,0.7379999756813049,0.6460000276565552,0.7440000176429749,0.828000009059906,0.8119999766349792,0.7099999785423279
40.10771322250366,0.7400000095367432,0.6480000019073486,0.7480000257492065,0.8320000171661377,0.8159999847412109,0.7080000042915344
40.1173996925354,0.7400000095367432,0.6480000019073486,0.75,0.8360000252723694,0.8199999928474426,0.7080000042915344
40.12796497344971,0.7419999837875366,0.6480000019073486,0.7519999742507935,0.8379999995231628,0.8220000267028809,0.7059999704360962
40.13753700256348,0.7419999837875366,0.6480000019073486,0.7519999742507935,0.8379999995231628,0.8220000267028809,0.7059999704360962
40.147682428359985,0.7440000176429749,0.6480000019073486,0.7540000081062317,0.8379999995231628,0.8240000009536743,0.7039999961853027
40.15755891799927,0.7440000176429749,0.6480000019073486,0.7540000081062317,0.8360000252723694,0.8240000009536743,0.7020000219345093
40.16747164726257,0.7440000176429749,0.6480000019073486,0.7540000081062317,0.8339999914169312,0.8240000009536743,0.7020000219345093
40.17747521400452,0.7440000176429749,0.6480000019073486,0.7540000081062317,0.8320000171661377,0.8220000267028809,0.699999988079071
40.18795371055603,0.7440000176429749,0.6480000019073486,0.7540000081062317,0.8299999833106995,0.8220000267028809,0.699999988079071
40.198862075805664,0.7459999918937683,0.6480000019073486,0.7540000081062317,0.828000009059906,0.8199999928474426,0.6980000138282776
40.20764970779419,0.7459999918937683,0.6480000019073486,0.7540000081062317,0.8240000009536743,0.8180000185966492,0.6959999799728394
40.2176468372345,0.7459999918937683,0.6480000019073486,0.7540000081062317,0.8220000267028809,0.8159999847412109,0.6959999799728394
40.227635622024536,0.7480000257492065,0.6480000019073486,0.7540000081062317,0.8199999928474426,0.8159999847412109,0.6959999799728394
40.23781776428223,0.7480000257492065,0.6480000019073486,0.7559999823570251,0.8159999847412109,0.8140000104904175,0.6959999799728394
40.24816179275513,0.7480000257492065,0.6480000019073486,0.7559999823570251,0.8140000104904175,0.8140000104904175,0.6959999799728394
40.25832509994507,0.7480000257492065,0.6480000019073486,0.7559999823570251,0.8100000023841858,0.8119999766349792,0.6959999799728394
40.26802062988281,0.75,0.6480000019073486,0.7559999823570251,0.8080000281333923,0.8119999766349792,0.6980000138282776
40.27759289741516,0.75,0.6480000019073486,0.7559999823570251,0.8059999942779541,0.8100000023841858,0.6980000138282776
40.288527965545654,0.75,0.6480000019073486,0.7559999823570251,0.8040000200271606,0.8100000023841858,0.699999988079071
40.297446489334106,0.75,0.6460000276565552,0.7559999823570251,0.800000011920929,0.8080000281333923,0.699999988079071
40.310757637023926,0.75,0.6460000276565552,0.7559999823570251,0.800000011920929,0.8080000281333923,0.7020000219345093
40.31786012649536,0.75,0.6460000276565552,0.7559999823570251,0.8019999861717224,0.8100000023841858,0.7020000219345093
40.32913541793823,0.7519999742507935,0.6460000276565552,0.7559999823570251,0.8040000200271606,0.8119999766349792,0.7039999961853027
40.3392698764801,0.7519999742507935,0.6460000276565552,0.7580000162124634,0.8119999766349792,0.8119999766349792,0.7039999961853027
40.34852409362793,0.7519999742507935,0.6460000276565552,0.7599999904632568,0.8180000185966492,0.8159999847412109,0.7039999961853027
40.35879921913147,0.7540000081062317,0.6460000276565552,0.7620000243186951,0.8240000009536743,0.8199999928474426,0.7039999961853027
40.36847686767578,0.7540000081062317,0.6460000276565552,0.7620000243186951,0.828000009059906,0.8240000009536743,0.7039999961853027
40.37770462036133,0.7540000081062317,0.6460000276565552,0.7639999985694885,0.8320000171661377,0.828000009059906,0.7039999961853027
40.38845229148865,0.7540000081062317,0.6460000276565552,0.7639999985694885,0.8339999914169312,0.8339999914169312,0.7039999961853027
40.39802122116089,0.7540000081062317,0.6460000276565552,0.765999972820282,0.8379999995231628,0.8379999995231628,0.7039999961853027
40.407426834106445,0.7540000081062317,0.6480000019073486,0.765999972820282,0.8420000076293945,0.843999981880188,0.7039999961853027
40.41818976402283,0.7540000081062317,0.6480000019073486,0.765999972820282,0.8420000076293945,0.843999981880188,0.7039999961853027
40.427945613861084,0.7540000081062317,0.6480000019073486,0.7680000066757202,0.8500000238418579,0.8619999885559082,0.7039999961853027
40.437525510787964,0.7540000081062317,0.6480000019073486,0.7680000066757202,0.8600000143051147,0.8679999709129333,0.7039999961853027
40.447529554367065,0.7519999742507935,0.6480000019073486,0.7680000066757202,0.8659999966621399,0.8740000128746033,0.7039999961853027
40.45752191543579,0.7519999742507935,0.6480000019073486,0.7699999809265137,0.8700000047683716,0.8820000290870667,0.7039999961853027
40.46737623214722,0.7519999742507935,0.6499999761581421,0.7699999809265137,0.8759999871253967,0.8859999775886536,0.7020000219345093
40.478105783462524,0.7519999742507935,0.6499999761581421,0.7720000147819519,0.8799999952316284,0.8899999856948853,0.7020000219345093
40.488364458084106,0.7519999742507935,0.6520000100135803,0.7720000147819519,0.8880000114440918,0.8939999938011169,0.699999988079071
40.497896671295166,0.7519999742507935,0.6520000100135803,0.7720000147819519,0.8939999938011169,0.8980000019073486,0.6980000138282776
40.50765562057495,0.7519999742507935,0.6539999842643738,0.7739999890327454,0.9039999842643738,0.9020000100135804,0.6940000057220459
40.51757478713989,0.7519999742507935,0.6539999842643738,0.7739999890327454,0.9139999747276306,0.906000018119812,0.6899999976158142
40.527517795562744,0.7519999742507935,0.6539999842643738,0.7739999890327454,0.921999990940094,0.9100000262260436,0.6880000233650208
40.539077043533325,0.7519999742507935,0.6539999842643738,0.7760000228881836,0.9300000071525574,0.9139999747276306,0.6840000152587891
40.54768753051758,0.7519999742507935,0.6539999842643738,0.7760000228881836,0.9359999895095824,0.9160000085830688,0.6819999814033508
40.55760622024536,0.7519999742507935,0.656000018119812,0.777999997138977,0.9419999718666076,0.9200000166893004,0.6779999732971191
40.567439556121826,0.7519999742507935,0.6539999842643738,0.777999997138977,0.949999988079071,0.9259999990463256,0.6759999990463257
40.5774610042572,0.7519999742507935,0.656000018119812,0.777999997138977,0.9539999961853028,0.9279999732971193,0.6740000247955322
40.58785939216614,0.7519999742507935,0.6620000004768372,0.7799999713897705,0.959999978542328,0.9319999814033508,0.671999990940094
40.5978262424469,0.7519999742507935,0.6679999828338623,0.7799999713897705,0.9660000205039978,0.9340000152587892,0.6700000166893005
40.6079626083374,0.7519999742507935,0.671999990940094,0.7820000052452087,0.9739999771118164,0.9399999976158142,0.6660000085830688
40.61747694015503,0.7519999742507935,0.6759999990463257,0.7820000052452087,0.977999985218048,0.9419999718666076,0.6600000262260437
40.62768840789795,0.7519999742507935,0.6800000071525574,0.7820000052452087,0.9819999933242798,0.944000005722046,0.6579999923706055
40.63964343070984,0.7519999742507935,0.6859999895095825,0.7839999794960022,0.9879999756813048,0.9480000138282776,0.656000018119812
40.64886832237244,0.7519999742507935,0.6899999976158142,0.7839999794960022,0.9959999918937684,0.949999988079071,0.6539999842643738
40.65871548652649,0.75,0.6919999718666077,0.7839999794960022,1.0019999742507937,0.9520000219345092,0.6539999842643738
40.66813516616821,0.75,0.6959999799728394,0.7839999794960022,1.0080000162124634,0.9559999704360962,0.6539999842643738
40.677804470062256,0.7480000257492065,0.6980000138282776,0.7839999794960022,1.0119999647140503,0.9559999704360962,0.6539999842643738
40.68765354156494,0.7480000257492065,0.699999988079071,0.7839999794960022,1.0199999809265137,0.9580000042915344,0.6520000100135803
40.69752073287964,0.7459999918937683,0.7020000219345093,0.7839999794960022,1.027999997138977,0.959999978542328,0.6520000100135803
40.7085235118866,0.7440000176429749,0.7039999961853027,0.7839999794960022,1.031999945640564,0.962000012397766,0.6539999842643738
40.720219135284424,0.7400000095367432,0.7059999704360962,0.7839999794960022,1.037999987602234,0.9639999866485596,0.6539999842643738
40.72766828536987,0.7360000014305115,0.7080000042915344,0.7839999794960022,1.0420000553131104,0.9639999866485596,0.6539999842643738
40.73762893676758,0.7300000190734863,0.7099999785423279,0.7839999794960022,1.0499999523162842,0.9639999866485596,0.6539999842643738
40.74764323234558,0.7260000109672546,0.7120000123977661,0.7820000052452087,1.0579999685287476,0.9660000205039978,0.6539999842643738
40.75953459739685,0.722000002861023,0.7160000205039978,0.7799999713897705,1.062000036239624,0.9660000205039978,0.6539999842643738
40.768625259399414,0.7099999785423279,0.7200000286102295,0.7739999890327454,1.0679999589920044,0.9639999866485596,0.6539999842643738
40.77773642539978,0.699999988079071,0.722000002861023,0.7699999809265137,1.0720000267028809,0.962000012397766,0.6539999842643738
40.78780722618103,0.6880000233650208,0.7260000109672546,0.7620000243186951,1.0779999494552612,0.9580000042915344,0.6539999842643738
40.79740619659424,0.6759999990463257,0.7300000190734863,0.7459999918937683,1.0820000171661377,0.9539999961853028,0.6520000100135803
40.809595346450806,0.6660000085830688,0.7319999933242798,0.734000027179718,1.0859999656677246,0.9459999799728394,0.6520000100135803
40.8179976940155,0.6579999923706055,0.7360000014305115,0.7200000286102295,1.0880000591278076,0.9300000071525574,0.6520000100135803
40.82751417160034,0.6499999761581421,0.7379999756813049,0.7099999785423279,1.090000033378601,0.8859999775886536,0.6520000100135803
40.83878755569458,0.6499999761581421,0.7379999756813049,0.7020000219345093,1.0920000076293943,0.8399999737739563,0.6499999761581421
40.847586154937744,0.6480000019073486,0.7400000095367432,0.6940000057220459,1.093999981880188,0.7960000038146973,0.6499999761581421
40.85788154602051,0.6480000019073486,0.7400000095367432,0.6899999976158142,1.093999981880188,0.7820000052452087,0.6499999761581421
40.86790323257446,0.6460000276565552,0.7400000095367432,0.6840000152587891,1.093999981880188,0.7760000228881836,0.6499999761581421
40.879106760025024,0.6420000195503235,0.7360000014305115,0.6779999732971191,1.0920000076293943,0.7739999890327454,0.6499999761581421
40.88759779930115,0.6399999856948853,0.7260000109672546,0.6740000247955322,1.0880000591278076,0.7639999985694885,0.6499999761581421
40.89745092391968,0.6399999856948853,0.6840000152587891,0.6639999747276306,1.0759999752044678,0.7620000243186951,0.6499999761581421
40.90758442878723,0.6399999856948853,0.656000018119812,0.6499999761581421,1.059999942779541,0.7459999918937683,0.6520000100135803
40.917454957962036,0.6439999938011169,0.6539999842643738,0.6359999775886536,1.0260000228881836,0.7239999771118164,0.6520000100135803
40.92795276641846,0.6439999938011169,0.656000018119812,0.6299999952316284,0.9959999918937684,0.7300000190734863,0.6539999842643738
40.93785095214844,0.6399999856948853,0.6520000100135803,0.6299999952316284,0.9580000042915344,0.7260000109672546,0.6539999842643738
40.94785761833191,0.6340000033378601,0.6480000019073486,0.628000020980835,0.9079999923706056,0.7139999866485596,0.656000018119812
40.95771670341492,0.6299999952316284,0.6460000276565552,0.6299999952316284,0.8539999723434448,0.7139999866485596,0.656000018119812
40.96789240837097,0.6299999952316284,0.6439999938011169,0.6320000290870667,0.7459999918937683,0.699999988079071,0.656000018119812
40.97741770744324,0.6320000290870667,0.6439999938011169,0.6320000290870667,0.7179999947547913,0.6840000152587891,0.656000018119812
40.987879276275635,0.6340000033378601,0.6439999938011169,0.6320000290870667,0.7160000205039978,0.6740000247955322,0.6700000166893005
40.99764561653137,0.6340000033378601,0.6439999938011169,0.6320000290870667,0.7200000286102295,0.6700000166893005,0.6620000004768372
41.00855231285095,0.6340000033378601,0.6439999938011169,0.6320000290870667,0.734000027179718,0.6779999732971191,0.6600000262260437
41.01759576797485,0.6320000290870667,0.6439999938011169,0.6320000290870667,0.7419999837875366,0.6819999814033508,0.6600000262260437
41.0276780128479,0.6320000290870667,0.6439999938011169,0.6320000290870667,0.7440000176429749,0.6859999895095825,0.6600000262260437
41.03763675689697,0.6320000290870667,0.6439999938011169,0.6299999952316284,0.7440000176429749,0.6859999895095825,0.6600000262260437
41.04809379577637,0.6320000290870667,0.6420000195503235,0.6299999952316284,0.7400000095367432,0.6840000152587891,0.6600000262260437
41.05791783332825,0.6320000290870667,0.6439999938011169,0.6299999952316284,0.7400000095367432,0.6840000152587891,0.6620000004768372
41.067583084106445,0.6320000290870667,0.6439999938011169,0.6299999952316284,0.7400000095367432,0.6840000152587891,0.6620000004768372
41.07759356498718,0.6320000290870667,0.6439999938011169,0.6299999952316284,0.7379999756813049,0.6840000152587891,0.6620000004768372
41.088361740112305,0.6320000290870667,0.6439999938011169,0.6299999952316284,0.7379999756813049,0.6840000152587891,0.6620000004768372
41.09779763221741,0.6320000290870667,0.6439999938011169,0.6299999952316284,0.7379999756813049,0.6819999814033508,0.6620000004768372
41.10784316062927,0.6320000290870667,0.6420000195503235,0.6299999952316284,0.7379999756813049,0.6819999814033508,0.6620000004768372
41.11745619773865,0.6340000033378601,0.6420000195503235,0.6299999952316284,0.7400000095367432,0.6819999814033508,0.6620000004768372
41.12744975090027,0.6340000033378601,0.6439999938011169,0.6299999952316284,0.7400000095367432,0.6819999814033508,0.6620000004768372
41.13747549057007,0.6340000033378601,0.6439999938011169,0.6299999952316284,0.7379999756813049,0.6819999814033508,0.6620000004768372
41.14781165122986,0.6340000033378601,0.6439999938011169,0.6299999952316284,0.7379999756813049,0.6819999814033508,0.6620000004768372
41.157716512680054,0.6340000033378601,0.6439999938011169,0.6299999952316284,0.7379999756813049,0.6819999814033508,0.6620000004768372
41.16758847236633,0.6340000033378601,0.6439999938011169,0.6299999952316284,0.7379999756813049,0.6819999814033508,0.6620000004768372
41.17752504348755,0.6340000033378601,0.6439999938011169,0.6299999952316284,0.7360000014305115,0.6819999814033508,0.6620000004768372
41.187618017196655,0.6340000033378601,0.6439999938011169,0.6299999952316284,0.7360000014305115,0.6819999814033508,0.6600000262260437
41.19773316383362,0.6340000033378601,0.6439999938011169,0.6299999952316284,0.7360000014305115,0.6819999814033508,0.6600000262260437
41.207619428634644,0.6340000033378601,0.6439999938011169,0.6299999952316284,0.734000027179718,0.6819999814033508,0.6600000262260437
41.217729806900024,0.6340000033378601,0.6439999938011169,0.6299999952316284,0.7300000190734863,0.6819999814033508,0.6600000262260437
41.22783184051514,0.6340000033378601,0.6439999938011169,0.6299999952316284,0.7279999852180481,0.6819999814033508,0.6600000262260437
41.23922061920166,0.6340000033378601,0.6439999938011169,0.6299999952316284,0.7260000109672546,0.6819999814033508,0.6600000262260437
41.24746489524841,0.6340000033378601,0.6439999938011169,0.6299999952316284,0.7260000109672546,0.6819999814033508,0.6600000262260437
41.257657289505005,0.6340000033378601,0.6439999938011169,0.6320000290870667,0.7260000109672546,0.6819999814033508,0.6600000262260437
41.26866888999939,0.6359999775886536,0.6439999938011169,0.6320000290870667,0.7260000109672546,0.6800000071525574,0.6600000262260437
41.2790687084198,0.6359999775886536,0.6439999938011169,0.6320000290870667,0.7260000109672546,0.6800000071525574,0.6600000262260437
41.28771162033081,0.6359999775886536,0.6420000195503235,0.6320000290870667,0.7260000109672546,0.6819999814033508,0.6600000262260437
41.297648668289185,0.6359999775886536,0.6420000195503235,0.6320000290870667,0.7260000109672546,0.6840000152587891,0.6600000262260437
41.30754590034485,0.6359999775886536,0.6439999938011169,0.6320000290870667,0.7260000109672546,0.6840000152587891,0.6600000262260437
41.31774353981018,0.6359999775886536,0.6420000195503235,0.6320000290870667,0.7260000109672546,0.6840000152587891,0.6600000262260437
41.32759213447571,0.6320000290870667,0.6420000195503235,0.6380000114440918,0.7260000109672546,0.656000018119812,0.671999990940094
41.33989405632019,0.6359999775886536,0.6420000195503235,0.6399999856948853,0.7160000205039978,0.6539999842643738,0.6899999976158142
41.34761166572571,0.6399999856948853,0.6420000195503235,0.6460000276565552,0.7179999947547913,0.6520000100135803,0.7120000123977661
41.36048936843872,0.6439999938011169,0.6420000195503235,0.6499999761581421,0.7039999961853027,0.6480000019073486,0.7200000286102295
41.367637634277344,0.6340000033378601,0.6420000195503235,0.6579999923706055,0.6980000138282776,0.6480000019073486,0.7260000109672546
41.37740111351013,0.6499999761581421,0.6420000195503235,0.6759999990463257,0.6980000138282776,0.6380000114440918,0.7260000109672546
41.390554904937744,0.6639999747276306,0.6420000195503235,0.6859999895095825,0.6980000138282776,0.6380000114440918,0.7260000109672546
41.397698640823364,0.671999990940094,0.6420000195503235,0.6980000138282776,0.7139999866485596,0.6480000019073486,0.7200000286102295
41.40757656097412,0.6940000057220459,0.6420000195503235,0.7120000123977661,0.7179999947547913,0.7059999704360962,0.7139999866485596
41.41771483421326,0.7059999704360962,0.6420000195503235,0.722000002861023,0.7260000109672546,0.7319999933242798,0.7120000123977661
41.42777729034424,0.7160000205039978,0.6420000195503235,0.7260000109672546,0.7319999933242798,0.7519999742507935,0.7120000123977661
41.43748474121094,0.7239999771118164,0.6420000195503235,0.7319999933242798,0.7440000176429749,0.7680000066757202,0.7120000123977661
41.447627544403076,0.7300000190734863,0.6420000195503235,0.7360000014305115,0.765999972820282,0.7799999713897705,0.7120000123977661
41.45751643180847,0.734000027179718,0.6439999938011169,0.7400000095367432,0.7900000214576721,0.7900000214576721,0.7120000123977661
41.467692136764526,0.7379999756813049,0.6439999938011169,0.7440000176429749,0.8059999942779541,0.800000011920929,0.7099999785423279
41.47770380973816,0.7400000095367432,0.6460000276565552,0.7459999918937683,0.8100000023841858,0.8059999942779541,0.7099999785423279
41.48960018157959,0.7419999837875366,0.6460000276565552,0.75,0.8159999847412109,0.8100000023841858,0.7059999704360962
41.498173236846924,0.7440000176429749,0.6480000019073486,0.7519999742507935,0.8159999847412109,0.8119999766349792,0.7039999961853027
41.508055686950684,0.7440000176429749,0.6480000019073486,0.7540000081062317,0.8159999847412109,0.8119999766349792,0.7020000219345093
41.51896357536316,0.7459999918937683,0.6480000019073486,0.7540000081062317,0.8140000104904175,0.8100000023841858,0.699999988079071
41.52766966819763,0.7480000257492065,0.6480000019073486,0.7540000081062317,0.8119999766349792,0.8100000023841858,0.6980000138282776
41.537989139556885,0.7480000257492065,0.6480000019073486,0.7540000081062317,0.8059999942779541,0.8080000281333923,0.6940000057220459
41.54748201370239,0.7480000257492065,0.6480000019073486,0.7540000081062317,0.8019999861717224,0.8059999942779541,0.6919999718666077
41.557559967041016,0.75,0.6480000019073486,0.7540000081062317,0.7960000038146973,0.8040000200271606,0.6899999976158142
41.567668437957764,0.75,0.6480000019073486,0.7540000081062317,0.7919999957084656,0.800000011920929,0.6899999976158142
41.577706813812256,0.7519999742507935,0.6480000019073486,0.7559999823570251,0.7879999876022339,0.7979999780654907,0.6880000233650208
41.58777165412903,0.7519999742507935,0.6480000019073486,0.7559999823570251,0.7839999794960022,0.7979999780654907,0.6859999895095825
41.598132371902466,0.7540000081062317,0.6480000019073486,0.7559999823570251,0.7820000052452087,0.7960000038146973,0.6859999895095825
41.60828137397766,0.7540000081062317,0.6480000019073486,0.7559999823570251,0.7799999713897705,0.7960000038146973,0.6859999895095825
41.617717266082764,0.7559999823570251,0.6480000019073486,0.7580000162124634,0.7799999713897705,0.7940000295639038,0.6840000152587891
41.62842655181885,0.7559999823570251,0.6480000019073486,0.7580000162124634,0.7799999713897705,0.7940000295639038,0.6840000152587891
41.63810849189758,0.7580000162124634,0.6499999761581421,0.7580000162124634,0.7820000052452087,0.7940000295639038,0.6840000152587891
41.64786767959595,0.7580000162124634,0.6499999761581421,0.7599999904632568,0.7839999794960022,0.7940000295639038,0.6819999814033508
41.65764355659485,0.7580000162124634,0.6499999761581421,0.7620000243186951,0.7900000214576721,0.7940000295639038,0.6819999814033508
41.667787313461304,0.7599999904632568,0.6499999761581421,0.7620000243186951,0.7960000038146973,0.7940000295639038,0.6819999814033508
41.67755079269409,0.7599999904632568,0.6520000100135803,0.7639999985694885,0.800000011920929,0.7960000038146973,0.6819999814033508
41.68743133544922,0.7620000243186951,0.6499999761581421,0.7639999985694885,0.8100000023841858,0.7979999780654907,0.6819999814033508
41.6976580619812,0.7620000243186951,0.6520000100135803,0.765999972820282,0.8159999847412109,0.800000011920929,0.6819999814033508
41.708824157714844,0.7620000243186951,0.6520000100135803,0.7680000066757202,0.8180000185966492,0.8019999861717224,0.6819999814033508
41.719855308532715,0.7620000243186951,0.6520000100135803,0.7699999809265137,0.8259999752044678,0.8059999942779541,0.6840000152587891
41.72778582572937,0.7639999985694885,0.6520000100135803,0.7699999809265137,0.828000009059906,0.8080000281333923,0.6840000152587891
41.73773455619812,0.7639999985694885,0.6499999761581421,0.7699999809265137,0.8320000171661377,0.8119999766349792,0.6840000152587891
41.74818444252014,0.7639999985694885,0.6520000100135803,0.7720000147819519,0.8360000252723694,0.8180000185966492,0.6840000152587891
41.75753617286682,0.7639999985694885,0.6520000100135803,0.7720000147819519,0.8379999995231628,0.8199999928474426,0.6840000152587891
41.76774859428406,0.7639999985694885,0.6499999761581421,0.7720000147819519,0.8399999737739563,0.8240000009536743,0.6840000152587891
41.77753400802612,0.7620000243186951,0.6499999761581421,0.7739999890327454,0.8420000076293945,0.8259999752044678,0.6840000152587891
41.78749203681946,0.7620000243186951,0.6499999761581421,0.7739999890327454,0.843999981880188,0.828000009059906,0.6859999895095825
41.79748034477234,0.7620000243186951,0.6499999761581421,0.7739999890327454,0.8479999899864197,0.8339999914169312,0.6880000233650208
41.810025215148926,0.7599999904632568,0.6520000100135803,0.7739999890327454,0.8539999723434448,0.843999981880188,0.6899999976158142
41.81779623031616,0.7599999904632568,0.6520000100135803,0.7739999890327454,0.8579999804496765,0.8500000238418579,0.6919999718666077
41.8276629447937,0.7580000162124634,0.6520000100135803,0.7739999890327454,0.8619999885559082,0.8560000061988831,0.6940000057220459
41.84002161026001,0.7580000162124634,0.6520000100135803,0.7739999890327454,0.8659999966621399,0.8619999885559082,0.6940000057220459
41.84811282157898,0.7580000162124634,0.6520000100135803,0.7760000228881836,0.8679999709129333,0.8700000047683716,0.6959999799728394
41.85755252838135,0.7580000162124634,0.6520000100135803,0.7760000228881836,0.8700000047683716,0.871999979019165,0.6959999799728394
41.86768889427185,0.7580000162124634,0.6520000100135803,0.7760000228881836,0.871999979019165,0.8740000128746033,0.6940000057220459
41.87752842903137,0.7580000162124634,0.6539999842643738,0.7760000228881836,0.8759999871253967,0.8759999871253967,0.6940000057220459
41.88768744468689,0.7580000162124634,0.6539999842643738,0.7760000228881836,0.878000020980835,0.8759999871253967,0.6940000057220459
41.89760422706604,0.7580000162124634,0.6539999842643738,0.777999997138977,0.8820000290870667,0.878000020980835,0.6919999718666077
41.90781331062317,0.7580000162124634,0.6539999842643738,0.777999997138977,0.8859999775886536,0.8799999952316284,0.6899999976158142
41.91777467727661,0.7580000162124634,0.6539999842643738,0.777999997138977,0.8899999856948853,0.8820000290870667,0.6859999895095825
41.92764067649841,0.7580000162124634,0.6539999842643738,0.777999997138977,0.8960000276565552,0.8859999775886536,0.6840000152587891
41.93815279006958,0.7580000162124634,0.656000018119812,0.777999997138977,0.9020000100135804,0.8899999856948853,0.6819999814033508
41.94831943511963,0.7580000162124634,0.656000018119812,0.7799999713897705,0.9100000262260436,0.8960000276565552,0.6800000071525574
41.958447217941284,0.7559999823570251,0.656000018119812,0.7799999713897705,0.9160000085830688,0.8999999761581421,0.6779999732971191
41.967768907547,0.7559999823570251,0.656000018119812,0.7799999713897705,0.921999990940094,0.9039999842643738,0.6759999990463257
41.97765636444092,0.7559999823570251,0.6600000262260437,0.7820000052452087,0.9300000071525574,0.9100000262260436,0.671999990940094
41.9877245426178,0.7559999823570251,0.6639999747276306,0.7820000052452087,0.9359999895095824,0.9139999747276306,0.671999990940094
41.99750471115112,0.7559999823570251,0.6700000166893005,0.7820000052452087,0.9419999718666076,0.9179999828338624,0.6700000166893005
42.00772976875305,0.7559999823570251,0.671999990940094,0.7820000052452087,0.9459999799728394,0.921999990940094,0.6679999828338623
42.01888990402222,0.7559999823570251,0.6759999990463257,0.7839999794960022,0.9539999961853028,0.9259999990463256,0.6620000004768372
42.02825617790222,0.7559999823570251,0.6800000071525574,0.7839999794960022,0.962000012397766,0.9319999814033508,0.6600000262260437
42.03823161125183,0.7559999823570251,0.6819999814033508,0.7839999794960022,0.9679999947547911,0.9359999895095824,0.6579999923706055
42.04783582687378,0.7559999823570251,0.6859999895095825,0.7839999794960022,0.9739999771118164,0.9419999718666076,0.656000018119812
42.0578408241272,0.7559999823570251,0.6899999976158142,0.7860000133514404,0.9800000190734864,0.9459999799728394,0.656000018119812
42.06835651397705,0.7540000081062317,0.6919999718666077,0.7860000133514404,0.984000027179718,0.9480000138282776,0.6539999842643738
42.07741093635559,0.7540000081062317,0.6940000057220459,0.7860000133514404,0.9940000176429749,0.9520000219345092,0.6539999842643738
42.087631702423096,0.7519999742507935,0.6959999799728394,0.7860000133514404,0.9980000257492064,0.9559999704360962,0.6539999842643738
42.097477436065674,0.75,0.699999988079071,0.7860000133514404,1.00600004196167,0.9580000042915344,0.6539999842643738
42.10750389099121,0.7480000257492065,0.7020000219345093,0.7860000133514404,1.0140000581741333,0.959999978542328,0.6539999842643738
42.11750936508179,0.7459999918937683,0.7039999961853027,0.7860000133514404,1.0180000066757202,0.962000012397766,0.6539999842643738
42.12768316268921,0.7400000095367432,0.7059999704360962,0.7860000133514404,1.027999997138977,0.9639999866485596,0.6539999842643738
42.13745045661926,0.7360000014305115,0.7080000042915344,0.7860000133514404,1.031999945640564,0.9639999866485596,0.6539999842643738
42.14768743515015,0.7279999852180481,0.7080000042915344,0.7839999794960022,1.0399999618530271,0.9660000205039978,0.6539999842643738
42.15785765647888,0.7239999771118164,0.7099999785423279,0.7820000052452087,1.0460000038146973,0.9660000205039978,0.6539999842643738
42.16793727874756,0.7160000205039978,0.7120000123977661,0.7799999713897705,1.0499999523162842,0.9679999947547911,0.6539999842643738
42.179179668426514,0.7020000219345093,0.7120000123977661,0.7760000228881836,1.0579999685287476,0.9679999947547911,0.6539999842643738
42.19042253494263,0.6880000233650208,0.7139999866485596,0.7699999809265137,1.059999942779541,0.9660000205039978,0.6539999842643738
42.19786763191223,0.6740000247955322,0.7139999866485596,0.7620000243186951,1.0679999589920044,0.9639999866485596,0.6520000100135803
42.20792818069458,0.6579999923706055,0.7179999947547913,0.7459999918937683,1.0720000267028809,0.9580000042915344,0.6520000100135803
42.21764516830444,0.6480000019073486,0.7200000286102295,0.734000027179718,1.0740000009536743,0.9459999799728394,0.6520000100135803
42.22779893875122,0.6420000195503235,0.7260000109672546,0.722000002861023,1.0779999494552612,0.8999999761581421,0.6520000100135803
42.23754835128784,0.6420000195503235,0.7300000190734863,0.7120000123977661,1.0800000429153442,0.8220000267028809,0.6499999761581421
42.247676849365234,0.6420000195503235,0.7319999933242798,0.7039999961853027,1.0820000171661377,0.7839999794960022,0.6520000100135803
42.2579083442688,0.6439999938011169,0.734000027179718,0.6980000138282776,1.0820000171661377,0.7639999985694885,0.6499999761581421
42.26794791221619,0.6439999938011169,0.734000027179718,0.6880000233650208,1.0820000171661377,0.7540000081062317,0.6499999761581421
42.277822971343994,0.6439999938011169,0.7260000109672546,0.6819999814033508,1.0779999494552612,0.7480000257492065,0.6499999761581421
42.28854274749756,0.6439999938011169,0.6940000057220459,0.6759999990463257,1.0700000524520874,0.7459999918937683,0.6520000100135803
42.29772925376892,0.6439999938011169,0.6620000004768372,0.6700000166893005,1.0579999685287476,0.7480000257492065,0.6520000100135803
42.3076810836792,0.6420000195503235,0.6579999923706055,0.6520000100135803,1.034000039100647,0.7319999933242798,0.6520000100135803
42.31750154495239,0.6420000195503235,0.656000018119812,0.6439999938011169,1.0099999904632568,0.7200000286102295,0.6520000100135803
42.32740616798401,0.6380000114440918,0.6520000100135803,0.6359999775886536,0.9760000109672546,0.7260000109672546,0.6539999842643738
42.337578773498535,0.6340000033378601,0.6499999761581421,0.6340000033378601,0.9380000233650208,0.722000002861023,0.6539999842643738
42.34766149520874,0.6320000290870667,0.6460000276565552,0.6340000033378601,0.8999999761581421,0.7160000205039978,0.6539999842643738
42.35792112350464,0.6299999952316284,0.6420000195503235,0.6380000114440918,0.8159999847412109,0.7080000042915344,0.656000018119812
42.367924213409424,0.628000020980835,0.6420000195503235,0.6380000114440918,0.7440000176429749,0.6899999976158142,0.656000018119812
42.37761473655701,0.6299999952316284,0.6420000195503235,0.6359999775886536,0.722000002861023,0.6679999828338623,0.656000018119812
42.39017391204834,0.6320000290870667,0.6420000195503235,0.6359999775886536,0.7239999771118164,0.6639999747276306,0.6660000085830688
42.40040183067322,0.6320000290870667,0.6420000195503235,0.6359999775886536,0.7319999933242798,0.6660000085830688,0.6620000004768372
42.40829920768738,0.6320000290870667,0.6420000195503235,0.6359999775886536,0.7440000176429749,0.6700000166893005,0.6600000262260437
42.41913342475891,0.6320000290870667,0.6420000195503235,0.6359999775886536,0.7519999742507935,0.6779999732971191,0.6600000262260437
42.42767071723938,0.6320000290870667,0.6420000195503235,0.6359999775886536,0.7519999742507935,0.6800000071525574,0.6600000262260437
42.43760299682617,0.6320000290870667,0.6420000195503235,0.6359999775886536,0.75,0.6800000071525574,0.6600000262260437
42.447918176651,0.6320000290870667,0.6420000195503235,0.6359999775886536,0.75,0.6779999732971191,0.6600000262260437
42.457533836364746,0.6320000290870667,0.6420000195503235,0.6359999775886536,0.7480000257492065,0.6779999732971191,0.6600000262260437
42.4674916267395,0.6320000290870667,0.6420000195503235,0.6359999775886536,0.7480000257492065,0.6779999732971191,0.6600000262260437
42.47780251502991,0.6320000290870667,0.6420000195503235,0.6359999775886536,0.7480000257492065,0.6779999732971191,0.6620000004768372
42.48945617675781,0.6320000290870667,0.6420000195503235,0.6359999775886536,0.7459999918937683,0.6759999990463257,0.6620000004768372
42.497600078582764,0.6320000290870667,0.6420000195503235,0.6359999775886536,0.7459999918937683,0.6740000247955322,0.6620000004768372
42.510130643844604,0.6320000290870667,0.6420000195503235,0.6359999775886536,0.7459999918937683,0.6759999990463257,0.6620000004768372
42.519006967544556,0.6320000290870667,0.6420000195503235,0.6359999775886536,0.7440000176429749,0.6759999990463257,0.6620000004768372
42.527583837509155,0.6320000290870667,0.6420000195503235,0.6359999775886536,0.7419999837875366,0.6779999732971191,0.6620000004768372
42.53757882118225,0.6320000290870667,0.6420000195503235,0.6359999775886536,0.7419999837875366,0.6779999732971191,0.6620000004768372
42.54759669303894,0.6320000290870667,0.6420000195503235,0.6359999775886536,0.7419999837875366,0.6779999732971191,0.6620000004768372
42.557703495025635,0.6320000290870667,0.6420000195503235,0.6359999775886536,0.7400000095367432,0.6779999732971191,0.6620000004768372
42.567420959472656,0.6320000290870667,0.6420000195503235,0.6359999775886536,0.7400000095367432,0.6800000071525574,0.6620000004768372
42.57772254943848,0.6320000290870667,0.6420000195503235,0.6359999775886536,0.7379999756813049,0.6779999732971191,0.6620000004768372
42.58833169937134,0.6320000290870667,0.6420000195503235,0.6359999775886536,0.7379999756813049,0.6779999732971191,0.6620000004768372
42.59771966934204,0.6320000290870667,0.6420000195503235,0.6359999775886536,0.7379999756813049,0.6779999732971191,0.6620000004768372
42.60772490501404,0.6320000290870667,0.6420000195503235,0.6359999775886536,0.7360000014305115,0.6779999732971191,0.6620000004768372
42.61826157569885,0.6320000290870667,0.6420000195503235,0.6359999775886536,0.7360000014305115,0.6779999732971191,0.6620000004768372
42.627623081207275,0.6320000290870667,0.6420000195503235,0.6359999775886536,0.734000027179718,0.6779999732971191,0.6620000004768372
42.63790822029114,0.6320000290870667,0.6420000195503235,0.6359999775886536,0.734000027179718,0.6759999990463257,0.6600000262260437
42.6475932598114,0.6320000290870667,0.6420000195503235,0.6359999775886536,0.734000027179718,0.6759999990463257,0.6600000262260437
42.65773344039917,0.6320000290870667,0.6420000195503235,0.6359999775886536,0.734000027179718,0.6759999990463257,0.6600000262260437
42.66786742210388,0.6320000290870667,0.6420000195503235,0.6359999775886536,0.734000027179718,0.6779999732971191,0.6600000262260437
42.677687883377075,0.6340000033378601,0.6420000195503235,0.6359999775886536,0.734000027179718,0.6779999732971191,0.6600000262260437
42.68771815299988,0.6340000033378601,0.6420000195503235,0.6359999775886536,0.734000027179718,0.6779999732971191,0.6600000262260437
42.69790291786194,0.6340000033378601,0.6420000195503235,0.6359999775886536,0.734000027179718,0.6800000071525574,0.6600000262260437
42.70957922935486,0.6340000033378601,0.6420000195503235,0.6359999775886536,0.734000027179718,0.6800000071525574,0.6600000262260437
42.71758222579956,0.6340000033378601,0.6420000195503235,0.6359999775886536,0.7319999933242798,0.6779999732971191,0.6600000262260437
42.72774338722229,0.6340000033378601,0.6420000195503235,0.6359999775886536,0.7300000190734863,0.6759999990463257,0.6600000262260437
42.73957300186157,0.6340000033378601,0.6420000195503235,0.6359999775886536,0.7300000190734863,0.6740000247955322,0.6600000262260437
42.748051166534424,0.6340000033378601,0.6420000195503235,0.6359999775886536,0.7300000190734863,0.6740000247955322,0.6600000262260437
42.75787663459778,0.6320000290870667,0.6420000195503235,0.6399999856948853,0.7279999852180481,0.6579999923706055,0.6620000004768372
42.76788020133972,0.6340000033378601,0.6420000195503235,0.6439999938011169,0.7179999947547913,0.6539999842643738,0.671999990940094
42.7777955532074,0.6340000033378601,0.6420000195503235,0.6460000276565552,0.7120000123977661,0.6520000100135803,0.6800000071525574
42.78734374046326,0.6399999856948853,0.6420000195503235,0.6499999761581421,0.7099999785423279,0.6499999761581421,0.7099999785423279
42.797701835632324,0.6320000290870667,0.6420000195503235,0.6620000004768372,0.6959999799728394,0.6480000019073486,0.7279999852180481
42.80914378166199,0.6320000290870667,0.6420000195503235,0.6620000004768372,0.6959999799728394,0.6499999761581421,0.7260000109672546
42.817580223083496,0.6499999761581421,0.6420000195503235,0.6679999828338623,0.6940000057220459,0.6480000019073486,0.7239999771118164
42.82780694961548,0.656000018119812,0.6420000195503235,0.6800000071525574,0.6980000138282776,0.6520000100135803,0.722000002861023
42.83740568161011,0.6620000004768372,0.6420000195503235,0.6959999799728394,0.7200000286102295,0.6639999747276306,0.7200000286102295
42.847753286361694,0.6819999814033508,0.6420000195503235,0.7080000042915344,0.7300000190734863,0.7279999852180481,0.7160000205039978
42.858752489089966,0.6940000057220459,0.6420000195503235,0.7160000205039978,0.7379999756813049,0.7419999837875366,0.7120000123977661
42.86747121810913,0.7059999704360962,0.6420000195503235,0.7239999771118164,0.75,0.7620000243186951,0.7120000123977661
42.87779474258423,0.7139999866485596,0.6420000195503235,0.7300000190734863,0.7879999876022339,0.777999997138977,0.7120000123977661
42.88740253448486,0.7200000286102295,0.6439999938011169,0.734000027179718,0.8140000104904175,0.7879999876022339,0.7120000123977661
42.89783310890198,0.7279999852180481,0.6460000276565552,0.7400000095367432,0.828000009059906,0.800000011920929,0.7120000123977661
42.910701274871826,0.7319999933242798,0.6460000276565552,0.7440000176429749,0.8379999995231628,0.8119999766349792,0.7120000123977661
42.91845631599426,0.734000027179718,0.6480000019073486,0.75,0.8479999899864197,0.8199999928474426,0.7099999785423279
42.9274115562439,0.7360000014305115,0.6499999761581421,0.7540000081062317,0.8539999723434448,0.8299999833106995,0.7080000042915344
42.93750047683716,0.7400000095367432,0.6520000100135803,0.7540000081062317,0.8560000061988831,0.8339999914169312,0.7059999704360962
42.947505235672,0.7400000095367432,0.6520000100135803,0.7559999823570251,0.8579999804496765,0.8360000252723694,0.7020000219345093
42.958200454711914,0.7419999837875366,0.6520000100135803,0.7559999823570251,0.8579999804496765,0.8339999914169312,0.699999988079071
42.96875596046448,0.7419999837875366,0.6520000100135803,0.7580000162124634,0.8579999804496765,0.8339999914169312,0.6959999799728394
42.97760486602783,0.7440000176429749,0.6520000100135803,0.7580000162124634,0.8560000061988831,0.8320000171661377,0.6919999718666077
42.98755383491516,0.7459999918937683,0.6520000100135803,0.7580000162124634,0.8560000061988831,0.828000009059906,0.6899999976158142
42.997658491134644,0.7459999918937683,0.6520000100135803,0.7580000162124634,0.8539999723434448,0.8259999752044678,0.6880000233650208
43.00777983665466,0.7459999918937683,0.6520000100135803,0.7599999904632568,0.8519999980926514,0.8240000009536743,0.6859999895095825
43.01751780509949,0.7480000257492065,0.6520000100135803,0.7599999904632568,0.8519999980926514,0.8180000185966492,0.6859999895095825
43.02787113189697,0.7480000257492065,0.6520000100135803,0.7599999904632568,0.8500000238418579,0.8180000185966492,0.6840000152587891
43.0386426448822,0.7480000257492065,0.6520000100135803,0.7599999904632568,0.8500000238418579,0.8159999847412109,0.6819999814033508
43.0476496219635,0.75,0.6520000100135803,0.7620000243186951,0.8500000238418579,0.8140000104904175,0.6819999814033508
43.057822465896606,0.7519999742507935,0.6520000100135803,0.7620000243186951,0.8519999980926514,0.8140000104904175,0.6819999814033508
43.06760001182556,0.7519999742507935,0.6520000100135803,0.7639999985694885,0.8519999980926514,0.8159999847412109,0.6819999814033508
43.07745695114136,0.7540000081062317,0.6520000100135803,0.7639999985694885,0.8539999723434448,0.8159999847412109,0.6819999814033508
43.088011026382446,0.7540000081062317,0.6539999842643738,0.765999972820282,0.8560000061988831,0.8159999847412109,0.6819999814033508
43.09773063659668,0.7559999823570251,0.6539999842643738,0.765999972820282,0.8579999804496765,0.8180000185966492,0.6819999814033508
43.10760831832886,0.7559999823570251,0.6539999842643738,0.765999972820282,0.8579999804496765,0.8199999928474426,0.6819999814033508
43.11756181716919,0.7559999823570251,0.6539999842643738,0.7680000066757202,0.8600000143051147,0.8220000267028809,0.6819999814033508
43.12757468223572,0.7559999823570251,0.6539999842643738,0.7680000066757202,0.8619999885559082,0.8240000009536743,0.6840000152587891
43.13757538795471,0.7559999823570251,0.6539999842643738,0.7699999809265137,0.8640000224113464,0.828000009059906,0.6859999895095825
43.14782452583313,0.7580000162124634,0.6539999842643738,0.7699999809265137,0.8659999966621399,0.8320000171661377,0.6880000233650208
43.1602783203125,0.7580000162124634,0.6539999842643738,0.7720000147819519,0.8679999709129333,0.8360000252723694,0.6880000233650208
43.16783285140991,0.7580000162124634,0.6539999842643738,0.7720000147819519,0.8700000047683716,0.8399999737739563,0.6899999976158142
43.17764663696289,0.7580000162124634,0.6539999842643738,0.7720000147819519,0.871999979019165,0.843999981880188,0.6919999718666077
43.18753480911255,0.7580000162124634,0.6539999842643738,0.7720000147819519,0.871999979019165,0.8460000157356262,0.6919999718666077
43.1979296207428,0.7580000162124634,0.6539999842643738,0.7720000147819519,0.8740000128746033,0.8479999899864197,0.6940000057220459
43.20797061920166,0.7580000162124634,0.6539999842643738,0.7720000147819519,0.8740000128746033,0.8500000238418579,0.6959999799728394
43.21754288673401,0.7559999823570251,0.6539999842643738,0.7720000147819519,0.8740000128746033,0.8519999980926514,0.6980000138282776
43.2275493144989,0.7559999823570251,0.6539999842643738,0.7720000147819519,0.8759999871253967,0.8560000061988831,0.6980000138282776
43.23759722709656,0.7559999823570251,0.6539999842643738,0.7720000147819519,0.878000020980835,0.8579999804496765,0.6980000138282776
43.24773645401001,0.7540000081062317,0.6539999842643738,0.7720000147819519,0.878000020980835,0.8600000143051147,0.699999988079071
43.25759029388428,0.7540000081062317,0.6539999842643738,0.7720000147819519,0.8799999952316284,0.8619999885559082,0.699999988079071
43.269413232803345,0.7540000081062317,0.6539999842643738,0.7739999890327454,0.8820000290870667,0.8619999885559082,0.699999988079071
43.278658628463745,0.7540000081062317,0.6520000100135803,0.7739999890327454,0.8820000290870667,0.8640000224113464,0.699999988079071
43.28753089904785,0.7540000081062317,0.6539999842643738,0.7739999890327454,0.8840000033378601,0.8659999966621399,0.699999988079071
43.297460317611694,0.7519999742507935,0.6539999842643738,0.7739999890327454,0.8859999775886536,0.8679999709129333,0.699999988079071
43.30759000778198,0.7519999742507935,0.6539999842643738,0.7739999890327454,0.8880000114440918,0.8700000047683716,0.699999988079071
43.317803144454956,0.7519999742507935,0.6539999842643738,0.7739999890327454,0.8899999856948853,0.8740000128746033,0.699999988079071
43.327542304992676,0.75,0.6539999842643738,0.7739999890327454,0.8939999938011169,0.878000020980835,0.699999988079071
43.338653802871704,0.75,0.6539999842643738,0.7760000228881836,0.8980000019073486,0.8820000290870667,0.699999988079071
43.34760499000549,0.75,0.6539999842643738,0.7760000228881836,0.9020000100135804,0.8859999775886536,0.6980000138282776
43.35792088508606,0.75,0.6539999842643738,0.7760000228881836,0.906000018119812,0.8920000195503235,0.6980000138282776
43.367541790008545,0.7480000257492065,0.6539999842643738,0.7760000228881836,0.9120000004768372,0.8960000276565552,0.6959999799728394
43.377997636795044,0.7480000257492065,0.6539999842643738,0.777999997138977,0.9179999828338624,0.9020000100135804,0.6940000057220459
43.38758420944214,0.7480000257492065,0.6539999842643738,0.777999997138977,0.921999990940094,0.906000018119812,0.6919999718666077
43.39752721786499,0.7480000257492065,0.6539999842643738,0.777999997138977,0.9279999732971193,0.9120000004768372,0.6899999976158142
43.40775179862976,0.75,0.6539999842643738,0.7799999713897705,0.9359999895095824,0.9179999828338624,0.6859999895095825
43.417439222335815,0.75,0.656000018119812,0.7799999713897705,0.9399999976158142,0.921999990940094,0.6819999814033508
43.42744731903076,0.75,0.656000018119812,0.7820000052452087,0.9480000138282776,0.9279999732971193,0.6779999732971191
43.44003772735596,0.75,0.6600000262260437,0.7820000052452087,0.9559999704360962,0.9340000152587892,0.671999990940094
43.447731256484985,0.75,0.6660000085830688,0.7820000052452087,0.962000012397766,0.9380000233650208,0.6700000166893005
43.45773482322693,0.75,0.671999990940094,0.7839999794960022,0.9700000286102296,0.944000005722046,0.6679999828338623
43.467435121536255,0.75,0.6740000247955322,0.7839999794960022,0.9760000109672546,0.9459999799728394,0.6620000004768372
43.47760581970215,0.75,0.6779999732971191,0.7839999794960022,0.9819999933242798,0.949999988079071,0.6600000262260437
43.48765993118286,0.75,0.6819999814033508,0.7839999794960022,0.9879999756813048,0.9539999961853028,0.656000018119812
43.49852991104126,0.7480000257492065,0.6859999895095825,0.7860000133514404,0.9959999918937684,0.9559999704360962,0.656000018119812
43.50829362869263,0.7480000257492065,0.6880000233650208,0.7860000133514404,1.0019999742507937,0.9580000042915344,0.6539999842643738
43.5178587436676,0.7480000257492065,0.6899999976158142,0.7860000133514404,1.0099999904632568,0.962000012397766,0.6539999842643738
43.52773189544678,0.7459999918937683,0.6919999718666077,0.7860000133514404,1.0140000581741333,0.962000012397766,0.6539999842643738
43.53774571418762,0.7440000176429749,0.6959999799728394,0.7860000133514404,1.02400004863739,0.9639999866485596,0.6520000100135803
43.54754376411438,0.7419999837875366,0.6959999799728394,0.7860000133514404,1.0299999713897705,0.9639999866485596,0.6520000100135803
43.557727098464966,0.7379999756813049,0.699999988079071,0.7839999794960022,1.037999987602234,0.9660000205039978,0.6520000100135803
43.568190813064575,0.7319999933242798,0.7039999961853027,0.7839999794960022,1.0479999780654907,0.9660000205039978,0.6539999842643738
43.579049825668335,0.7279999852180481,0.7059999704360962,0.7820000052452087,1.0540000200271606,0.9660000205039978,0.6539999842643738
43.58790636062622,0.7200000286102295,0.7099999785423279,0.7799999713897705,1.059999942779541,0.9660000205039978,0.6520000100135803
43.597713232040405,0.7120000123977661,0.7139999866485596,0.777999997138977,1.0679999589920044,0.9639999866485596,0.6520000100135803
43.60765552520752,0.6980000138282776,0.7179999947547913,0.7699999809265137,1.0740000009536743,0.9580000042915344,0.6520000100135803
43.61765170097351,0.6840000152587891,0.722000002861023,0.7580000162124634,1.0779999494552612,0.949999988079071,0.6520000100135803
43.62791061401367,0.671999990940094,0.7260000109672546,0.7459999918937683,1.0820000171661377,0.9419999718666076,0.6520000100135803
43.637455224990845,0.656000018119812,0.7300000190734863,0.7260000109672546,1.0859999656677246,0.9259999990463256,0.6499999761581421
43.64769148826599,0.6480000019073486,0.7319999933242798,0.7160000205039978,1.0880000591278076,0.8880000114440918,0.6499999761581421
43.657530784606934,0.6420000195503235,0.7360000014305115,0.7059999704360962,1.090000033378601,0.8180000185966492,0.6499999761581421
43.667659759521484,0.6420000195503235,0.7379999756813049,0.699999988079071,1.0920000076293943,0.7739999890327454,0.6499999761581421
43.67791938781738,0.6460000276565552,0.7379999756813049,0.6940000057220459,1.0920000076293943,0.7620000243186951,0.6499999761581421
43.687604904174805,0.6460000276565552,0.7360000014305115,0.6859999895095825,1.0920000076293943,0.7580000162124634,0.6499999761581421
43.69775152206421,0.6460000276565552,0.7300000190734863,0.6800000071525574,1.0880000591278076,0.7599999904632568,0.6499999761581421
43.70849323272705,0.6439999938011169,0.6899999976158142,0.6700000166893005,1.0759999752044678,0.7620000243186951,0.6499999761581421
43.7174289226532,0.6439999938011169,0.656000018119812,0.6499999761581421,1.055999994277954,0.7360000014305115,0.6499999761581421
43.727787256240845,0.6439999938011169,0.6539999842643738,0.6399999856948853,1.0299999713897705,0.7300000190734863,0.6520000100135803
43.73746180534363,0.6399999856948853,0.6520000100135803,0.6320000290870667,0.9900000095367432,0.7319999933242798,0.6520000100135803
43.748136043548584,0.6340000033378601,0.6520000100135803,0.6299999952316284,0.9539999961853028,0.7120000123977661,0.6539999842643738
43.76028037071228,0.6320000290870667,0.6480000019073486,0.6299999952316284,0.9139999747276306,0.7080000042915344,0.6539999842643738
43.768664836883545,0.6299999952316284,0.6439999938011169,0.6340000033378601,0.8339999914169312,0.7039999961853027,0.6539999842643738
43.77834343910217,0.628000020980835,0.6439999938011169,0.6340000033378601,0.7480000257492065,0.6959999799728394,0.656000018119812
43.787492752075195,0.6299999952316284,0.6420000195503235,0.6320000290870667,0.7160000205039978,0.6840000152587891,0.656000018119812
43.7974317073822,0.6320000290870667,0.6439999938011169,0.6340000033378601,0.7139999866485596,0.6679999828338623,0.6700000166893005
43.807496547698975,0.6320000290870667,0.6420000195503235,0.6340000033378601,0.7200000286102295,0.6639999747276306,0.6600000262260437
43.81879806518555,0.6320000290870667,0.6420000195503235,0.6320000290870667,0.7360000014305115,0.6779999732971191,0.6600000262260437
43.829880475997925,0.6299999952316284,0.6420000195503235,0.6320000290870667,0.7440000176429749,0.6819999814033508,0.6600000262260437
43.83892273902893,0.6299999952316284,0.6420000195503235,0.6320000290870667,0.7459999918937683,0.6859999895095825,0.6600000262260437
43.847630977630615,0.6320000290870667,0.6439999938011169,0.6320000290870667,0.7419999837875366,0.6840000152587891,0.6600000262260437
43.8609721660614,0.6320000290870667,0.6420000195503235,0.6320000290870667,0.7400000095367432,0.6840000152587891,0.6600000262260437
43.86772561073303,0.6320000290870667,0.6420000195503235,0.6320000290870667,0.7400000095367432,0.6819999814033508,0.6600000262260437
43.87773895263672,0.6320000290870667,0.6439999938011169,0.6299999952316284,0.7400000095367432,0.6819999814033508,0.6600000262260437
43.8877170085907,0.6320000290870667,0.6420000195503235,0.6299999952316284,0.7400000095367432,0.6819999814033508,0.6600000262260437
43.89771103858948,0.6320000290870667,0.6439999938011169,0.6320000290870667,0.7400000095367432,0.6819999814033508,0.6600000262260437
43.90774583816528,0.6320000290870667,0.6439999938011169,0.6320000290870667,0.7400000095367432,0.6800000071525574,0.6620000004768372
43.917587757110596,0.6320000290870667,0.6439999938011169,0.6320000290870667,0.7400000095367432,0.6800000071525574,0.6620000004768372
43.92844796180725,0.6320000290870667,0.6439999938011169,0.6320000290870667,0.7400000095367432,0.6800000071525574,0.6620000004768372
43.93769574165344,0.6320000290870667,0.6439999938011169,0.6320000290870667,0.7400000095367432,0.6800000071525574,0.6620000004768372
43.947482109069824,0.6320000290870667,0.6420000195503235,0.6320000290870667,0.7379999756813049,0.6800000071525574,0.6620000004768372
43.9576575756073,0.6320000290870667,0.6420000195503235,0.6320000290870667,0.7379999756813049,0.6800000071525574,0.6620000004768372
43.96776628494263,0.6320000290870667,0.6420000195503235,0.6320000290870667,0.7379999756813049,0.6819999814033508,0.6620000004768372
43.97763109207153,0.6320000290870667,0.6420000195503235,0.6320000290870667,0.7379999756813049,0.6819999814033508,0.6620000004768372
43.988659620285034,0.6320000290870667,0.6420000195503235,0.6320000290870667,0.7360000014305115,0.6800000071525574,0.6620000004768372
43.99921441078186,0.6320000290870667,0.6420000195503235,0.6320000290870667,0.7360000014305115,0.6800000071525574,0.6620000004768372
44.00771951675415,0.6320000290870667,0.6420000195503235,0.6320000290870667,0.7360000014305115,0.6800000071525574,0.6620000004768372
44.01783037185669,0.6320000290870667,0.6420000195503235,0.6320000290870667,0.734000027179718,0.6800000071525574,0.6620000004768372
44.02760601043701,0.6320000290870667,0.6420000195503235,0.6320000290870667,0.7319999933242798,0.6800000071525574,0.6600000262260437
44.0375440120697,0.6320000290870667,0.6420000195503235,0.6320000290870667,0.7319999933242798,0.6779999732971191,0.6600000262260437
44.04759621620178,0.6320000290870667,0.6420000195503235,0.6320000290870667,0.7300000190734863,0.6800000071525574,0.6600000262260437
44.057565212249756,0.6320000290870667,0.6420000195503235,0.6320000290870667,0.7279999852180481,0.6800000071525574,0.6600000262260437
44.06969857215881,0.6320000290870667,0.6420000195503235,0.6320000290870667,0.7260000109672546,0.6800000071525574,0.6600000262260437
44.07802772521973,0.6340000033378601,0.6420000195503235,0.6340000033378601,0.7239999771118164,0.6800000071525574,0.6600000262260437
44.087573766708374,0.6340000033378601,0.6420000195503235,0.6340000033378601,0.722000002861023,0.6779999732971191,0.6600000262260437
44.09874939918518,0.6340000033378601,0.6420000195503235,0.6340000033378601,0.722000002861023,0.6759999990463257,0.6600000262260437
44.10775542259216,0.6340000033378601,0.6420000195503235,0.6340000033378601,0.722000002861023,0.6779999732971191,0.6600000262260437
44.117483377456665,0.6340000033378601,0.6420000195503235,0.6340000033378601,0.722000002861023,0.6779999732971191,0.6600000262260437
44.12749528884888,0.6320000290870667,0.6420000195503235,0.6380000114440918,0.7239999771118164,0.656000018119812,0.6679999828338623
44.137784242630005,0.6340000033378601,0.6420000195503235,0.6439999938011169,0.7239999771118164,0.6520000100135803,0.6759999990463257
44.14755058288574,0.6399999856948853,0.6420000195503235,0.6460000276565552,0.7120000123977661,0.6520000100135803,0.6919999718666077
44.15791606903076,0.6460000276565552,0.6439999938011169,0.6480000019073486,0.7039999961853027,0.6460000276565552,0.7260000109672546
44.167545318603516,0.6359999775886536,0.6420000195503235,0.6579999923706055,0.699999988079071,0.6499999761581421,0.7300000190734863
44.17759847640991,0.6399999856948853,0.6420000195503235,0.6679999828338623,0.6980000138282776,0.6399999856948853,0.7279999852180481
44.18760085105896,0.656000018119812,0.6420000195503235,0.6700000166893005,0.6980000138282776,0.6439999938011169,0.7279999852180481
44.197636127471924,0.6600000262260437,0.6420000195503235,0.6859999895095825,0.7099999785423279,0.6480000019073486,0.7239999771118164
44.20937991142273,0.6740000247955322,0.6420000195503235,0.7020000219345093,0.722000002861023,0.671999990940094,0.7200000286102295
44.21752667427063,0.6899999976158142,0.6439999938011169,0.7099999785423279,0.7300000190734863,0.722000002861023,0.7179999947547913
44.22785043716431,0.7039999961853027,0.6420000195503235,0.7200000286102295,0.7400000095367432,0.7440000176429749,0.7139999866485596
44.238961935043335,0.7120000123977661,0.6420000195503235,0.7239999771118164,0.7440000176429749,0.7599999904632568,0.7139999866485596
44.24785113334656,0.722000002861023,0.6420000195503235,0.7319999933242798,0.777999997138977,0.7760000228881836,0.7139999866485596
44.258102893829346,0.7279999852180481,0.6460000276565552,0.7360000014305115,0.8119999766349792,0.7860000133514404,0.7139999866485596
44.26762914657593,0.7319999933242798,0.6460000276565552,0.7400000095367432,0.8259999752044678,0.7960000038146973,0.7120000123977661
44.27760601043701,0.7360000014305115,0.6499999761581421,0.7459999918937683,0.8339999914169312,0.8080000281333923,0.7099999785423279
44.28757882118225,0.7400000095367432,0.6499999761581421,0.7519999742507935,0.8420000076293945,0.8180000185966492,0.7080000042915344
44.29803538322449,0.7419999837875366,0.6499999761581421,0.7540000081062317,0.8479999899864197,0.8220000267028809,0.7080000042915344
44.31004023551941,0.7419999837875366,0.6539999842643738,0.7559999823570251,0.8500000238418579,0.8259999752044678,0.7039999961853027
44.31745529174805,0.7440000176429749,0.6539999842643738,0.7559999823570251,0.8500000238418579,0.828000009059906,0.7020000219345093
44.32766628265381,0.7459999918937683,0.6539999842643738,0.7580000162124634,0.8500000238418579,0.8299999833106995,0.699999988079071
44.340269565582275,0.7459999918937683,0.6539999842643738,0.7580000162124634,0.8500000238418579,0.8299999833106995,0.6959999799728394
44.34797811508179,0.7459999918937683,0.6539999842643738,0.7580000162124634,0.8479999899864197,0.8299999833106995,0.6940000057220459
44.35790944099426,0.7480000257492065,0.6539999842643738,0.7580000162124634,0.8479999899864197,0.828000009059906,0.6919999718666077
44.367772817611694,0.7480000257492065,0.6539999842643738,0.7599999904632568,0.8479999899864197,0.828000009059906,0.6899999976158142
44.37753510475159,0.7480000257492065,0.6539999842643738,0.7599999904632568,0.8460000157356262,0.8259999752044678,0.6899999976158142
44.387486934661865,0.7480000257492065,0.6539999842643738,0.7599999904632568,0.8460000157356262,0.8240000009536743,0.6880000233650208
44.39791655540466,0.75,0.6539999842643738,0.7620000243186951,0.843999981880188,0.8240000009536743,0.6880000233650208
44.40767431259155,0.75,0.6539999842643738,0.7620000243186951,0.843999981880188,0.8220000267028809,0.6859999895095825
44.417540550231934,0.7519999742507935,0.6539999842643738,0.7620000243186951,0.843999981880188,0.8199999928474426,0.6859999895095825
44.4278609752655,0.7519999742507935,0.6539999842643738,0.7620000243186951,0.843999981880188,0.8199999928474426,0.6859999895095825
44.438393115997314,0.7540000081062317,0.6539999842643738,0.7639999985694885,0.843999981880188,0.8199999928474426,0.6859999895095825
44.44753456115723,0.7540000081062317,0.6539999842643738,0.7639999985694885,0.843999981880188,0.8199999928474426,0.6859999895095825
44.45756483078003,0.7559999823570251,0.6539999842643738,0.7639999985694885,0.843999981880188,0.8199999928474426,0.6859999895095825
44.46805143356323,0.7559999823570251,0.6539999842643738,0.7639999985694885,0.843999981880188,0.8199999928474426,0.6859999895095825
44.4779908657074,0.7559999823570251,0.6539999842643738,0.765999972820282,0.843999981880188,0.8220000267028809,0.6859999895095825
44.4876606464386,0.7559999823570251,0.6539999842643738,0.765999972820282,0.8460000157356262,0.8220000267028809,0.6880000233650208
44.49810481071472,0.7559999823570251,0.6539999842643738,0.7680000066757202,0.8479999899864197,0.8240000009536743,0.6880000233650208
44.50751733779907,0.7580000162124634,0.6539999842643738,0.7680000066757202,0.8500000238418579,0.8259999752044678,0.6880000233650208
44.51758360862732,0.7580000162124634,0.6539999842643738,0.7680000066757202,0.8500000238418579,0.828000009059906,0.6880000233650208
44.527503967285156,0.7580000162124634,0.6539999842643738,0.7699999809265137,0.8519999980926514,0.8320000171661377,0.6899999976158142
44.53753161430359,0.7580000162124634,0.6539999842643738,0.7699999809265137,0.8539999723434448,0.8339999914169312,0.6919999718666077
44.54790997505188,0.7580000162124634,0.6539999842643738,0.7699999809265137,0.8539999723434448,0.8360000252723694,0.6940000057220459
44.55953550338745,0.7559999823570251,0.6539999842643738,0.7699999809265137,0.8560000061988831,0.8379999995231628,0.6959999799728394
44.567482709884644,0.7559999823570251,0.6539999842643738,0.7699999809265137,0.8560000061988831,0.8399999737739563,0.699999988079071
44.577603816986084,0.7540000081062317,0.6539999842643738,0.7699999809265137,0.8600000143051147,0.8420000076293945,0.7020000219345093
44.593090295791626,0.7519999742507935,0.6539999842643738,0.7699999809265137,0.8640000224113464,0.8500000238418579,0.7039999961853027
44.60008144378662,0.75,0.6539999842643738,0.7699999809265137,0.8679999709129333,0.8579999804496765,0.7059999704360962
44.60840940475464,0.75,0.6539999842643738,0.7699999809265137,0.871999979019165,0.8640000224113464,0.7059999704360962
44.61744832992554,0.7480000257492065,0.6539999842643738,0.7699999809265137,0.8740000128746033,0.8700000047683716,0.7059999704360962
44.62759804725647,0.7480000257492065,0.6539999842643738,0.7699999809265137,0.8759999871253967,0.8740000128746033,0.7059999704360962
44.637415409088135,0.7480000257492065,0.656000018119812,0.7699999809265137,0.8799999952316284,0.878000020980835,0.7080000042915344
44.64761161804199,0.7480000257492065,0.656000018119812,0.7720000147819519,0.8820000290870667,0.8820000290870667,0.7059999704360962
44.65786862373352,0.7480000257492065,0.656000018119812,0.7720000147819519,0.8840000033378601,0.8840000033378601,0.7059999704360962
44.66760587692261,0.7459999918937683,0.656000018119812,0.7720000147819519,0.8859999775886536,0.8880000114440918,0.7059999704360962
44.67753338813782,0.7459999918937683,0.6539999842643738,0.7720000147819519,0.8880000114440918,0.8920000195503235,0.7059999704360962
44.68856644630432,0.7459999918937683,0.656000018119812,0.7720000147819519,0.8920000195503235,0.8939999938011169,0.7059999704360962
44.6983916759491,0.7440000176429749,0.6539999842643738,0.7720000147819519,0.8960000276565552,0.8999999761581421,0.7059999704360962
44.70769262313843,0.7440000176429749,0.6539999842643738,0.7720000147819519,0.8999999761581421,0.9020000100135804,0.7059999704360962
44.71752142906189,0.7440000176429749,0.6539999842643738,0.7739999890327454,0.9039999842643738,0.9079999923706056,0.7039999961853027
44.72779631614685,0.7419999837875366,0.6539999842643738,0.7739999890327454,0.906000018119812,0.9120000004768372,0.7039999961853027
44.73736095428467,0.7419999837875366,0.6539999842643738,0.7739999890327454,0.9100000262260436,0.9160000085830688,0.7020000219345093
44.74742794036865,0.7419999837875366,0.6539999842643738,0.7760000228881836,0.9160000085830688,0.921999990940094,0.699999988079071
44.75752663612366,0.7419999837875366,0.6539999842643738,0.7760000228881836,0.9200000166893004,0.9279999732971193,0.6980000138282776
44.76829218864441,0.7419999837875366,0.6539999842643738,0.777999997138977,0.9240000247955322,0.9319999814033508,0.6959999799728394
44.77952766418457,0.7419999837875366,0.6539999842643738,0.777999997138977,0.9319999814033508,0.9380000233650208,0.6899999976158142
44.78943967819214,0.7419999837875366,0.6539999842643738,0.7799999713897705,0.9380000233650208,0.944000005722046,0.6880000233650208
44.79771304130554,0.7440000176429749,0.6539999842643738,0.7799999713897705,0.944000005722046,0.9480000138282776,0.6819999814033508
44.80795907974243,0.7440000176429749,0.6539999842643738,0.7799999713897705,0.949999988079071,0.949999988079071,0.6800000071525574
44.817853927612305,0.7440000176429749,0.656000018119812,0.7820000052452087,0.9580000042915344,0.9559999704360962,0.6740000247955322
44.82759761810303,0.7440000176429749,0.656000018119812,0.7820000052452087,0.9639999866485596,0.959999978542328,0.6700000166893005
44.837589263916016,0.7440000176429749,0.6579999923706055,0.7839999794960022,0.9739999771118164,0.962000012397766,0.6679999828338623
44.84769368171692,0.7440000176429749,0.6620000004768372,0.7839999794960022,0.9800000190734864,0.9639999866485596,0.6620000004768372
44.857582807540894,0.7440000176429749,0.6660000085830688,0.7839999794960022,0.9860000014305116,0.9660000205039978,0.6600000262260437
44.867687702178955,0.7419999837875366,0.6679999828338623,0.7839999794960022,0.9959999918937684,0.9679999947547911,0.656000018119812
44.877424240112305,0.7419999837875366,0.671999990940094,0.7839999794960022,1.0019999742507937,0.9700000286102296,0.6539999842643738
44.88765287399292,0.7419999837875366,0.6740000247955322,0.7839999794960022,1.00600004196167,0.972000002861023,0.6539999842643738
44.89796423912048,0.7400000095367432,0.6759999990463257,0.7839999794960022,1.0140000581741333,0.9739999771118164,0.6520000100135803
44.90817737579346,0.7379999756813049,0.6779999732971191,0.7839999794960022,1.0199999809265137,0.9739999771118164,0.6520000100135803
44.92038440704346,0.7319999933242798,0.6800000071525574,0.7839999794960022,1.0299999713897705,0.9760000109672546,0.6520000100135803
44.92863202095032,0.7260000109672546,0.6859999895095825,0.7839999794960022,1.0360000133514404,0.9760000109672546,0.6520000100135803
44.93783903121948,0.722000002861023,0.6899999976158142,0.7820000052452087,1.0440000295639038,0.9760000109672546,0.6520000100135803
44.947765827178955,0.7099999785423279,0.6940000057220459,0.7799999713897705,1.0520000457763672,0.9760000109672546,0.6520000100135803
44.957947731018066,0.6959999799728394,0.6959999799728394,0.7760000228881836,1.059999942779541,0.9760000109672546,0.6520000100135803
44.96743369102478,0.6740000247955322,0.7020000219345093,0.765999972820282,1.0679999589920044,0.972000002861023,0.6520000100135803
44.97758078575134,0.656000018119812,0.7059999704360962,0.75,1.0740000009536743,0.9639999866485596,0.6499999761581421
44.99034595489502,0.6460000276565552,0.7120000123977661,0.734000027179718,1.0779999494552612,0.949999988079071,0.6499999761581421
44.99762463569641,0.6399999856948853,0.7179999947547913,0.7139999866485596,1.0820000171661377,0.8799999952316284,0.6480000019073486
45.01318311691284,0.6399999856948853,0.7200000286102295,0.7059999704360962,1.0839999914169312,0.8159999847412109,0.6480000019073486
45.01930046081543,0.6439999938011169,0.722000002861023,0.6940000057220459,1.0859999656677246,0.7680000066757202,0.6480000019073486
45.02751588821411,0.6439999938011169,0.7200000286102295,0.6840000152587891,1.0859999656677246,0.7620000243186951,0.6480000019073486
45.038089752197266,0.6420000195503235,0.7039999961853027,0.6800000071525574,1.0820000171661377,0.7599999904632568,0.6480000019073486
45.048951625823975,0.6420000195503235,0.6579999923706055,0.671999990940094,1.0720000267028809,0.7599999904632568,0.6499999761581421
45.05781292915344,0.6420000195503235,0.6539999842643738,0.6539999842643738,1.0460000038146973,0.7599999904632568,0.6499999761581421
45.067436933517456,0.6420000195503235,0.6480000019073486,0.6439999938011169,1.0199999809265137,0.734000027179718,0.6520000100135803
45.07761764526367,0.6420000195503235,0.6460000276565552,0.6359999775886536,0.9819999933242798,0.7239999771118164,0.6520000100135803
45.08761692047119,0.6399999856948853,0.6460000276565552,0.6340000033378601,0.9520000219345092,0.7279999852180481,0.6539999842643738
45.09739422798157,0.6340000033378601,0.6420000195503235,0.6340000033378601,0.9020000100135804,0.7239999771118164,0.6539999842643738
45.10761260986328,0.6299999952316284,0.6399999856948853,0.6380000114440918,0.800000011920929,0.7099999785423279,0.6539999842643738
45.117798805236816,0.628000020980835,0.6399999856948853,0.6380000114440918,0.734000027179718,0.6880000233650208,0.656000018119812
45.127610206604004,0.6299999952316284,0.6399999856948853,0.6359999775886536,0.7179999947547913,0.6660000085830688,0.656000018119812
45.137919664382935,0.6299999952316284,0.6420000195503235,0.6380000114440918,0.722000002861023,0.6579999923706055,0.6620000004768372
45.14798879623413,0.6320000290870667,0.6420000195503235,0.6380000114440918,0.7260000109672546,0.6579999923706055,0.6600000262260437
45.158228635787964,0.6299999952316284,0.6420000195503235,0.6380000114440918,0.7360000014305115,0.6639999747276306,0.6579999923706055
45.16799020767212,0.6299999952316284,0.6420000195503235,0.6380000114440918,0.7459999918937683,0.671999990940094,0.6579999923706055
45.177518129348755,0.6320000290870667,0.6420000195503235,0.6380000114440918,0.7480000257492065,0.6759999990463257,0.6579999923706055
45.18749642372131,0.6320000290870667,0.6420000195503235,0.6380000114440918,0.7459999918937683,0.6759999990463257,0.6579999923706055
45.19756007194519,0.6320000290870667,0.6420000195503235,0.6380000114440918,0.7459999918937683,0.6759999990463257,0.6579999923706055
45.207441091537476,0.6320000290870667,0.6420000195503235,0.6359999775886536,0.7440000176429749,0.6740000247955322,0.6579999923706055
45.21769332885742,0.6320000290870667,0.6420000195503235,0.6359999775886536,0.7440000176429749,0.6740000247955322,0.6579999923706055
45.22879362106323,0.6320000290870667,0.6420000195503235,0.6359999775886536,0.7440000176429749,0.6740000247955322,0.6579999923706055
45.238224029541016,0.6320000290870667,0.6420000195503235,0.6359999775886536,0.7419999837875366,0.6740000247955322,0.6579999923706055
45.248047828674316,0.6320000290870667,0.6420000195503235,0.6359999775886536,0.7419999837875366,0.671999990940094,0.6579999923706055
45.26036763191223,0.6320000290870667,0.6420000195503235,0.6359999775886536,0.7419999837875366,0.6700000166893005,0.6579999923706055
45.26762080192566,0.6320000290870667,0.6420000195503235,0.6359999775886536,0.7419999837875366,0.6679999828338623,0.6579999923706055
45.27754282951355,0.6320000290870667,0.6420000195503235,0.6359999775886536,0.7400000095367432,0.6700000166893005,0.6579999923706055
45.287864685058594,0.6320000290870667,0.6420000195503235,0.6359999775886536,0.7400000095367432,0.671999990940094,0.6579999923706055
45.297526359558105,0.6320000290870667,0.6420000195503235,0.6359999775886536,0.7400000095367432,0.671999990940094,0.6579999923706055
45.307730197906494,0.6320000290870667,0.6420000195503235,0.6359999775886536,0.7400000095367432,0.6740000247955322,0.6600000262260437
45.31808090209961,0.6320000290870667,0.6420000195503235,0.6359999775886536,0.7400000095367432,0.6740000247955322,0.6600000262260437
45.32759380340576,0.6320000290870667,0.6420000195503235,0.6359999775886536,0.7379999756813049,0.671999990940094,0.6600000262260437
45.337454080581665,0.6320000290870667,0.6420000195503235,0.6359999775886536,0.7360000014305115,0.671999990940094,0.6600000262260437
45.34878849983215,0.6320000290870667,0.6420000195503235,0.6359999775886536,0.7360000014305115,0.671999990940094,0.6600000262260437
45.36065316200256,0.6320000290870667,0.6420000195503235,0.6359999775886536,0.7360000014305115,0.6700000166893005,0.6600000262260437
45.368282079696655,0.6320000290870667,0.6420000195503235,0.6359999775886536,0.734000027179718,0.6679999828338623,0.6600000262260437
45.37758255004883,0.6320000290870667,0.6420000195503235,0.6359999775886536,0.734000027179718,0.6679999828338623,0.6600000262260437
45.387911319732666,0.6320000290870667,0.6420000195503235,0.6359999775886536,0.7319999933242798,0.6700000166893005,0.6600000262260437
45.397735357284546,0.6320000290870667,0.6420000195503235,0.6359999775886536,0.7300000190734863,0.6700000166893005,0.6579999923706055
45.408283710479736,0.6320000290870667,0.6420000195503235,0.6359999775886536,0.7300000190734863,0.671999990940094,0.6579999923706055
45.417656660079956,0.6320000290870667,0.6420000195503235,0.6359999775886536,0.7300000190734863,0.671999990940094,0.6579999923706055
45.427595138549805,0.6320000290870667,0.6420000195503235,0.6359999775886536,0.7279999852180481,0.6740000247955322,0.6579999923706055
45.43777108192444,0.6340000033378601,0.6420000195503235,0.6359999775886536,0.7279999852180481,0.671999990940094,0.6579999923706055
45.44762063026428,0.6340000033378601,0.6420000195503235,0.6359999775886536,0.7279999852180481,0.671999990940094,0.6579999923706055
45.45996022224426,0.6320000290870667,0.6420000195503235,0.6380000114440918,0.7260000109672546,0.6620000004768372,0.6600000262260437
45.467803955078125,0.6320000290870667,0.6420000195503235,0.6420000195503235,0.7260000109672546,0.6539999842643738,0.6679999828338623
45.477916955947876,0.6340000033378601,0.6399999856948853,0.6480000019073486,0.722000002861023,0.6520000100135803,0.6740000247955322
45.48768973350525,0.6359999775886536,0.6420000195503235,0.6499999761581421,0.7080000042915344,0.6499999761581421,0.6880000233650208
45.497867822647095,0.6359999775886536,0.6420000195503235,0.6520000100135803,0.7020000219345093,0.6480000019073486,0.7160000205039978
45.507861614227295,0.6299999952316284,0.6420000195503235,0.6620000004768372,0.6980000138282776,0.6499999761581421,0.7279999852180481
45.517582178115845,0.6380000114440918,0.6420000195503235,0.6679999828338623,0.6980000138282776,0.6439999938011169,0.7260000109672546
45.527583360672,0.6499999761581421,0.6420000195503235,0.6700000166893005,0.6980000138282776,0.6480000019073486,0.7239999771118164
45.537779331207275,0.6579999923706055,0.6420000195503235,0.6899999976158142,0.7139999866485596,0.6539999842643738,0.7200000286102295
45.54753661155701,0.6679999828338623,0.6420000195503235,0.7020000219345093,0.7260000109672546,0.7179999947547913,0.7179999947547913
45.55745053291321,0.6899999976158142,0.6420000195503235,0.7139999866485596,0.7440000176429749,0.7419999837875366,0.7139999866485596
45.56765174865723,0.7059999704360962,0.6420000195503235,0.7239999771118164,0.7559999823570251,0.765999972820282,0.7120000123977661
45.5784957408905,0.7120000123977661,0.6420000195503235,0.7279999852180481,0.765999972820282,0.7760000228881836,0.7120000123977661
45.58980870246887,0.722000002861023,0.6420000195503235,0.734000027179718,0.8100000023841858,0.7919999957084656,0.7120000123977661
45.59826731681824,0.7279999852180481,0.6439999938011169,0.7400000095367432,0.8299999833106995,0.8059999942779541,0.7120000123977661
45.608530044555664,0.7319999933242798,0.6460000276565552,0.7459999918937683,0.843999981880188,0.8180000185966492,0.7099999785423279
45.620656967163086,0.734000027179718,0.6460000276565552,0.75,0.8560000061988831,0.8259999752044678,0.7099999785423279
45.627537965774536,0.7360000014305115,0.6460000276565552,0.7519999742507935,0.8619999885559082,0.8360000252723694,0.7080000042915344
45.637797832489014,0.7379999756813049,0.6480000019073486,0.7540000081062317,0.8679999709129333,0.8399999737739563,0.7080000042915344
45.64814281463623,0.7400000095367432,0.6480000019073486,0.7559999823570251,0.8700000047683716,0.843999981880188,0.7059999704360962
45.65744352340698,0.7400000095367432,0.6499999761581421,0.7580000162124634,0.8700000047683716,0.843999981880188,0.7020000219345093
45.66772222518921,0.7400000095367432,0.6499999761581421,0.7580000162124634,0.8700000047683716,0.843999981880188,0.699999988079071
45.6775336265564,0.7400000095367432,0.6499999761581421,0.7580000162124634,0.8700000047683716,0.843999981880188,0.699999988079071
45.687870502471924,0.7419999837875366,0.6499999761581421,0.7580000162124634,0.8700000047683716,0.8420000076293945,0.6980000138282776
45.698203563690186,0.7419999837875366,0.6480000019073486,0.7580000162124634,0.8679999709129333,0.8399999737739563,0.6980000138282776
45.709861040115356,0.7419999837875366,0.6480000019073486,0.7580000162124634,0.8679999709129333,0.8399999737739563,0.6959999799728394
45.717759132385254,0.7419999837875366,0.6480000019073486,0.7599999904632568,0.8659999966621399,0.8399999737739563,0.6959999799728394
45.72760820388794,0.7440000176429749,0.6499999761581421,0.7599999904632568,0.8659999966621399,0.8399999737739563,0.6940000057220459
45.737603425979614,0.7440000176429749,0.6499999761581421,0.7599999904632568,0.8659999966621399,0.8399999737739563,0.6940000057220459
45.74770951271057,0.7440000176429749,0.6499999761581421,0.7620000243186951,0.8640000224113464,0.8399999737739563,0.6919999718666077
45.75847005844116,0.7459999918937683,0.6499999761581421,0.7620000243186951,0.8640000224113464,0.8399999737739563,0.6919999718666077
45.76742887496948,0.7459999918937683,0.6499999761581421,0.7620000243186951,0.8640000224113464,0.8399999737739563,0.6899999976158142
45.77768611907959,0.7480000257492065,0.6499999761581421,0.7639999985694885,0.8640000224113464,0.8399999737739563,0.6899999976158142
45.78756523132324,0.7480000257492065,0.6499999761581421,0.7639999985694885,0.8640000224113464,0.8399999737739563,0.6899999976158142
45.79788541793823,0.75,0.6499999761581421,0.765999972820282,0.8640000224113464,0.8399999737739563,0.6899999976158142
45.80932831764221,0.75,0.6499999761581421,0.765999972820282,0.8640000224113464,0.8399999737739563,0.6899999976158142
45.81774592399597,0.7519999742507935,0.6499999761581421,0.765999972820282,0.8659999966621399,0.8420000076293945,0.6899999976158142
45.828892946243286,0.7519999742507935,0.6499999761581421,0.7680000066757202,0.8659999966621399,0.8420000076293945,0.6899999976158142
45.83763098716736,0.7540000081062317,0.6499999761581421,0.7680000066757202,0.8679999709129333,0.8420000076293945,0.6899999976158142
45.84771394729614,0.7540000081062317,0.6499999761581421,0.7699999809265137,0.8679999709129333,0.8399999737739563,0.6899999976158142
45.8576078414917,0.7540000081062317,0.6499999761581421,0.7699999809265137,0.8679999709129333,0.8420000076293945,0.6899999976158142
45.867542028427124,0.7559999823570251,0.6520000100135803,0.7699999809265137,0.8700000047683716,0.8420000076293945,0.6899999976158142
45.87751603126526,0.7559999823570251,0.6520000100135803,0.7699999809265137,0.8700000047683716,0.843999981880188,0.6899999976158142
45.88753581047058,0.7559999823570251,0.6520000100135803,0.7699999809265137,0.871999979019165,0.843999981880188,0.6919999718666077
45.89749550819397,0.7559999823570251,0.6520000100135803,0.7720000147819519,0.871999979019165,0.8460000157356262,0.6919999718666077
45.907524824142456,0.7559999823570251,0.6520000100135803,0.7720000147819519,0.8740000128746033,0.8479999899864197,0.6940000057220459
45.917447090148926,0.7559999823570251,0.6520000100135803,0.7720000147819519,0.8740000128746033,0.8500000238418579,0.6940000057220459
45.92950367927551,0.7540000081062317,0.6520000100135803,0.7720000147819519,0.8759999871253967,0.8539999723434448,0.6959999799728394
45.93971538543701,0.7540000081062317,0.6520000100135803,0.7720000147819519,0.8799999952316284,0.8579999804496765,0.6980000138282776
45.94842076301575,0.7540000081062317,0.6520000100135803,0.7720000147819519,0.8840000033378601,0.8619999885559082,0.6980000138282776
45.96094989776611,0.7540000081062317,0.6539999842643738,0.7720000147819519,0.8859999775886536,0.8679999709129333,0.6980000138282776
45.96751594543457,0.7519999742507935,0.6520000100135803,0.7720000147819519,0.8899999856948853,0.871999979019165,0.699999988079071
45.97762942314148,0.7519999742507935,0.6539999842643738,0.7739999890327454,0.8939999938011169,0.878000020980835,0.699999988079071
45.98753643035889,0.7519999742507935,0.6539999842643738,0.7739999890327454,0.8960000276565552,0.8799999952316284,0.699999988079071
45.99748182296753,0.75,0.6539999842643738,0.7739999890327454,0.8980000019073486,0.8840000033378601,0.7020000219345093
46.008118629455566,0.7519999742507935,0.6539999842643738,0.7739999890327454,0.8999999761581421,0.8859999775886536,0.7020000219345093
46.01761031150818,0.75,0.6539999842643738,0.7739999890327454,0.9020000100135804,0.8899999856948853,0.7020000219345093
46.02807116508484,0.75,0.6539999842643738,0.7760000228881836,0.9039999842643738,0.8920000195503235,0.699999988079071
46.037625312805176,0.75,0.6539999842643738,0.7760000228881836,0.906000018119812,0.8939999938011169,0.699999988079071
46.05001497268677,0.75,0.6539999842643738,0.7760000228881836,0.9100000262260436,0.8980000019073486,0.6980000138282776
46.058085441589355,0.75,0.6539999842643738,0.7760000228881836,0.9120000004768372,0.9020000100135804,0.6980000138282776
46.067665815353394,0.75,0.6539999842643738,0.777999997138977,0.9179999828338624,0.906000018119812,0.6940000057220459
46.07930541038513,0.75,0.6539999842643738,0.777999997138977,0.9240000247955322,0.9100000262260436,0.6919999718666077
46.08844327926636,0.75,0.6539999842643738,0.777999997138977,0.9300000071525574,0.9120000004768372,0.6899999976158142
46.09758543968201,0.75,0.6539999842643738,0.777999997138977,0.9359999895095824,0.9179999828338624,0.6859999895095825
46.10741662979126,0.75,0.6539999842643738,0.7799999713897705,0.9419999718666076,0.9240000247955322,0.6819999814033508
46.11744403839111,0.75,0.6539999842643738,0.7799999713897705,0.9459999799728394,0.9259999990463256,0.6800000071525574
46.1277277469635,0.75,0.6539999842643738,0.7820000052452087,0.949999988079071,0.9319999814033508,0.6759999990463257
46.13744497299194,0.75,0.6539999842643738,0.7820000052452087,0.9559999704360962,0.9359999895095824,0.671999990940094
46.14759397506714,0.75,0.6539999842643738,0.7820000052452087,0.962000012397766,0.9399999976158142,0.6700000166893005
46.15745544433594,0.75,0.6539999842643738,0.7839999794960022,0.9700000286102296,0.9459999799728394,0.6679999828338623
46.16795229911804,0.75,0.656000018119812,0.7839999794960022,0.9739999771118164,0.9480000138282776,0.6620000004768372
46.177921295166016,0.75,0.6579999923706055,0.7839999794960022,0.9800000190734864,0.9539999961853028,0.6600000262260437
46.18782329559326,0.75,0.6620000004768372,0.7860000133514404,0.9860000014305116,0.9580000042915344,0.656000018119812
46.199551820755005,0.75,0.6639999747276306,0.7839999794960022,0.9940000176429749,0.959999978542328,0.656000018119812
46.20782470703125,0.7480000257492065,0.6679999828338623,0.7860000133514404,1.0,0.962000012397766,0.6539999842643738
46.21761608123779,0.7480000257492065,0.6679999828338623,0.7860000133514404,1.00600004196167,0.9639999866485596,0.6539999842643738
46.22761821746826,0.7459999918937683,0.671999990940094,0.7860000133514404,1.0119999647140503,0.9660000205039978,0.6520000100135803
46.23753643035889,0.7440000176429749,0.6759999990463257,0.7860000133514404,1.0180000066757202,0.9679999947547911,0.6520000100135803
46.247600078582764,0.7419999837875366,0.6779999732971191,0.7860000133514404,1.0260000228881836,0.9700000286102296,0.6520000100135803
46.25751805305481,0.7400000095367432,0.6800000071525574,0.7860000133514404,1.031999945640564,0.972000002861023,0.6520000100135803
46.267847537994385,0.734000027179718,0.6840000152587891,0.7860000133514404,1.037999987602234,0.972000002861023,0.6520000100135803
46.277469635009766,0.7300000190734863,0.6859999895095825,0.7839999794960022,1.0479999780654907,0.972000002861023,0.6520000100135803
46.28809976577759,0.7260000109672546,0.6880000233650208,0.7820000052452087,1.0520000457763672,0.972000002861023,0.6520000100135803
46.29864001274109,0.7139999866485596,0.6919999718666077,0.7799999713897705,1.062000036239624,0.972000002861023,0.6520000100135803
46.30839443206787,0.6980000138282776,0.6959999799728394,0.7760000228881836,1.0679999589920044,0.9700000286102296,0.6520000100135803
46.3205726146698,0.6840000152587891,0.699999988079071,0.765999972820282,1.0759999752044678,0.9639999866485596,0.6520000100135803
46.32766008377075,0.671999990940094,0.7039999961853027,0.7559999823570251,1.0800000429153442,0.959999978542328,0.6520000100135803
46.33756470680237,0.656000018119812,0.7099999785423279,0.7360000014305115,1.0839999914169312,0.9480000138282776,0.6499999761581421
46.34752702713013,0.6480000019073486,0.7139999866485596,0.7239999771118164,1.0859999656677246,0.9279999732971193,0.6499999761581421
46.35763430595398,0.6439999938011169,0.7179999947547913,0.7120000123977661,1.0880000591278076,0.8500000238418579,0.6499999761581421
46.36774969100952,0.6420000195503235,0.722000002861023,0.7039999961853027,1.090000033378601,0.7919999957084656,0.6499999761581421
46.37756133079529,0.6439999938011169,0.7239999771118164,0.6980000138282776,1.0920000076293943,0.765999972820282,0.6499999761581421
46.38750982284546,0.6460000276565552,0.7239999771118164,0.6899999976158142,1.0920000076293943,0.7599999904632568,0.6499999761581421
46.397568225860596,0.6460000276565552,0.7200000286102295,0.6840000152587891,1.0920000076293943,0.7559999823570251,0.6499999761581421
46.407559633255005,0.6439999938011169,0.6859999895095825,0.6759999990463257,1.0859999656677246,0.7559999823570251,0.6499999761581421
46.42060923576355,0.6439999938011169,0.656000018119812,0.6660000085830688,1.0720000267028809,0.7580000162124634,0.6499999761581421
46.427852153778076,0.6439999938011169,0.656000018119812,0.6520000100135803,1.0540000200271606,0.7379999756813049,0.6499999761581421
46.43746066093445,0.6439999938011169,0.6520000100135803,0.6399999856948853,1.0199999809265137,0.722000002861023,0.6520000100135803
46.448171615600586,0.6420000195503235,0.6480000019073486,0.6340000033378601,0.9919999837875366,0.7279999852180481,0.6520000100135803
46.45828723907471,0.6380000114440918,0.6480000019073486,0.6320000290870667,0.9559999704360962,0.7279999852180481,0.6539999842643738
46.467442989349365,0.6340000033378601,0.6439999938011169,0.6299999952316284,0.9079999923706056,0.7160000205039978,0.6539999842643738
46.47786045074463,0.6299999952316284,0.6420000195503235,0.6340000033378601,0.8539999723434448,0.7120000123977661,0.656000018119812
46.487722635269165,0.6299999952316284,0.6399999856948853,0.6340000033378601,0.7419999837875366,0.6940000057220459,0.656000018119812
46.497599840164185,0.6299999952316284,0.6399999856948853,0.6320000290870667,0.7160000205039978,0.6840000152587891,0.656000018119812
46.507670879364014,0.6320000290870667,0.6399999856948853,0.6340000033378601,0.7139999866485596,0.6660000085830688,0.6700000166893005
46.51752948760986,0.6320000290870667,0.6399999856948853,0.6340000033378601,0.722000002861023,0.6639999747276306,0.6600000262260437
46.52770137786865,0.6320000290870667,0.6399999856948853,0.6320000290870667,0.7319999933242798,0.671999990940094,0.6579999923706055
46.53798723220825,0.6320000290870667,0.6399999856948853,0.6340000033378601,0.7419999837875366,0.6800000071525574,0.6600000262260437
46.54765224456787,0.6320000290870667,0.6399999856948853,0.6340000033378601,0.7440000176429749,0.6840000152587891,0.6600000262260437
46.558170557022095,0.6320000290870667,0.6399999856948853,0.6340000033378601,0.7459999918937683,0.6840000152587891,0.6600000262260437
46.569138526916504,0.6320000290870667,0.6399999856948853,0.6320000290870667,0.7440000176429749,0.6819999814033508,0.6600000262260437
46.577646017074585,0.6320000290870667,0.6399999856948853,0.6320000290870667,0.7440000176429749,0.6819999814033508,0.6600000262260437
46.58759570121765,0.6320000290870667,0.6420000195503235,0.6320000290870667,0.7419999837875366,0.6819999814033508,0.6600000262260437
46.59756922721863,0.6320000290870667,0.6399999856948853,0.6320000290870667,0.7419999837875366,0.6819999814033508,0.6600000262260437
46.6075394153595,0.6320000290870667,0.6420000195503235,0.6320000290870667,0.7419999837875366,0.6800000071525574,0.6600000262260437
46.61762523651123,0.6320000290870667,0.6420000195503235,0.6340000033378601,0.7419999837875366,0.6800000071525574,0.6600000262260437
46.62787699699402,0.6320000290870667,0.6420000195503235,0.6340000033378601,0.7419999837875366,0.6779999732971191,0.6600000262260437
46.63757514953613,0.6320000290870667,0.6420000195503235,0.6340000033378601,0.7419999837875366,0.6759999990463257,0.6600000262260437
46.64775609970093,0.6320000290870667,0.6399999856948853,0.6340000033378601,0.7400000095367432,0.6759999990463257,0.6600000262260437
46.65739822387695,0.6320000290870667,0.6399999856948853,0.6340000033378601,0.7400000095367432,0.6779999732971191,0.6600000262260437
46.667622327804565,0.6320000290870667,0.6399999856948853,0.6340000033378601,0.7400000095367432,0.6779999732971191,0.6600000262260437
46.68250107765198,0.6320000290870667,0.6399999856948853,0.6320000290870667,0.7400000095367432,0.6800000071525574,0.6600000262260437
46.68869161605835,0.6320000290870667,0.6420000195503235,0.6320000290870667,0.7379999756813049,0.6800000071525574,0.6600000262260437
46.69852614402771,0.6320000290870667,0.6399999856948853,0.6340000033378601,0.7379999756813049,0.6800000071525574,0.6600000262260437
46.70910453796387,0.6320000290870667,0.6420000195503235,0.6340000033378601,0.7360000014305115,0.6800000071525574,0.6600000262260437
46.717949628829956,0.6320000290870667,0.6399999856948853,0.6340000033378601,0.7360000014305115,0.6800000071525574,0.6600000262260437
46.72793126106262,0.6320000290870667,0.6399999856948853,0.6340000033378601,0.734000027179718,0.6800000071525574,0.6600000262260437
46.73758316040039,0.6320000290870667,0.6420000195503235,0.6340000033378601,0.7319999933242798,0.6779999732971191,0.6600000262260437
46.74750232696533,0.6320000290870667,0.6420000195503235,0.6340000033378601,0.7319999933242798,0.6779999732971191,0.6600000262260437
46.75798177719116,0.6320000290870667,0.6420000195503235,0.6340000033378601,0.7300000190734863,0.6779999732971191,0.6600000262260437
46.76750922203064,0.6320000290870667,0.6399999856948853,0.6340000033378601,0.7300000190734863,0.6800000071525574,0.6600000262260437
46.77749443054199,0.6340000033378601,0.6420000195503235,0.6340000033378601,0.7279999852180481,0.6800000071525574,0.6600000262260437
46.788063764572144,0.6340000033378601,0.6420000195503235,0.6340000033378601,0.7260000109672546,0.6800000071525574,0.6600000262260437
46.79788112640381,0.6340000033378601,0.6420000195503235,0.6340000033378601,0.7260000109672546,0.6779999732971191,0.6600000262260437
46.808141231536865,0.6340000033378601,0.6420000195503235,0.6340000033378601,0.7260000109672546,0.6779999732971191,0.6600000262260437
46.81830644607544,0.6340000033378601,0.6420000195503235,0.6340000033378601,0.7260000109672546,0.6779999732971191,0.6600000262260437
46.82759141921997,0.6340000033378601,0.6420000195503235,0.6359999775886536,0.7260000109672546,0.6779999732971191,0.6600000262260437
46.83750295639038,0.6320000290870667,0.6399999856948853,0.6380000114440918,0.7260000109672546,0.6600000262260437,0.6639999747276306
46.84751081466675,0.6340000033378601,0.6399999856948853,0.6439999938011169,0.7260000109672546,0.6520000100135803,0.6740000247955322
46.85762047767639,0.6380000114440918,0.6399999856948853,0.6499999761581421,0.7200000286102295,0.6499999761581421,0.6800000071525574
46.86751055717468,0.6439999938011169,0.6399999856948853,0.6499999761581421,0.7120000123977661,0.6460000276565552,0.7080000042915344
46.87764930725098,0.6340000033378601,0.6399999856948853,0.6620000004768372,0.7020000219345093,0.6499999761581421,0.7279999852180481
46.88782334327698,0.6579999923706055,0.6399999856948853,0.6700000166893005,0.6980000138282776,0.6380000114440918,0.7279999852180481
46.89782357215881,0.6740000247955322,0.6420000195503235,0.6819999814033508,0.699999988079071,0.6480000019073486,0.7239999771118164
46.90750217437744,0.6759999990463257,0.6420000195503235,0.6899999976158142,0.7179999947547913,0.6520000100135803,0.7200000286102295
46.91915464401245,0.6899999976158142,0.6420000195503235,0.7080000042915344,0.7279999852180481,0.7179999947547913,0.7160000205039978
46.928637742996216,0.7099999785423279,0.6399999856948853,0.7179999947547913,0.7440000176429749,0.7419999837875366,0.7099999785423279
46.9378023147583,0.7200000286102295,0.6399999856948853,0.7260000109672546,0.7599999904632568,0.7620000243186951,0.7059999704360962
46.94896340370178,0.7319999933242798,0.6460000276565552,0.734000027179718,0.8159999847412109,0.7799999713897705,0.7039999961853027
46.95763349533081,0.7360000014305115,0.6480000019073486,0.7400000095367432,0.8339999914169312,0.7940000295639038,0.699999988079071
46.967604637145996,0.7419999837875366,0.6499999761581421,0.7480000257492065,0.8500000238418579,0.8100000023841858,0.699999988079071
46.977476835250854,0.7459999918937683,0.6520000100135803,0.7540000081062317,0.8600000143051147,0.8199999928474426,0.6959999799728394
46.987993240356445,0.7480000257492065,0.6520000100135803,0.7559999823570251,0.8659999966621399,0.8259999752044678,0.6940000057220459
46.997567653656006,0.75,0.6539999842643738,0.7599999904632568,0.8700000047683716,0.8320000171661377,0.6919999718666077
47.00749921798706,0.7519999742507935,0.6579999923706055,0.7620000243186951,0.8740000128746033,0.8339999914169312,0.6899999976158142
47.01756310462952,0.7519999742507935,0.6620000004768372,0.7620000243186951,0.8740000128746033,0.8339999914169312,0.6859999895095825
47.02754068374634,0.7540000081062317,0.6620000004768372,0.7639999985694885,0.8740000128746033,0.8320000171661377,0.6840000152587891
47.03753709793091,0.7540000081062317,0.6620000004768372,0.7639999985694885,0.871999979019165,0.8320000171661377,0.6819999814033508
47.04781627655029,0.7540000081062317,0.6600000262260437,0.7639999985694885,0.8679999709129333,0.8299999833106995,0.6779999732971191
47.06097054481506,0.7540000081062317,0.6579999923706055,0.7639999985694885,0.8640000224113464,0.8259999752044678,0.6779999732971191
47.06835079193115,0.7559999823570251,0.656000018119812,0.7639999985694885,0.8619999885559082,0.8240000009536743,0.6779999732971191
47.07775664329529,0.7559999823570251,0.6539999842643738,0.7639999985694885,0.8600000143051147,0.8199999928474426,0.6759999990463257
47.08744263648987,0.7559999823570251,0.6539999842643738,0.7639999985694885,0.8579999804496765,0.8159999847412109,0.6759999990463257
47.09755778312683,0.7559999823570251,0.6539999842643738,0.7639999985694885,0.8539999723434448,0.8140000104904175,0.6759999990463257
47.108086585998535,0.7559999823570251,0.6539999842643738,0.7639999985694885,0.8539999723434448,0.8119999766349792,0.6759999990463257
47.11909222602844,0.7559999823570251,0.6539999842643738,0.7639999985694885,0.8519999980926514,0.8119999766349792,0.6759999990463257
47.12812066078186,0.7559999823570251,0.6539999842643738,0.7639999985694885,0.8519999980926514,0.8119999766349792,0.6759999990463257
47.13888216018677,0.7559999823570251,0.6539999842643738,0.7639999985694885,0.8519999980926514,0.8119999766349792,0.6759999990463257
47.14789128303528,0.7580000162124634,0.6539999842643738,0.7639999985694885,0.8539999723434448,0.8140000104904175,0.6779999732971191
47.16109538078308,0.7580000162124634,0.6539999842643738,0.765999972820282,0.8539999723434448,0.8140000104904175,0.6779999732971191
47.168272495269775,0.7580000162124634,0.6539999842643738,0.765999972820282,0.8539999723434448,0.8140000104904175,0.6800000071525574
47.17939782142639,0.7580000162124634,0.6539999842643738,0.765999972820282,0.8560000061988831,0.8159999847412109,0.6800000071525574
47.19258499145508,0.7580000162124634,0.6539999842643738,0.7680000066757202,0.8579999804496765,0.8180000185966492,0.6819999814033508
47.19753289222717,0.7580000162124634,0.6539999842643738,0.7680000066757202,0.8600000143051147,0.8199999928474426,0.6819999814033508
47.20745801925659,0.7580000162124634,0.6539999842643738,0.7699999809265137,0.8640000224113464,0.8240000009536743,0.6859999895095825
47.21736979484558,0.7580000162124634,0.6539999842643738,0.7699999809265137,0.8640000224113464,0.8240000009536743,0.6859999895095825
47.227274656295776,0.7580000162124634,0.6539999842643738,0.7699999809265137,0.8659999966621399,0.828000009059906,0.6880000233650208
47.23714828491211,0.7580000162124634,0.6539999842643738,0.7699999809265137,0.8659999966621399,0.8299999833106995,0.6899999976158142
47.247265338897705,0.7559999823570251,0.6520000100135803,0.7699999809265137,0.8659999966621399,0.8320000171661377,0.6919999718666077
47.25905084609985,0.7559999823570251,0.6520000100135803,0.7699999809265137,0.8679999709129333,0.8339999914169312,0.6959999799728394
47.267287492752075,0.7559999823570251,0.6520000100135803,0.7699999809265137,0.8700000047683716,0.8379999995231628,0.6980000138282776
47.27724575996399,0.7559999823570251,0.6520000100135803,0.7699999809265137,0.871999979019165,0.8420000076293945,0.6980000138282776
47.28720784187317,0.7559999823570251,0.6520000100135803,0.7699999809265137,0.8740000128746033,0.8460000157356262,0.699999988079071
47.29724621772766,0.7559999823570251,0.6520000100135803,0.7720000147819519,0.8740000128746033,0.8479999899864197,0.6980000138282776
47.307246685028076,0.7559999823570251,0.6539999842643738,0.7720000147819519,0.8759999871253967,0.8500000238418579,0.6980000138282776
47.31736421585083,0.7559999823570251,0.6539999842643738,0.7720000147819519,0.878000020980835,0.8519999980926514,0.6980000138282776
47.32732009887695,0.7559999823570251,0.6539999842643738,0.7720000147819519,0.8799999952316284,0.8539999723434448,0.6980000138282776
47.33785033226013,0.7559999823570251,0.6539999842643738,0.7720000147819519,0.8820000290870667,0.8560000061988831,0.6959999799728394
47.349043130874634,0.7540000081062317,0.6539999842643738,0.7739999890327454,0.8840000033378601,0.8579999804496765,0.6959999799728394
47.357852935791016,0.7540000081062317,0.6539999842643738,0.7739999890327454,0.8859999775886536,0.8619999885559082,0.6959999799728394
47.36870002746582,0.7540000081062317,0.6539999842643738,0.7739999890327454,0.8880000114440918,0.8659999966621399,0.6980000138282776
47.37836813926697,0.7519999742507935,0.6539999842643738,0.7739999890327454,0.8920000195503235,0.8700000047683716,0.6980000138282776
47.389238119125366,0.7519999742507935,0.6539999842643738,0.7739999890327454,0.8939999938011169,0.8759999871253967,0.6980000138282776
47.39999794960022,0.75,0.6539999842643738,0.7739999890327454,0.8980000019073486,0.8799999952316284,0.699999988079071
47.41317272186279,0.75,0.6539999842643738,0.7739999890327454,0.8999999761581421,0.8859999775886536,0.699999988079071
47.42011070251465,0.7480000257492065,0.6539999842643738,0.7739999890327454,0.9020000100135804,0.8899999856948853,0.699999988079071
47.42986512184143,0.7480000257492065,0.6539999842643738,0.7739999890327454,0.9039999842643738,0.8960000276565552,0.699999988079071
47.43824291229248,0.7480000257492065,0.6539999842643738,0.7760000228881836,0.906000018119812,0.8999999761581421,0.699999988079071
47.44815802574158,0.7480000257492065,0.6539999842643738,0.7760000228881836,0.9079999923706056,0.906000018119812,0.699999988079071
47.460652589797974,0.7480000257492065,0.6539999842643738,0.7760000228881836,0.9120000004768372,0.9100000262260436,0.699999988079071
47.4710054397583,0.7480000257492065,0.6539999842643738,0.777999997138977,0.9179999828338624,0.9160000085830688,0.6980000138282776
47.4798743724823,0.7480000257492065,0.6539999842643738,0.777999997138977,0.921999990940094,0.9200000166893004,0.6959999799728394
47.48833632469177,0.7459999918937683,0.6539999842643738,0.777999997138977,0.9279999732971193,0.9259999990463256,0.6919999718666077
47.49795842170715,0.7459999918937683,0.6539999842643738,0.7799999713897705,0.9319999814033508,0.9300000071525574,0.6880000233650208
47.50747227668762,0.7459999918937683,0.6539999842643738,0.7799999713897705,0.9380000233650208,0.9340000152587892,0.6859999895095825
47.517210721969604,0.7459999918937683,0.6539999842643738,0.7820000052452087,0.944000005722046,0.9399999976158142,0.6819999814033508
47.52721166610718,0.7459999918937683,0.6539999842643738,0.7820000052452087,0.9480000138282776,0.944000005722046,0.6779999732971191
47.537246227264404,0.7459999918937683,0.656000018119812,0.7820000052452087,0.9539999961853028,0.949999988079071,0.671999990940094
47.54749846458435,0.7459999918937683,0.6579999923706055,0.7839999794960022,0.959999978542328,0.9520000219345092,0.6700000166893005
47.55788707733154,0.7459999918937683,0.6620000004768372,0.7839999794960022,0.9660000205039978,0.9580000042915344,0.6679999828338623
47.56724190711975,0.7459999918937683,0.6639999747276306,0.7839999794960022,0.9739999771118164,0.959999978542328,0.6620000004768372
47.57732152938843,0.7459999918937683,0.6660000085830688,0.7860000133514404,0.977999985218048,0.9639999866485596,0.6600000262260437
47.587326526641846,0.7459999918937683,0.6679999828338623,0.7860000133514404,0.984000027179718,0.9660000205039978,0.656000018119812
47.59716486930847,0.7459999918937683,0.671999990940094,0.7860000133514404,0.9919999837875366,0.9679999947547911,0.656000018119812
47.60726189613342,0.7459999918937683,0.6740000247955322,0.7860000133514404,0.9980000257492064,0.9700000286102296,0.6539999842643738
47.61757516860962,0.7440000176429749,0.6779999732971191,0.7860000133514404,1.00600004196167,0.972000002861023,0.6539999842643738
47.62757325172424,0.7419999837875366,0.6800000071525574,0.7860000133514404,1.0119999647140503,0.9739999771118164,0.6539999842643738
47.63789415359497,0.7400000095367432,0.6859999895095825,0.7860000133514404,1.0219999551773071,0.9760000109672546,0.6520000100135803
47.6476674079895,0.734000027179718,0.6899999976158142,0.7860000133514404,1.0299999713897705,0.9760000109672546,0.6520000100135803
47.66684365272522,0.7300000190734863,0.6940000057220459,0.7860000133514404,1.037999987602234,0.977999985218048,0.6539999842643738
47.669121503829956,0.7239999771118164,0.699999988079071,0.7839999794960022,1.0499999523162842,0.977999985218048,0.6539999842643738
47.6790337562561,0.7179999947547913,0.7039999961853027,0.7820000052452087,1.055999994277954,0.977999985218048,0.6520000100135803
47.68847322463989,0.7020000219345093,0.7059999704360962,0.7799999713897705,1.0640000104904177,0.9760000109672546,0.6520000100135803
47.698914766311646,0.6899999976158142,0.7099999785423279,0.7739999890327454,1.0700000524520874,0.9739999771118164,0.6520000100135803
47.70881390571594,0.6700000166893005,0.7139999866485596,0.7599999904632568,1.0759999752044678,0.9679999947547911,0.6520000100135803
47.718133211135864,0.6539999842643738,0.7200000286102295,0.7400000095367432,1.0800000429153442,0.9559999704360962,0.6520000100135803
47.72793102264404,0.6460000276565552,0.722000002861023,0.7260000109672546,1.0820000171661377,0.9340000152587892,0.6499999761581421
47.73811435699463,0.6420000195503235,0.7239999771118164,0.7120000123977661,1.0839999914169312,0.8479999899864197,0.6499999761581421
47.74818992614746,0.6420000195503235,0.7260000109672546,0.7020000219345093,1.0839999914169312,0.7839999794960022,0.6499999761581421
47.759013414382935,0.6439999938011169,0.7260000109672546,0.6940000057220459,1.0859999656677246,0.7639999985694885,0.6499999761581421
47.76770782470703,0.6439999938011169,0.7200000286102295,0.6859999895095825,1.0839999914169312,0.7580000162124634,0.6499999761581421
47.77818298339844,0.6439999938011169,0.7020000219345093,0.6800000071525574,1.0800000429153442,0.7540000081062317,0.6499999761581421
47.78848671913147,0.6439999938011169,0.6579999923706055,0.671999990940094,1.065999984741211,0.7559999823570251,0.6499999761581421
47.79763650894165,0.6420000195503235,0.6539999842643738,0.6539999842643738,1.0399999618530271,0.75,0.6520000100135803
47.807621240615845,0.6420000195503235,0.6520000100135803,0.6439999938011169,1.0119999647140503,0.7300000190734863,0.6520000100135803
47.817219972610474,0.6420000195503235,0.6480000019073486,0.6359999775886536,0.9739999771118164,0.722000002861023,0.6539999842643738
47.82722449302673,0.6380000114440918,0.6460000276565552,0.6340000033378601,0.9319999814033508,0.7260000109672546,0.6539999842643738
47.83730435371399,0.6359999775886536,0.6439999938011169,0.6359999775886536,0.8939999938011169,0.722000002861023,0.6539999842643738
47.84724521636963,0.6299999952316284,0.6420000195503235,0.6380000114440918,0.7900000214576721,0.7080000042915344,0.656000018119812
47.85726475715637,0.628000020980835,0.6420000195503235,0.6380000114440918,0.7300000190734863,0.6880000233650208,0.656000018119812
47.86729860305786,0.6299999952316284,0.6420000195503235,0.6359999775886536,0.7120000123977661,0.6660000085830688,0.6579999923706055
47.87742280960083,0.6320000290870667,0.6420000195503235,0.6380000114440918,0.7200000286102295,0.6600000262260437,0.6700000166893005
47.887442111968994,0.6320000290870667,0.6439999938011169,0.6380000114440918,0.7239999771118164,0.6579999923706055,0.6600000262260437
47.897427797317505,0.6320000290870667,0.6439999938011169,0.6380000114440918,0.7419999837875366,0.6679999828338623,0.6600000262260437
47.90750217437744,0.6320000290870667,0.6439999938011169,0.6380000114440918,0.7459999918937683,0.6759999990463257,0.6600000262260437
47.91734743118286,0.6320000290870667,0.6439999938011169,0.6359999775886536,0.7480000257492065,0.6819999814033508,0.6600000262260437
47.92725205421448,0.6320000290870667,0.6439999938011169,0.6359999775886536,0.7480000257492065,0.6800000071525574,0.6600000262260437
47.93721961975098,0.6320000290870667,0.6439999938011169,0.6359999775886536,0.7459999918937683,0.6779999732971191,0.6600000262260437
47.94738578796387,0.6320000290870667,0.6439999938011169,0.6359999775886536,0.7459999918937683,0.6779999732971191,0.6600000262260437
47.957512617111206,0.6320000290870667,0.6439999938011169,0.6359999775886536,0.7440000176429749,0.6779999732971191,0.6600000262260437
47.96801972389221,0.6320000290870667,0.6439999938011169,0.6359999775886536,0.7440000176429749,0.6759999990463257,0.6600000262260437
47.978047609329224,0.6320000290870667,0.6439999938011169,0.6359999775886536,0.7440000176429749,0.6740000247955322,0.6600000262260437
47.98862075805664,0.6320000290870667,0.6439999938011169,0.6359999775886536,0.7440000176429749,0.6740000247955322,0.6600000262260437
47.9979522228241,0.6320000290870667,0.6439999938011169,0.6359999775886536,0.7419999837875366,0.6740000247955322,0.6600000262260437
48.00827193260193,0.6320000290870667,0.6439999938011169,0.6359999775886536,0.7419999837875366,0.6740000247955322,0.6600000262260437
48.01883125305176,0.6320000290870667,0.6420000195503235,0.6359999775886536,0.7400000095367432,0.6740000247955322,0.6600000262260437
48.028778314590454,0.6320000290870667,0.6439999938011169,0.6359999775886536,0.7400000095367432,0.6740000247955322,0.6600000262260437
48.03969192504883,0.6320000290870667,0.6439999938011169,0.6359999775886536,0.7400000095367432,0.6740000247955322,0.6600000262260437
48.049368143081665,0.6320000290870667,0.6439999938011169,0.6359999775886536,0.7400000095367432,0.6740000247955322,0.6600000262260437
48.058515548706055,0.6320000290870667,0.6420000195503235,0.6359999775886536,0.7400000095367432,0.6740000247955322,0.6600000262260437
48.06851410865784,0.6320000290870667,0.6420000195503235,0.6359999775886536,0.7379999756813049,0.6740000247955322,0.6600000262260437
48.07814931869507,0.6320000290870667,0.6420000195503235,0.6359999775886536,0.7360000014305115,0.671999990940094,0.6600000262260437
48.08885931968689,0.6320000290870667,0.6420000195503235,0.6359999775886536,0.7360000014305115,0.671999990940094,0.6600000262260437
48.098376989364624,0.6320000290870667,0.6420000195503235,0.6359999775886536,0.734000027179718,0.671999990940094,0.6600000262260437
48.10809278488159,0.6320000290870667,0.6420000195503235,0.6359999775886536,0.734000027179718,0.671999990940094,0.6600000262260437
48.117475271224976,0.6320000290870667,0.6420000195503235,0.6359999775886536,0.734000027179718,0.671999990940094,0.6600000262260437
48.127265214920044,0.6320000290870667,0.6420000195503235,0.6359999775886536,0.734000027179718,0.671999990940094,0.6600000262260437
48.137272357940674,0.6320000290870667,0.6420000195503235,0.6359999775886536,0.734000027179718,0.671999990940094,0.6600000262260437
48.14721989631653,0.6320000290870667,0.6420000195503235,0.6359999775886536,0.734000027179718,0.671999990940094,0.6600000262260437
48.15722036361694,0.6340000033378601,0.6420000195503235,0.6359999775886536,0.7319999933242798,0.671999990940094,0.6600000262260437
48.16729283332825,0.6340000033378601,0.6420000195503235,0.6359999775886536,0.7300000190734863,0.671999990940094,0.6600000262260437
48.177546977996826,0.6340000033378601,0.6420000195503235,0.6359999775886536,0.7300000190734863,0.671999990940094,0.6600000262260437
48.1873893737793,0.6340000033378601,0.6420000195503235,0.6359999775886536,0.7300000190734863,0.671999990940094,0.6600000262260437
48.19737696647644,0.6340000033378601,0.6420000195503235,0.6359999775886536,0.7279999852180481,0.671999990940094,0.6600000262260437
48.20722007751465,0.6340000033378601,0.6420000195503235,0.6380000114440918,0.7279999852180481,0.671999990940094,0.6600000262260437
48.21721053123474,0.6340000033378601,0.6420000195503235,0.6380000114440918,0.7260000109672546,0.671999990940094,0.6600000262260437
48.2271614074707,0.6299999952316284,0.6420000195503235,0.6420000195503235,0.7279999852180481,0.6579999923706055,0.6639999747276306
48.23827576637268,0.6340000033378601,0.6420000195503235,0.6439999938011169,0.7179999947547913,0.6539999842643738,0.671999990940094
48.24806880950928,0.6340000033378601,0.6420000195503235,0.6520000100135803,0.7179999947547913,0.6520000100135803,0.6880000233650208
48.2577109336853,0.6359999775886536,0.6439999938011169,0.6639999747276306,0.7039999961853027,0.6480000019073486,0.7260000109672546
48.26794743537903,0.6420000195503235,0.6420000195503235,0.6779999732971191,0.699999988079071,0.6460000276565552,0.7300000190734863
48.27858328819275,0.6639999747276306,0.6420000195503235,0.6899999976158142,0.6980000138282776,0.6520000100135803,0.7260000109672546
48.28901982307434,0.6639999747276306,0.6420000195503235,0.6959999799728394,0.7200000286102295,0.6539999842643738,0.722000002861023
48.298731088638306,0.6700000166893005,0.6420000195503235,0.7080000042915344,0.7300000190734863,0.7200000286102295,0.7179999947547913
48.30919694900513,0.6880000233650208,0.6420000195503235,0.7160000205039978,0.7379999756813049,0.7419999837875366,0.7120000123977661
48.319443702697754,0.6980000138282776,0.6420000195503235,0.722000002861023,0.7440000176429749,0.7599999904632568,0.7120000123977661
48.32892036437988,0.7099999785423279,0.6420000195503235,0.7279999852180481,0.75,0.7739999890327454,0.7120000123977661
48.339109659194946,0.7160000205039978,0.6420000195503235,0.7319999933242798,0.7760000228881836,0.7860000133514404,0.7120000123977661
48.348796367645264,0.722000002861023,0.6420000195503235,0.7360000014305115,0.7960000038146973,0.7960000038146973,0.7120000123977661
48.35797429084778,0.7300000190734863,0.6420000195503235,0.7400000095367432,0.8140000104904175,0.8040000200271606,0.7120000123977661
48.36837553977966,0.7319999933242798,0.6439999938011169,0.7419999837875366,0.8199999928474426,0.8100000023841858,0.7120000123977661
48.37794065475464,0.7360000014305115,0.6460000276565552,0.7459999918937683,0.828000009059906,0.8159999847412109,0.7099999785423279
48.38880801200867,0.7360000014305115,0.6460000276565552,0.7480000257492065,0.8320000171661377,0.8199999928474426,0.7080000042915344
48.397881507873535,0.7379999756813049,0.6460000276565552,0.7519999742507935,0.8339999914169312,0.8259999752044678,0.7059999704360962
48.40983510017395,0.7400000095367432,0.6480000019073486,0.7540000081062317,0.8360000252723694,0.828000009059906,0.7059999704360962
48.417718172073364,0.7419999837875366,0.6480000019073486,0.7540000081062317,0.8339999914169312,0.828000009059906,0.7039999961853027
48.427351236343384,0.7419999837875366,0.6480000019073486,0.7559999823570251,0.8339999914169312,0.828000009059906,0.7020000219345093
48.43722653388977,0.7440000176429749,0.6480000019073486,0.7559999823570251,0.8320000171661377,0.828000009059906,0.699999988079071
48.447235107421875,0.7440000176429749,0.6480000019073486,0.7559999823570251,0.8299999833106995,0.828000009059906,0.699999988079071
48.457253217697144,0.7440000176429749,0.6480000019073486,0.7559999823570251,0.828000009059906,0.828000009059906,0.6980000138282776
48.46716856956482,0.7440000176429749,0.6480000019073486,0.7559999823570251,0.828000009059906,0.8259999752044678,0.6959999799728394
48.477200746536255,0.7459999918937683,0.6480000019073486,0.7559999823570251,0.8259999752044678,0.8259999752044678,0.6959999799728394
48.487274408340454,0.7459999918937683,0.6480000019073486,0.7580000162124634,0.8259999752044678,0.8240000009536743,0.6940000057220459
48.49800133705139,0.7480000257492065,0.6480000019073486,0.7580000162124634,0.8240000009536743,0.8240000009536743,0.6940000057220459
48.50727963447571,0.7480000257492065,0.6480000019073486,0.7580000162124634,0.8240000009536743,0.8220000267028809,0.6940000057220459
48.51781749725342,0.7480000257492065,0.6480000019073486,0.7599999904632568,0.8240000009536743,0.8220000267028809,0.6919999718666077
48.52734065055847,0.75,0.6480000019073486,0.7599999904632568,0.8240000009536743,0.8220000267028809,0.6919999718666077
48.53730845451355,0.75,0.6480000019073486,0.7599999904632568,0.8240000009536743,0.8240000009536743,0.6899999976158142
48.547279834747314,0.7519999742507935,0.6499999761581421,0.7620000243186951,0.8240000009536743,0.8240000009536743,0.6899999976158142
48.55726742744446,0.7540000081062317,0.6499999761581421,0.7639999985694885,0.8259999752044678,0.8240000009536743,0.6899999976158142
48.56735134124756,0.7540000081062317,0.6499999761581421,0.7639999985694885,0.828000009059906,0.8240000009536743,0.6899999976158142
48.57802963256836,0.7540000081062317,0.6499999761581421,0.765999972820282,0.8299999833106995,0.8259999752044678,0.6899999976158142
48.58797001838684,0.7559999823570251,0.6499999761581421,0.765999972820282,0.8339999914169312,0.828000009059906,0.6899999976158142
48.59817433357239,0.7559999823570251,0.6499999761581421,0.7680000066757202,0.8360000252723694,0.8299999833106995,0.6899999976158142
48.60971713066101,0.7559999823570251,0.6499999761581421,0.7680000066757202,0.8379999995231628,0.8320000171661377,0.6899999976158142
48.61963891983032,0.7559999823570251,0.6499999761581421,0.7680000066757202,0.8420000076293945,0.8339999914169312,0.6899999976158142
48.63027024269104,0.7559999823570251,0.6499999761581421,0.7699999809265137,0.843999981880188,0.8360000252723694,0.6919999718666077
48.638246297836304,0.7559999823570251,0.6499999761581421,0.7699999809265137,0.8460000157356262,0.8399999737739563,0.6919999718666077
48.64833974838257,0.7559999823570251,0.6499999761581421,0.7699999809265137,0.8500000238418579,0.8420000076293945,0.6919999718666077
48.65838122367859,0.7559999823570251,0.6499999761581421,0.7699999809265137,0.8539999723434448,0.843999981880188,0.6919999718666077
48.66816830635071,0.7559999823570251,0.6499999761581421,0.7720000147819519,0.8579999804496765,0.8479999899864197,0.6919999718666077
48.67815589904785,0.7559999823570251,0.6499999761581421,0.7720000147819519,0.8600000143051147,0.8500000238418579,0.6940000057220459
48.688539266586304,0.7540000081062317,0.6499999761581421,0.7720000147819519,0.8679999709129333,0.8579999804496765,0.6959999799728394
48.697856426239014,0.7540000081062317,0.6499999761581421,0.7720000147819519,0.871999979019165,0.8659999966621399,0.6980000138282776
48.709513425827026,0.7519999742507935,0.6520000100135803,0.7720000147819519,0.8740000128746033,0.8700000047683716,0.6980000138282776
48.717835426330566,0.7519999742507935,0.6520000100135803,0.7739999890327454,0.878000020980835,0.8759999871253967,0.699999988079071
48.72734355926514,0.7519999742507935,0.6520000100135803,0.7739999890327454,0.8820000290870667,0.878000020980835,0.699999988079071
48.73791313171387,0.7519999742507935,0.6539999842643738,0.7739999890327454,0.8880000114440918,0.8820000290870667,0.699999988079071
48.747394323349,0.7519999742507935,0.6539999842643738,0.7739999890327454,0.8960000276565552,0.8859999775886536,0.6980000138282776
48.75735807418823,0.7519999742507935,0.6539999842643738,0.7760000228881836,0.8999999761581421,0.8880000114440918,0.6980000138282776
48.76740312576294,0.7519999742507935,0.6539999842643738,0.7760000228881836,0.9079999923706056,0.8920000195503235,0.6940000057220459
48.77741742134094,0.7519999742507935,0.6539999842643738,0.7760000228881836,0.9139999747276306,0.8939999938011169,0.6919999718666077
48.787208557128906,0.7519999742507935,0.6539999842643738,0.7760000228881836,0.9200000166893004,0.8980000019073486,0.6880000233650208
48.79735279083252,0.7519999742507935,0.6539999842643738,0.777999997138977,0.9300000071525574,0.9020000100135804,0.6840000152587891
48.80736994743347,0.75,0.6539999842643738,0.777999997138977,0.9359999895095824,0.9079999923706056,0.6819999814033508
48.81817579269409,0.7519999742507935,0.6539999842643738,0.777999997138977,0.9419999718666076,0.9120000004768372,0.6800000071525574
48.8272864818573,0.75,0.656000018119812,0.7799999713897705,0.949999988079071,0.9160000085830688,0.6779999732971191
48.83768582344055,0.75,0.656000018119812,0.7799999713897705,0.9559999704360962,0.9200000166893004,0.6759999990463257
48.84771203994751,0.75,0.656000018119812,0.7799999713897705,0.9639999866485596,0.9240000247955322,0.671999990940094
48.857510805130005,0.75,0.6579999923706055,0.7820000052452087,0.9679999947547911,0.9279999732971193,0.6700000166893005
48.86734080314636,0.75,0.6639999747276306,0.7820000052452087,0.9739999771118164,0.9319999814033508,0.6679999828338623
48.87735152244568,0.75,0.6679999828338623,0.7820000052452087,0.9819999933242798,0.9359999895095824,0.6639999747276306
48.88744378089905,0.75,0.6700000166893005,0.7820000052452087,0.9860000014305116,0.9399999976158142,0.6620000004768372
48.89736461639404,0.75,0.6740000247955322,0.7839999794960022,0.9940000176429749,0.944000005722046,0.6579999923706055
48.907312631607056,0.75,0.6779999732971191,0.7839999794960022,1.0,0.9480000138282776,0.656000018119812
48.91731095314026,0.7480000257492065,0.6800000071525574,0.7839999794960022,1.00600004196167,0.9520000219345092,0.656000018119812
48.929211378097534,0.7480000257492065,0.6840000152587891,0.7839999794960022,1.0119999647140503,0.9539999961853028,0.656000018119812
48.93739604949951,0.7480000257492065,0.6859999895095825,0.7839999794960022,1.0160000324249268,0.9559999704360962,0.6539999842643738
48.947338581085205,0.7459999918937683,0.6899999976158142,0.7860000133514404,1.0219999551773071,0.959999978542328,0.6539999842643738
48.95748019218445,0.7440000176429749,0.6899999976158142,0.7860000133514404,1.027999997138977,0.959999978542328,0.6539999842643738
48.9672749042511,0.7419999837875366,0.6940000057220459,0.7860000133514404,1.0360000133514404,0.962000012397766,0.6539999842643738
48.977521896362305,0.7379999756813049,0.6959999799728394,0.7839999794960022,1.0420000553131104,0.9639999866485596,0.6539999842643738
48.9875123500824,0.734000027179718,0.699999988079071,0.7839999794960022,1.0479999780654907,0.9639999866485596,0.6539999842643738
48.9972665309906,0.7279999852180481,0.7020000219345093,0.7839999794960022,1.055999994277954,0.9639999866485596,0.6539999842643738
49.00722885131836,0.722000002861023,0.7059999704360962,0.7820000052452087,1.0640000104904177,0.9639999866485596,0.6539999842643738
49.01743841171265,0.7160000205039978,0.7080000042915344,0.7799999713897705,1.0679999589920044,0.962000012397766,0.6539999842643738
49.0277578830719,0.7039999961853027,0.7099999785423279,0.7720000147819519,1.0759999752044678,0.9580000042915344,0.6539999842643738
49.037516593933105,0.6940000057220459,0.7120000123977661,0.765999972820282,1.0800000429153442,0.9559999704360962,0.6539999842643738
49.04808163642883,0.6779999732971191,0.7160000205039978,0.7540000081062317,1.0839999914169312,0.9459999799728394,0.6520000100135803
49.05759406089783,0.6600000262260437,0.7200000286102295,0.734000027179718,1.0880000591278076,0.9380000233650208,0.6520000100135803
49.067556858062744,0.6499999761581421,0.722000002861023,0.7200000286102295,1.090000033378601,0.9259999990463256,0.6520000100135803
49.07735514640808,0.6420000195503235,0.7260000109672546,0.7039999961853027,1.093999981880188,0.8659999966621399,0.6520000100135803
49.08761286735535,0.6399999856948853,0.7279999852180481,0.699999988079071,1.093999981880188,0.8140000104904175,0.6499999761581421
49.097599029541016,0.6420000195503235,0.7279999852180481,0.6899999976158142,1.0959999561309814,0.7760000228881836,0.6499999761581421
49.107991218566895,0.6439999938011169,0.7279999852180481,0.6840000152587891,1.0959999561309814,0.7620000243186951,0.6499999761581421
49.11753177642822,0.6420000195503235,0.7200000286102295,0.6800000071525574,1.093999981880188,0.7559999823570251,0.6499999761581421
49.12736678123474,0.6399999856948853,0.6700000166893005,0.6700000166893005,1.0839999914169312,0.7519999742507935,0.6499999761581421
49.13805961608887,0.6399999856948853,0.6539999842643738,0.6600000262260437,1.0740000009536743,0.7480000257492065,0.6520000100135803
49.14768362045288,0.6399999856948853,0.6539999842643738,0.6439999938011169,1.0460000038146973,0.7239999771118164,0.6520000100135803
49.15781784057617,0.6399999856948853,0.6499999761581421,0.6340000033378601,1.0119999647140503,0.7279999852180481,0.6520000100135803
49.167903423309326,0.6380000114440918,0.6480000019073486,0.6299999952316284,0.9819999933242798,0.7260000109672546,0.6539999842643738
49.17749357223511,0.6320000290870667,0.6460000276565552,0.6299999952316284,0.9359999895095824,0.7099999785423279,0.6539999842643738
49.18743109703064,0.6299999952316284,0.6439999938011169,0.6320000290870667,0.8820000290870667,0.7080000042915344,0.656000018119812
49.19765663146973,0.628000020980835,0.6420000195503235,0.6359999775886536,0.7960000038146973,0.7020000219345093,0.656000018119812
49.20798993110657,0.6299999952316284,0.6399999856948853,0.6320000290870667,0.7319999933242798,0.6880000233650208,0.656000018119812
49.21791315078735,0.6299999952316284,0.6399999856948853,0.6340000033378601,0.7260000109672546,0.6759999990463257,0.6639999747276306
49.22796082496643,0.6299999952316284,0.6399999856948853,0.6340000033378601,0.7279999852180481,0.6579999923706055,0.6639999747276306
49.23784041404724,0.6299999952316284,0.6399999856948853,0.6320000290870667,0.7379999756813049,0.6700000166893005,0.6579999923706055
49.24780869483948,0.6299999952316284,0.6399999856948853,0.6320000290870667,0.75,0.6759999990463257,0.6600000262260437
49.25783395767212,0.6299999952316284,0.6420000195503235,0.6320000290870667,0.7519999742507935,0.6819999814033508,0.6600000262260437
49.26936435699463,0.6299999952316284,0.6399999856948853,0.6320000290870667,0.7519999742507935,0.6819999814033508,0.6600000262260437
49.27945375442505,0.6299999952316284,0.6420000195503235,0.6320000290870667,0.75,0.6819999814033508,0.6600000262260437
49.290669679641724,0.6320000290870667,0.6420000195503235,0.6299999952316284,0.75,0.6800000071525574,0.6600000262260437
49.29800343513489,0.6320000290870667,0.6420000195503235,0.6299999952316284,0.7480000257492065,0.6800000071525574,0.6600000262260437
49.30936121940613,0.6320000290870667,0.6399999856948853,0.6299999952316284,0.7480000257492065,0.6800000071525574,0.6600000262260437
49.32117748260498,0.6320000290870667,0.6399999856948853,0.6299999952316284,0.7480000257492065,0.6800000071525574,0.6600000262260437
49.328510761260986,0.6320000290870667,0.6399999856948853,0.6299999952316284,0.7480000257492065,0.6800000071525574,0.6600000262260437
49.338022232055664,0.6320000290870667,0.6420000195503235,0.6320000290870667,0.7459999918937683,0.6800000071525574,0.6600000262260437
49.34774374961853,0.6320000290870667,0.6399999856948853,0.6320000290870667,0.7459999918937683,0.6800000071525574,0.6600000262260437
49.35738921165466,0.6320000290870667,0.6399999856948853,0.6320000290870667,0.7459999918937683,0.6800000071525574,0.6600000262260437
49.36748743057251,0.6320000290870667,0.6399999856948853,0.6320000290870667,0.7440000176429749,0.6800000071525574,0.6600000262260437
49.37805390357971,0.6320000290870667,0.6420000195503235,0.6320000290870667,0.7440000176429749,0.6800000071525574,0.6600000262260437
49.38775992393494,0.6320000290870667,0.6420000195503235,0.6320000290870667,0.7440000176429749,0.6800000071525574,0.6600000262260437
49.397427797317505,0.6320000290870667,0.6399999856948853,0.6320000290870667,0.7440000176429749,0.6800000071525574,0.6600000262260437
49.40755343437195,0.6320000290870667,0.6399999856948853,0.6320000290870667,0.7419999837875366,0.6819999814033508,0.6620000004768372
49.41763663291931,0.6320000290870667,0.6399999856948853,0.6320000290870667,0.7419999837875366,0.6819999814033508,0.6620000004768372
49.427682638168335,0.6320000290870667,0.6399999856948853,0.6320000290870667,0.7419999837875366,0.6819999814033508,0.6600000262260437
49.43746829032898,0.6320000290870667,0.6420000195503235,0.6320000290870667,0.7400000095367432,0.6819999814033508,0.6600000262260437
49.4475474357605,0.6320000290870667,0.6399999856948853,0.6320000290870667,0.7400000095367432,0.6819999814033508,0.6600000262260437
49.457552433013916,0.6320000290870667,0.6399999856948853,0.6320000290870667,0.7400000095367432,0.6819999814033508,0.6600000262260437
49.46733260154724,0.6320000290870667,0.6399999856948853,0.6320000290870667,0.7379999756813049,0.6819999814033508,0.6600000262260437
49.47756052017212,0.6320000290870667,0.6399999856948853,0.6320000290870667,0.7379999756813049,0.6800000071525574,0.6600000262260437
49.488874673843384,0.6320000290870667,0.6399999856948853,0.6320000290870667,0.7379999756813049,0.6800000071525574,0.6600000262260437
49.49747633934021,0.6320000290870667,0.6399999856948853,0.6340000033378601,0.7379999756813049,0.6779999732971191,0.6600000262260437
49.507572889328,0.6320000290870667,0.6399999856948853,0.6340000033378601,0.7379999756813049,0.6779999732971191,0.6600000262260437
49.51857852935791,0.6320000290870667,0.6399999856948853,0.6340000033378601,0.7379999756813049,0.6779999732971191,0.6600000262260437
49.52816581726074,0.6340000033378601,0.6399999856948853,0.6340000033378601,0.7379999756813049,0.6779999732971191,0.6600000262260437
49.537399768829346,0.6340000033378601,0.6399999856948853,0.6340000033378601,0.7360000014305115,0.6779999732971191,0.6600000262260437
49.54806566238403,0.6340000033378601,0.6399999856948853,0.6340000033378601,0.7360000014305115,0.6800000071525574,0.6600000262260437
49.557780027389526,0.6340000033378601,0.6399999856948853,0.6340000033378601,0.7360000014305115,0.6800000071525574,0.6600000262260437
49.567559003829956,0.6340000033378601,0.6399999856948853,0.6340000033378601,0.7360000014305115,0.6800000071525574,0.6600000262260437
49.577579498291016,0.6340000033378601,0.6399999856948853,0.6340000033378601,0.7360000014305115,0.6840000152587891,0.6600000262260437
49.58738088607788,0.6320000290870667,0.6399999856948853,0.6420000195503235,0.734000027179718,0.6539999842643738,0.6700000166893005
49.59761095046997,0.6340000033378601,0.6399999856948853,0.6460000276565552,0.722000002861023,0.6520000100135803,0.6840000152587891
49.60759139060974,0.6399999856948853,0.6399999856948853,0.6480000019073486,0.7179999947547913,0.6499999761581421,0.7160000205039978
49.6174476146698,0.6320000290870667,0.6399999856948853,0.6639999747276306,0.699999988079071,0.6499999761581421,0.7300000190734863
49.627514600753784,0.6520000100135803,0.6399999856948853,0.671999990940094,0.6980000138282776,0.6420000195503235,0.7279999852180481
49.637370109558105,0.6579999923706055,0.6399999856948853,0.6840000152587891,0.7039999961853027,0.6499999761581421,0.7239999771118164
49.647446632385254,0.6579999923706055,0.6420000195503235,0.6919999718666077,0.722000002861023,0.6520000100135803,0.7179999947547913
49.65743541717529,0.671999990940094,0.6420000195503235,0.7020000219345093,0.7279999852180481,0.6840000152587891,0.7160000205039978
49.66745328903198,0.6899999976158142,0.6420000195503235,0.7120000123977661,0.734000027179718,0.7279999852180481,0.7099999785423279
49.67747521400452,0.7039999961853027,0.6399999856948853,0.7200000286102295,0.7379999756813049,0.7459999918937683,0.7099999785423279
49.68738865852356,0.7120000123977661,0.6399999856948853,0.7239999771118164,0.7400000095367432,0.7580000162124634,0.7120000123977661
49.697423219680786,0.7200000286102295,0.6399999856948853,0.7300000190734863,0.75,0.7720000147819519,0.7120000123977661
49.709070920944214,0.7260000109672546,0.6399999856948853,0.734000027179718,0.7680000066757202,0.7820000052452087,0.7099999785423279
49.717522621154785,0.7319999933242798,0.6420000195503235,0.7379999756813049,0.7879999876022339,0.7879999876022339,0.7099999785423279
49.72796034812927,0.7360000014305115,0.6439999938011169,0.7400000095367432,0.7940000295639038,0.7919999957084656,0.7080000042915344
49.739169120788574,0.7400000095367432,0.6460000276565552,0.7440000176429749,0.8040000200271606,0.7960000038146973,0.7080000042915344
49.748239517211914,0.7419999837875366,0.6460000276565552,0.7459999918937683,0.8059999942779541,0.7979999780654907,0.7059999704360962
49.75882172584534,0.7440000176429749,0.6460000276565552,0.7459999918937683,0.8059999942779541,0.7979999780654907,0.7059999704360962
49.76758074760437,0.7459999918937683,0.6460000276565552,0.7480000257492065,0.7979999780654907,0.7960000038146973,0.7039999961853027
49.77751421928406,0.7459999918937683,0.6460000276565552,0.7480000257492065,0.7839999794960022,0.7900000214576721,0.7020000219345093
49.7876763343811,0.7480000257492065,0.6460000276565552,0.7480000257492065,0.7699999809265137,0.7860000133514404,0.7020000219345093
49.797470808029175,0.7480000257492065,0.6480000019073486,0.7459999918937683,0.7559999823570251,0.7799999713897705,0.699999988079071
49.80766820907593,0.75,0.6480000019073486,0.7459999918937683,0.7440000176429749,0.7739999890327454,0.6980000138282776
49.81850481033325,0.75,0.6480000019073486,0.7459999918937683,0.7360000014305115,0.7720000147819519,0.6959999799728394
49.827605962753296,0.75,0.6460000276565552,0.7440000176429749,0.7279999852180481,0.765999972820282,0.6959999799728394
49.83806896209717,0.7519999742507935,0.6480000019073486,0.7440000176429749,0.7239999771118164,0.7639999985694885,0.6940000057220459
49.84782814979553,0.7519999742507935,0.6460000276565552,0.7440000176429749,0.7200000286102295,0.7599999904632568,0.6940000057220459
49.857516050338745,0.7540000081062317,0.6460000276565552,0.7419999837875366,0.7160000205039978,0.7519999742507935,0.6940000057220459
49.86840462684631,0.7540000081062317,0.6460000276565552,0.7419999837875366,0.7139999866485596,0.75,0.6940000057220459
49.877485513687134,0.7559999823570251,0.6460000276565552,0.7419999837875366,0.7099999785423279,0.7480000257492065,0.6940000057220459
49.88757014274597,0.7559999823570251,0.6460000276565552,0.7419999837875366,0.7099999785423279,0.7459999918937683,0.6940000057220459
49.89756441116333,0.7559999823570251,0.6460000276565552,0.7419999837875366,0.7080000042915344,0.7400000095367432,0.6940000057220459
49.90771007537842,0.7580000162124634,0.6460000276565552,0.7419999837875366,0.7039999961853027,0.7360000014305115,0.6940000057220459
49.917563676834106,0.7580000162124634,0.6460000276565552,0.7419999837875366,0.7039999961853027,0.734000027179718,0.6940000057220459
49.92749881744385,0.7580000162124634,0.6460000276565552,0.7419999837875366,0.7059999704360962,0.734000027179718,0.6940000057220459
49.93773579597473,0.7580000162124634,0.6460000276565552,0.7419999837875366,0.7059999704360962,0.734000027179718,0.6940000057220459
49.947490215301514,0.7599999904632568,0.6460000276565552,0.7440000176429749,0.7080000042915344,0.734000027179718,0.6940000057220459
49.95779752731323,0.7599999904632568,0.6460000276565552,0.7440000176429749,0.7099999785423279,0.7360000014305115,0.6940000057220459
49.96777009963989,0.7599999904632568,0.6460000276565552,0.7459999918937683,0.7099999785423279,0.7360000014305115,0.6940000057220459
49.97842288017273,0.7599999904632568,0.6460000276565552,0.7459999918937683,0.7120000123977661,0.7379999756813049,0.6940000057220459
49.98746037483215,0.7620000243186951,0.6480000019073486,0.7480000257492065,0.7139999866485596,0.7400000095367432,0.6959999799728394
49.997347354888916,0.7620000243186951,0.6480000019073486,0.7480000257492065,0.7160000205039978,0.7459999918937683,0.6959999799728394
50.007500886917114,0.7620000243186951,0.6480000019073486,0.75,0.7179999947547913,0.7459999918937683,0.6959999799728394
50.01739835739136,0.7620000243186951,0.6480000019073486,0.75,0.7200000286102295,0.7480000257492065,0.6959999799728394
50.02747702598572,0.7620000243186951,0.6480000019073486,0.7519999742507935,0.7239999771118164,0.7519999742507935,0.6959999799728394
50.037473917007446,0.7620000243186951,0.6480000019073486,0.7519999742507935,0.7260000109672546,0.7540000081062317,0.6959999799728394
50.04761815071106,0.7620000243186951,0.6480000019073486,0.7540000081062317,0.7279999852180481,0.7559999823570251,0.6980000138282776
50.062832832336426,0.7620000243186951,0.6480000019073486,0.7540000081062317,0.7300000190734863,0.7580000162124634,0.6980000138282776
50.06793141365051,0.7620000243186951,0.6480000019073486,0.7540000081062317,0.7319999933242798,0.7599999904632568,0.6980000138282776
50.0781147480011,0.7620000243186951,0.6480000019073486,0.7540000081062317,0.7319999933242798,0.7599999904632568,0.699999988079071
50.087777614593506,0.7620000243186951,0.6480000019073486,0.7540000081062317,0.734000027179718,0.7599999904632568,0.699999988079071
50.09756803512573,0.7599999904632568,0.6480000019073486,0.7540000081062317,0.7360000014305115,0.7599999904632568,0.7020000219345093
50.10735201835632,0.7599999904632568,0.6460000276565552,0.7540000081062317,0.7419999837875366,0.7620000243186951,0.7039999961853027
50.11758542060852,0.7599999904632568,0.6480000019073486,0.7540000081062317,0.7459999918937683,0.7620000243186951,0.7039999961853027
50.12750864028931,0.7580000162124634,0.6480000019073486,0.7540000081062317,0.75,0.7639999985694885,0.7059999704360962
50.137380599975586,0.7559999823570251,0.6480000019073486,0.7540000081062317,0.7639999985694885,0.7680000066757202,0.7080000042915344
50.148019552230835,0.7540000081062317,0.6480000019073486,0.7540000081062317,0.7760000228881836,0.7699999809265137,0.7099999785423279
50.157716035842896,0.7519999742507935,0.6480000019073486,0.7540000081062317,0.7879999876022339,0.7760000228881836,0.7099999785423279
50.16801357269287,0.7519999742507935,0.6480000019073486,0.7559999823570251,0.8019999861717224,0.7839999794960022,0.7120000123977661
50.17851734161377,0.7519999742507935,0.6480000019073486,0.7580000162124634,0.8100000023841858,0.7879999876022339,0.7120000123977661
50.18744730949402,0.7519999742507935,0.6480000019073486,0.7580000162124634,0.8159999847412109,0.7979999780654907,0.7120000123977661
50.19757699966431,0.7519999742507935,0.6480000019073486,0.7599999904632568,0.8220000267028809,0.8019999861717224,0.7120000123977661
50.207510232925415,0.7519999742507935,0.6480000019073486,0.7620000243186951,0.828000009059906,0.8080000281333923,0.7120000123977661
50.21754002571106,0.7519999742507935,0.6480000019073486,0.7639999985694885,0.8320000171661377,0.8140000104904175,0.7099999785423279
50.22751522064209,0.7540000081062317,0.6480000019073486,0.765999972820282,0.8360000252723694,0.8199999928474426,0.7099999785423279
50.23755431175232,0.7540000081062317,0.6499999761581421,0.7680000066757202,0.8399999737739563,0.8259999752044678,0.7080000042915344
50.247718811035156,0.7540000081062317,0.6499999761581421,0.7680000066757202,0.843999981880188,0.8299999833106995,0.7080000042915344
50.257553815841675,0.7540000081062317,0.6499999761581421,0.7699999809265137,0.8479999899864197,0.8360000252723694,0.7059999704360962
50.26882767677307,0.7540000081062317,0.6499999761581421,0.7720000147819519,0.8519999980926514,0.8399999737739563,0.7039999961853027
50.279512882232666,0.7540000081062317,0.6499999761581421,0.7720000147819519,0.8560000061988831,0.8460000157356262,0.7020000219345093
50.28926730155945,0.7559999823570251,0.6520000100135803,0.7720000147819519,0.8600000143051147,0.8500000238418579,0.6980000138282776
50.29817795753479,0.7559999823570251,0.6520000100135803,0.7739999890327454,0.8640000224113464,0.8539999723434448,0.6959999799728394
50.30760741233826,0.7559999823570251,0.6520000100135803,0.7739999890327454,0.8679999709129333,0.8600000143051147,0.6899999976158142
50.31742763519287,0.7559999823570251,0.6520000100135803,0.7760000228881836,0.8740000128746033,0.8659999966621399,0.6880000233650208
50.327531814575195,0.7559999823570251,0.6539999842643738,0.7760000228881836,0.878000020980835,0.8700000047683716,0.6840000152587891
50.33745527267456,0.7559999823570251,0.6539999842643738,0.777999997138977,0.8859999775886536,0.878000020980835,0.6800000071525574
50.34746289253235,0.7559999823570251,0.6539999842643738,0.777999997138977,0.8920000195503235,0.8820000290870667,0.6779999732971191
50.357513666152954,0.7559999823570251,0.6539999842643738,0.7799999713897705,0.9020000100135804,0.8880000114440918,0.6740000247955322
50.36824083328247,0.7559999823570251,0.6539999842643738,0.7820000052452087,0.9120000004768372,0.8939999938011169,0.6700000166893005
50.377718448638916,0.7580000162124634,0.656000018119812,0.7820000052452087,0.9179999828338624,0.8980000019073486,0.6679999828338623
50.38839030265808,0.7580000162124634,0.656000018119812,0.7820000052452087,0.9279999732971193,0.906000018119812,0.6639999747276306
50.39854192733765,0.7580000162124634,0.656000018119812,0.7839999794960022,0.9340000152587892,0.9100000262260436,0.6600000262260437
50.40783953666687,0.7580000162124634,0.656000018119812,0.7839999794960022,0.9399999976158142,0.9160000085830688,0.6579999923706055
50.41797423362732,0.7580000162124634,0.656000018119812,0.7839999794960022,0.9399999976158142,0.9160000085830688,0.6579999923706055
50.427980184555054,0.7580000162124634,0.656000018119812,0.7860000133514404,0.9520000219345092,0.9240000247955322,0.6520000100135803
50.439124584198,0.7580000162124634,0.6579999923706055,0.7860000133514404,0.959999978542328,0.9300000071525574,0.6520000100135803
50.44872283935547,0.7559999823570251,0.6579999923706055,0.7860000133514404,0.9660000205039978,0.9340000152587892,0.6520000100135803
50.458648681640625,0.7559999823570251,0.656000018119812,0.7879999876022339,0.9739999771118164,0.9380000233650208,0.6520000100135803
50.468557834625244,0.75,0.656000018119812,0.7879999876022339,0.984000027179718,0.9419999718666076,0.6520000100135803
50.47814440727234,0.7440000176429749,0.656000018119812,0.7879999876022339,0.9940000176429749,0.9419999718666076,0.6520000100135803
50.49154472351074,0.7279999852180481,0.6539999842643738,0.7839999794960022,1.003999948501587,0.9419999718666076,0.6520000100135803
50.49785137176514,0.7120000123977661,0.656000018119812,0.7799999713897705,1.0180000066757202,0.9380000233650208,0.6499999761581421
50.50979709625244,0.6880000233650208,0.6639999747276306,0.7720000147819519,1.027999997138977,0.9340000152587892,0.6499999761581421
50.523314237594604,0.6600000262260437,0.6759999990463257,0.7580000162124634,1.0360000133514404,0.9240000247955322,0.6499999761581421
50.52963471412659,0.6439999938011169,0.6840000152587891,0.7400000095367432,1.0440000295639038,0.8859999775886536,0.6499999761581421
50.53849482536316,0.6380000114440918,0.6919999718666077,0.7239999771118164,1.0479999780654907,0.7919999957084656,0.6499999761581421
50.54747796058655,0.6359999775886536,0.7020000219345093,0.7080000042915344,1.0460000038146973,0.7360000014305115,0.6520000100135803
50.558106899261475,0.6399999856948853,0.7020000219345093,0.6959999799728394,1.0420000553131104,0.7279999852180481,0.6520000100135803
50.56758141517639,0.6399999856948853,0.6800000071525574,0.6819999814033508,1.02400004863739,0.7160000205039978,0.6520000100135803
50.577431440353394,0.6399999856948853,0.6539999842643738,0.6740000247955322,1.003999948501587,0.7179999947547913,0.6520000100135803
50.5874662399292,0.6359999775886536,0.6520000100135803,0.6600000262260437,0.9739999771118164,0.722000002861023,0.6539999842643738
50.598347902297974,0.6320000290870667,0.6499999761581421,0.6539999842643738,0.9520000219345092,0.722000002861023,0.6539999842643738
50.60982322692871,0.6299999952316284,0.6480000019073486,0.6499999761581421,0.9120000004768372,0.7179999947547913,0.6539999842643738
50.618903398513794,0.628000020980835,0.6460000276565552,0.6520000100135803,0.8679999709129333,0.7059999704360962,0.6539999842643738
50.62921452522278,0.6259999871253967,0.6460000276565552,0.6539999842643738,0.7839999794960022,0.6940000057220459,0.6539999842643738
50.63751268386841,0.6259999871253967,0.6460000276565552,0.6539999842643738,0.7120000123977661,0.6579999923706055,0.6539999842643738
50.64758539199829,0.628000020980835,0.6460000276565552,0.6520000100135803,0.7059999704360962,0.656000018119812,0.6539999842643738
50.65749716758728,0.6299999952316284,0.6480000019073486,0.6520000100135803,0.7080000042915344,0.656000018119812,0.656000018119812
50.66766166687012,0.6299999952316284,0.6480000019073486,0.6499999761581421,0.7200000286102295,0.656000018119812,0.6579999923706055
50.67762207984924,0.6299999952316284,0.6480000019073486,0.6460000276565552,0.7260000109672546,0.656000018119812,0.6579999923706055
50.687337160110474,0.6299999952316284,0.6480000019073486,0.6420000195503235,0.7300000190734863,0.6579999923706055,0.6579999923706055
50.69774389266968,0.6299999952316284,0.6480000019073486,0.6399999856948853,0.734000027179718,0.6620000004768372,0.6579999923706055
50.707642793655396,0.6299999952316284,0.6480000019073486,0.6380000114440918,0.7360000014305115,0.6639999747276306,0.6579999923706055
50.718445777893066,0.6299999952316284,0.6480000019073486,0.6380000114440918,0.734000027179718,0.6639999747276306,0.6579999923706055
50.72985529899597,0.6299999952316284,0.6480000019073486,0.6380000114440918,0.7319999933242798,0.6639999747276306,0.6579999923706055
50.737653732299805,0.6299999952316284,0.6480000019073486,0.6380000114440918,0.7319999933242798,0.6620000004768372,0.6579999923706055
50.747464179992676,0.6299999952316284,0.6480000019073486,0.6380000114440918,0.7300000190734863,0.6639999747276306,0.6579999923706055
50.75756072998047,0.6299999952316284,0.6480000019073486,0.6380000114440918,0.7300000190734863,0.6639999747276306,0.6579999923706055
50.767491817474365,0.6320000290870667,0.6480000019073486,0.6380000114440918,0.7300000190734863,0.6660000085830688,0.6579999923706055
50.77752995491028,0.6320000290870667,0.6480000019073486,0.6380000114440918,0.7300000190734863,0.6660000085830688,0.6579999923706055
50.787381410598755,0.6320000290870667,0.6480000019073486,0.6380000114440918,0.7279999852180481,0.6660000085830688,0.6579999923706055
50.79752540588379,0.6320000290870667,0.6480000019073486,0.6359999775886536,0.7279999852180481,0.6660000085830688,0.6579999923706055
50.8077654838562,0.6320000290870667,0.6480000019073486,0.6359999775886536,0.7260000109672546,0.6660000085830688,0.6579999923706055
50.817421674728394,0.6320000290870667,0.6480000019073486,0.6359999775886536,0.7260000109672546,0.6660000085830688,0.6579999923706055
50.82864856719971,0.6320000290870667,0.6480000019073486,0.6359999775886536,0.7260000109672546,0.6660000085830688,0.6579999923706055
50.83765363693237,0.6320000290870667,0.6480000019073486,0.6359999775886536,0.7260000109672546,0.6660000085830688,0.6579999923706055
50.84771203994751,0.6320000290870667,0.6480000019073486,0.6380000114440918,0.7239999771118164,0.6660000085830688,0.6579999923706055
50.85752606391907,0.6320000290870667,0.6460000276565552,0.6380000114440918,0.7239999771118164,0.6660000085830688,0.6579999923706055
50.868167877197266,0.6320000290870667,0.6480000019073486,0.6380000114440918,0.7239999771118164,0.6660000085830688,0.6579999923706055
50.87749671936035,0.6299999952316284,0.6460000276565552,0.6380000114440918,0.722000002861023,0.6660000085830688,0.6579999923706055
50.88746476173401,0.6299999952316284,0.6480000019073486,0.6380000114440918,0.722000002861023,0.6660000085830688,0.6579999923706055
50.89749097824097,0.6299999952316284,0.6480000019073486,0.6380000114440918,0.722000002861023,0.6660000085830688,0.6579999923706055
50.90762114524841,0.6299999952316284,0.6480000019073486,0.6380000114440918,0.722000002861023,0.6660000085830688,0.6579999923706055
50.91754937171936,0.6299999952316284,0.6480000019073486,0.6380000114440918,0.722000002861023,0.6660000085830688,0.6579999923706055
50.92885732650757,0.6320000290870667,0.6460000276565552,0.6380000114440918,0.722000002861023,0.6679999828338623,0.6579999923706055
50.93774485588074,0.6320000290870667,0.6460000276565552,0.6380000114440918,0.722000002861023,0.6679999828338623,0.6579999923706055
50.947505235672,0.6320000290870667,0.6460000276565552,0.6380000114440918,0.7200000286102295,0.6679999828338623,0.6579999923706055
50.95797085762024,0.6320000290870667,0.6460000276565552,0.6380000114440918,0.7179999947547913,0.6679999828338623,0.6579999923706055
50.96765661239624,0.6320000290870667,0.6460000276565552,0.6380000114440918,0.7179999947547913,0.6679999828338623,0.6579999923706055
50.97782516479492,0.6320000290870667,0.6460000276565552,0.6380000114440918,0.7179999947547913,0.6660000085830688,0.6579999923706055
50.987507343292236,0.6320000290870667,0.6480000019073486,0.6380000114440918,0.7179999947547913,0.6660000085830688,0.6579999923706055
50.9976327419281,0.6320000290870667,0.6480000019073486,0.6380000114440918,0.7160000205039978,0.6660000085830688,0.6579999923706055
51.00741243362427,0.6320000290870667,0.6460000276565552,0.6399999856948853,0.7200000286102295,0.656000018119812,0.6579999923706055
51.01757764816284,0.6320000290870667,0.6460000276565552,0.6480000019073486,0.7200000286102295,0.6520000100135803,0.6620000004768372
51.02747297286987,0.6359999775886536,0.6460000276565552,0.6539999842643738,0.7059999704360962,0.6499999761581421,0.6759999990463257
51.03761863708496,0.6399999856948853,0.6460000276565552,0.6539999842643738,0.7039999961853027,0.6460000276565552,0.6899999976158142
51.04748463630676,0.6340000033378601,0.6460000276565552,0.6679999828338623,0.6980000138282776,0.6480000019073486,0.7300000190734863
51.05773591995239,0.6399999856948853,0.6460000276565552,0.671999990940094,0.6959999799728394,0.6399999856948853,0.7300000190734863
51.06854963302612,0.6539999842643738,0.6460000276565552,0.671999990940094,0.6959999799728394,0.6460000276565552,0.7260000109672546
51.0795521736145,0.6579999923706055,0.6460000276565552,0.6840000152587891,0.6980000138282776,0.6499999761581421,0.7200000286102295
51.087461709976196,0.6700000166893005,0.6460000276565552,0.699999988079071,0.7120000123977661,0.6840000152587891,0.7160000205039978
51.097490072250366,0.6859999895095825,0.6460000276565552,0.7099999785423279,0.722000002861023,0.7260000109672546,0.7099999785423279
51.10749316215515,0.699999988079071,0.6460000276565552,0.7179999947547913,0.7319999933242798,0.7459999918937683,0.7080000042915344
51.11769676208496,0.7099999785423279,0.6460000276565552,0.722000002861023,0.7400000095367432,0.7620000243186951,0.7080000042915344
51.12756156921387,0.7160000205039978,0.6460000276565552,0.7279999852180481,0.7739999890327454,0.7760000228881836,0.7059999704360962
51.13737750053406,0.7200000286102295,0.6480000019073486,0.734000027179718,0.8059999942779541,0.7879999876022339,0.7059999704360962
51.14762258529663,0.722000002861023,0.6480000019073486,0.7379999756813049,0.8159999847412109,0.7960000038146973,0.7059999704360962
51.15957283973694,0.7279999852180481,0.6499999761581421,0.7419999837875366,0.828000009059906,0.8040000200271606,0.7039999961853027
51.167903661727905,0.7279999852180481,0.6499999761581421,0.7419999837875366,0.8339999914169312,0.8119999766349792,0.7039999961853027
51.17806339263916,0.7300000190734863,0.6520000100135803,0.7459999918937683,0.8420000076293945,0.8220000267028809,0.7039999961853027
51.18831014633179,0.7300000190734863,0.6499999761581421,0.7480000257492065,0.8479999899864197,0.8259999752044678,0.7020000219345093
51.19751262664795,0.7319999933242798,0.6520000100135803,0.75,0.8500000238418579,0.8299999833106995,0.699999988079071
51.20743536949158,0.7319999933242798,0.6520000100135803,0.7519999742507935,0.8539999723434448,0.8339999914169312,0.699999988079071
51.21743822097778,0.7319999933242798,0.6520000100135803,0.7519999742507935,0.8560000061988831,0.8379999995231628,0.6980000138282776
51.2278618812561,0.7319999933242798,0.6520000100135803,0.7519999742507935,0.8560000061988831,0.8420000076293945,0.6980000138282776
51.237476110458374,0.7319999933242798,0.6539999842643738,0.7519999742507935,0.8579999804496765,0.843999981880188,0.6980000138282776
51.2475471496582,0.7319999933242798,0.6539999842643738,0.7519999742507935,0.8579999804496765,0.8460000157356262,0.6980000138282776
51.25738763809204,0.7319999933242798,0.6539999842643738,0.7540000081062317,0.8579999804496765,0.8500000238418579,0.6980000138282776
51.27052593231201,0.7319999933242798,0.6539999842643738,0.7540000081062317,0.8560000061988831,0.8519999980926514,0.6980000138282776
51.27764081954956,0.7319999933242798,0.6539999842643738,0.7540000081062317,0.8560000061988831,0.8519999980926514,0.6980000138282776
51.28782343864441,0.734000027179718,0.6539999842643738,0.7540000081062317,0.8539999723434448,0.8539999723434448,0.6959999799728394
51.29763150215149,0.734000027179718,0.6539999842643738,0.7540000081062317,0.8539999723434448,0.8539999723434448,0.6959999799728394
51.307676792144775,0.734000027179718,0.6539999842643738,0.7540000081062317,0.8500000238418579,0.8539999723434448,0.6959999799728394
51.31743383407593,0.734000027179718,0.6520000100135803,0.7540000081062317,0.8500000238418579,0.8539999723434448,0.6959999799728394
51.3274040222168,0.7360000014305115,0.6539999842643738,0.7540000081062317,0.8479999899864197,0.8539999723434448,0.6959999799728394
51.338045835494995,0.7360000014305115,0.6520000100135803,0.7559999823570251,0.8479999899864197,0.8519999980926514,0.6959999799728394
51.347519636154175,0.7360000014305115,0.6520000100135803,0.7559999823570251,0.8500000238418579,0.8519999980926514,0.6940000057220459
51.35749435424805,0.7379999756813049,0.6520000100135803,0.7559999823570251,0.8500000238418579,0.8519999980926514,0.6940000057220459
51.36747646331787,0.7379999756813049,0.6520000100135803,0.7559999823570251,0.8519999980926514,0.8500000238418579,0.6940000057220459
51.378862619400024,0.7400000095367432,0.6520000100135803,0.7580000162124634,0.8519999980926514,0.8500000238418579,0.6919999718666077
51.38761854171753,0.7400000095367432,0.6520000100135803,0.7599999904632568,0.8539999723434448,0.8519999980926514,0.6919999718666077
51.39801263809204,0.7400000095367432,0.6539999842643738,0.7599999904632568,0.8539999723434448,0.8539999723434448,0.6919999718666077
51.40979790687561,0.7419999837875366,0.6539999842643738,0.7620000243186951,0.8560000061988831,0.8560000061988831,0.6940000057220459
51.41753053665161,0.7419999837875366,0.6539999842643738,0.7620000243186951,0.8600000143051147,0.8579999804496765,0.6940000057220459
51.42752003669739,0.7419999837875366,0.6539999842643738,0.7639999985694885,0.8619999885559082,0.8579999804496765,0.6940000057220459
51.437487840652466,0.7440000176429749,0.6539999842643738,0.7639999985694885,0.8640000224113464,0.8619999885559082,0.6940000057220459
51.44736576080322,0.7440000176429749,0.6539999842643738,0.765999972820282,0.8679999709129333,0.8659999966621399,0.6940000057220459
51.45740032196045,0.7440000176429749,0.6539999842643738,0.765999972820282,0.8700000047683716,0.871999979019165,0.6959999799728394
51.467363357543945,0.7440000176429749,0.6539999842643738,0.765999972820282,0.8740000128746033,0.8759999871253967,0.6959999799728394
51.47741389274597,0.7440000176429749,0.6539999842643738,0.7680000066757202,0.8759999871253967,0.8799999952316284,0.6959999799728394
51.48755693435669,0.7440000176429749,0.6539999842643738,0.7680000066757202,0.878000020980835,0.8840000033378601,0.6959999799728394
51.49775266647339,0.7440000176429749,0.6539999842643738,0.7680000066757202,0.8799999952316284,0.8859999775886536,0.6959999799728394
51.507481813430786,0.7419999837875366,0.6539999842643738,0.7680000066757202,0.8840000033378601,0.8920000195503235,0.6980000138282776
51.51791262626648,0.7419999837875366,0.656000018119812,0.7680000066757202,0.8899999856948853,0.8960000276565552,0.6980000138282776
51.52830672264099,0.7419999837875366,0.656000018119812,0.7680000066757202,0.8939999938011169,0.8980000019073486,0.6980000138282776
51.53754663467407,0.7400000095367432,0.656000018119812,0.7699999809265137,0.8980000019073486,0.9020000100135804,0.699999988079071
51.54767966270447,0.7400000095367432,0.656000018119812,0.7699999809265137,0.8999999761581421,0.906000018119812,0.699999988079071
51.55741763114929,0.7400000095367432,0.656000018119812,0.7699999809265137,0.9039999842643738,0.9100000262260436,0.699999988079071
51.567408084869385,0.7379999756813049,0.656000018119812,0.7699999809265137,0.9120000004768372,0.9139999747276306,0.6980000138282776
51.577598571777344,0.7379999756813049,0.6539999842643738,0.7699999809265137,0.9160000085830688,0.9160000085830688,0.6980000138282776
51.58742618560791,0.7379999756813049,0.656000018119812,0.7699999809265137,0.921999990940094,0.9200000166893004,0.6959999799728394
51.597944021224976,0.7379999756813049,0.656000018119812,0.7720000147819519,0.9259999990463256,0.9240000247955322,0.6940000057220459
51.60775971412659,0.7379999756813049,0.656000018119812,0.7720000147819519,0.9319999814033508,0.9279999732971193,0.6919999718666077
51.617698192596436,0.7360000014305115,0.656000018119812,0.7739999890327454,0.9380000233650208,0.9319999814033508,0.6899999976158142
51.62815260887146,0.7360000014305115,0.656000018119812,0.7739999890327454,0.9419999718666076,0.9359999895095824,0.6859999895095825
51.63760757446289,0.7360000014305115,0.656000018119812,0.7739999890327454,0.9459999799728394,0.9419999718666076,0.6840000152587891
51.64742136001587,0.7360000014305115,0.656000018119812,0.7760000228881836,0.9520000219345092,0.9459999799728394,0.6819999814033508
51.65754675865173,0.7360000014305115,0.656000018119812,0.7760000228881836,0.9580000042915344,0.9480000138282776,0.6800000071525574
51.66755819320679,0.7360000014305115,0.656000018119812,0.777999997138977,0.9639999866485596,0.9520000219345092,0.6759999990463257
51.67752170562744,0.7360000014305115,0.656000018119812,0.777999997138977,0.9700000286102296,0.9559999704360962,0.671999990940094
51.68742561340332,0.7360000014305115,0.656000018119812,0.7799999713897705,0.977999985218048,0.9580000042915344,0.6700000166893005
51.698052644729614,0.7360000014305115,0.656000018119812,0.7799999713897705,0.9860000014305116,0.959999978542328,0.6639999747276306
51.70757532119751,0.7360000014305115,0.656000018119812,0.7799999713897705,0.9919999837875366,0.962000012397766,0.6600000262260437
51.7186074256897,0.7360000014305115,0.656000018119812,0.7820000052452087,1.0019999742507937,0.9639999866485596,0.6579999923706055
51.72808480262756,0.7360000014305115,0.6579999923706055,0.7820000052452087,1.0080000162124634,0.9660000205039978,0.6539999842643738
51.73769283294678,0.734000027179718,0.6579999923706055,0.7820000052452087,1.0160000324249268,0.9679999947547911,0.6520000100135803
51.74744749069214,0.7319999933242798,0.6600000262260437,0.7839999794960022,1.02400004863739,0.9700000286102296,0.6520000100135803
51.75746488571167,0.7279999852180481,0.6600000262260437,0.7839999794960022,1.031999945640564,0.972000002861023,0.6520000100135803
51.7674241065979,0.722000002861023,0.6620000004768372,0.7839999794960022,1.0399999618530271,0.972000002861023,0.6520000100135803
51.77745723724365,0.7160000205039978,0.6660000085830688,0.7820000052452087,1.0499999523162842,0.972000002861023,0.6520000100135803
51.78741216659546,0.7120000123977661,0.6740000247955322,0.7799999713897705,1.055999994277954,0.9739999771118164,0.6520000100135803
51.797377824783325,0.7059999704360962,0.6819999814033508,0.7760000228881836,1.065999984741211,0.9739999771118164,0.6520000100135803
51.807748317718506,0.6940000057220459,0.6859999895095825,0.7720000147819519,1.0740000009536743,0.972000002861023,0.6520000100135803
51.81780195236206,0.6779999732971191,0.6919999718666077,0.7639999985694885,1.0800000429153442,0.9700000286102296,0.6520000100135803
51.829875230789185,0.6639999747276306,0.6959999799728394,0.7540000081062317,1.0839999914169312,0.9679999947547911,0.6520000100135803
51.83838605880737,0.6499999761581421,0.7020000219345093,0.7360000014305115,1.090000033378601,0.959999978542328,0.6520000100135803
51.84742760658264,0.6420000195503235,0.7039999961853027,0.7120000123977661,1.0920000076293943,0.9380000233650208,0.6499999761581421
51.85739183425903,0.6399999856948853,0.7080000042915344,0.699999988079071,1.093999981880188,0.878000020980835,0.6499999761581421
51.86736726760864,0.6420000195503235,0.7099999785423279,0.6880000233650208,1.0980000495910645,0.8040000200271606,0.6499999761581421
51.87799620628357,0.6420000195503235,0.7139999866485596,0.6800000071525574,1.0980000495910645,0.7739999890327454,0.6480000019073486
51.88769340515137,0.6380000114440918,0.7099999785423279,0.6740000247955322,1.100000023841858,0.7699999809265137,0.6480000019073486
51.89751863479614,0.6380000114440918,0.6600000262260437,0.6679999828338623,1.093999981880188,0.7699999809265137,0.6480000019073486
51.90760779380798,0.6359999775886536,0.6539999842643738,0.6620000004768372,1.0839999914169312,0.7639999985694885,0.6499999761581421
51.91738224029541,0.6359999775886536,0.6499999761581421,0.6520000100135803,1.0679999589920044,0.7580000162124634,0.6499999761581421
51.928523778915405,0.6399999856948853,0.6480000019073486,0.6380000114440918,1.0360000133514404,0.7360000014305115,0.6520000100135803
51.9382860660553,0.6420000195503235,0.6460000276565552,0.6320000290870667,1.003999948501587,0.7200000286102295,0.6539999842643738
51.9476318359375,0.6380000114440918,0.6420000195503235,0.6299999952316284,0.959999978542328,0.7260000109672546,0.6539999842643738
51.95770621299744,0.6299999952316284,0.6420000195503235,0.6299999952316284,0.9039999842643738,0.722000002861023,0.6539999842643738
51.96780848503113,0.628000020980835,0.6420000195503235,0.6320000290870667,0.8339999914169312,0.7120000123977661,0.656000018119812
51.97748112678528,0.628000020980835,0.6420000195503235,0.6340000033378601,0.7300000190734863,0.6859999895095825,0.656000018119812
51.987468242645264,0.6299999952316284,0.6420000195503235,0.6340000033378601,0.722000002861023,0.6700000166893005,0.656000018119812
51.9975209236145,0.6299999952316284,0.6420000195503235,0.6359999775886536,0.7239999771118164,0.6579999923706055,0.6700000166893005
52.00737452507019,0.6299999952316284,0.6420000195503235,0.6359999775886536,0.7319999933242798,0.6579999923706055,0.6600000262260437
52.017356157302856,0.6320000290870667,0.6420000195503235,0.6359999775886536,0.7459999918937683,0.6679999828338623,0.6579999923706055
52.02885818481445,0.6299999952316284,0.6420000195503235,0.6359999775886536,0.7540000081062317,0.6800000071525574,0.6579999923706055
52.03764462471008,0.6299999952316284,0.6420000195503235,0.6359999775886536,0.7540000081062317,0.6819999814033508,0.6600000262260437
52.04770469665527,0.6299999952316284,0.6420000195503235,0.6340000033378601,0.75,0.6819999814033508,0.6600000262260437
52.057443618774414,0.6299999952316284,0.6420000195503235,0.6340000033378601,0.7480000257492065,0.6800000071525574,0.6600000262260437
52.067431926727295,0.6299999952316284,0.6420000195503235,0.6340000033378601,0.7480000257492065,0.6779999732971191,0.6600000262260437
52.077566623687744,0.6320000290870667,0.6420000195503235,0.6340000033378601,0.7459999918937683,0.6779999732971191,0.6600000262260437
52.0874388217926,0.6299999952316284,0.6420000195503235,0.6340000033378601,0.7459999918937683,0.6759999990463257,0.6600000262260437
52.09740114212036,0.6299999952316284,0.6420000195503235,0.6340000033378601,0.7459999918937683,0.6740000247955322,0.6600000262260437
52.107343435287476,0.6299999952316284,0.6420000195503235,0.6340000033378601,0.7459999918937683,0.6740000247955322,0.6600000262260437
52.11735820770264,0.6320000290870667,0.6420000195503235,0.6340000033378601,0.7459999918937683,0.671999990940094,0.6600000262260437
52.12744498252869,0.6320000290870667,0.6420000195503235,0.6340000033378601,0.7440000176429749,0.6740000247955322,0.6600000262260437
52.13739538192749,0.6299999952316284,0.6420000195503235,0.6340000033378601,0.7440000176429749,0.6740000247955322,0.6600000262260437
52.14832806587219,0.6299999952316284,0.6420000195503235,0.6340000033378601,0.7440000176429749,0.6740000247955322,0.6600000262260437
52.158900022506714,0.6299999952316284,0.6420000195503235,0.6340000033378601,0.7440000176429749,0.6759999990463257,0.6600000262260437
52.16758322715759,0.6299999952316284,0.6420000195503235,0.6340000033378601,0.7419999837875366,0.6759999990463257,0.6600000262260437
52.17793941497803,0.6320000290870667,0.6420000195503235,0.6340000033378601,0.7419999837875366,0.6759999990463257,0.6579999923706055
52.1876323223114,0.6299999952316284,0.6420000195503235,0.6340000033378601,0.7419999837875366,0.6759999990463257,0.6579999923706055
52.197574615478516,0.6299999952316284,0.6420000195503235,0.6340000033378601,0.7419999837875366,0.6759999990463257,0.6600000262260437
52.20759153366089,0.6299999952316284,0.6420000195503235,0.6340000033378601,0.7419999837875366,0.6759999990463257,0.6600000262260437
52.21748161315918,0.6299999952316284,0.6420000195503235,0.6340000033378601,0.7400000095367432,0.6759999990463257,0.6600000262260437
52.227500438690186,0.6299999952316284,0.6420000195503235,0.6340000033378601,0.7400000095367432,0.6740000247955322,0.6600000262260437
52.23735761642456,0.6299999952316284,0.6420000195503235,0.6340000033378601,0.7379999756813049,0.6740000247955322,0.6600000262260437
52.24759101867676,0.6299999952316284,0.6420000195503235,0.6340000033378601,0.7379999756813049,0.671999990940094,0.6600000262260437
52.25736951828003,0.6320000290870667,0.6420000195503235,0.6340000033378601,0.7400000095367432,0.6700000166893005,0.6600000262260437
52.267677783966064,0.6320000290870667,0.6420000195503235,0.6340000033378601,0.7379999756813049,0.6700000166893005,0.6600000262260437
52.27819776535034,0.6320000290870667,0.6420000195503235,0.6340000033378601,0.7379999756813049,0.6700000166893005,0.6579999923706055
52.29067301750183,0.6320000290870667,0.6420000195503235,0.6340000033378601,0.7360000014305115,0.6700000166893005,0.6600000262260437
52.297879219055176,0.6320000290870667,0.6420000195503235,0.6340000033378601,0.7360000014305115,0.671999990940094,0.6579999923706055
52.30745339393616,0.6320000290870667,0.6420000195503235,0.6359999775886536,0.7360000014305115,0.671999990940094,0.6600000262260437
52.31741189956665,0.6320000290870667,0.6420000195503235,0.6359999775886536,0.734000027179718,0.671999990940094,0.6600000262260437
52.32761311531067,0.6320000290870667,0.6420000195503235,0.6359999775886536,0.734000027179718,0.671999990940094,0.6600000262260437
52.33749771118164,0.6320000290870667,0.6420000195503235,0.6359999775886536,0.7319999933242798,0.6740000247955322,0.6600000262260437
52.347755908966064,0.6299999952316284,0.6420000195503235,0.6380000114440918,0.7300000190734863,0.6600000262260437,0.6620000004768372
52.35749268531799,0.6340000033378601,0.6420000195503235,0.6439999938011169,0.7160000205039978,0.6520000100135803,0.6779999732971191
52.36745524406433,0.6380000114440918,0.6420000195503235,0.6499999761581421,0.7139999866485596,0.6480000019073486,0.7020000219345093
52.379270792007446,0.6399999856948853,0.6399999856948853,0.6620000004768372,0.7059999704360962,0.6439999938011169,0.7279999852180481
52.38825821876526,0.6320000290870667,0.6420000195503235,0.6660000085830688,0.6980000138282776,0.6499999761581421,0.7300000190734863
52.397862911224365,0.6520000100135803,0.6420000195503235,0.671999990940094,0.699999988079071,0.6460000276565552,0.7260000109672546
52.407965660095215,0.6600000262260437,0.6420000195503235,0.6859999895095825,0.699999988079071,0.6520000100135803,0.7200000286102295
52.41771483421326,0.6639999747276306,0.6420000195503235,0.699999988079071,0.7279999852180481,0.7080000042915344,0.7139999866485596
52.42819094657898,0.6800000071525574,0.6420000195503235,0.7099999785423279,0.7400000095367432,0.7419999837875366,0.7080000042915344
52.4376335144043,0.7020000219345093,0.6420000195503235,0.7200000286102295,0.7580000162124634,0.7699999809265137,0.7059999704360962
52.447410345077515,0.7099999785423279,0.6420000195503235,0.7260000109672546,0.7900000214576721,0.7860000133514404,0.7059999704360962
52.45797324180603,0.7179999947547913,0.6439999938011169,0.734000027179718,0.8220000267028809,0.8019999861717224,0.7039999961853027
52.46750736236572,0.7279999852180481,0.6480000019073486,0.7400000095367432,0.843999981880188,0.8199999928474426,0.7020000219345093
52.47754168510437,0.7319999933242798,0.6480000019073486,0.7440000176429749,0.8560000061988831,0.8299999833106995,0.7020000219345093
52.48744082450867,0.734000027179718,0.6499999761581421,0.75,0.8679999709129333,0.843999981880188,0.699999988079071
52.49742412567139,0.7379999756813049,0.6520000100135803,0.7540000081062317,0.878000020980835,0.8539999723434448,0.6980000138282776
52.50911283493042,0.7400000095367432,0.6499999761581421,0.7559999823570251,0.8859999775886536,0.8600000143051147,0.6959999799728394
52.51773715019226,0.7400000095367432,0.6520000100135803,0.7580000162124634,0.8899999856948853,0.8659999966621399,0.6940000057220459
52.528207302093506,0.7419999837875366,0.6520000100135803,0.7599999904632568,0.8939999938011169,0.8659999966621399,0.6919999718666077
52.539175033569336,0.7419999837875366,0.6520000100135803,0.7620000243186951,0.8960000276565552,0.8679999709129333,0.6899999976158142
52.547393560409546,0.7440000176429749,0.6539999842643738,0.7620000243186951,0.8960000276565552,0.8679999709129333,0.6880000233650208
52.557382345199585,0.7440000176429749,0.6539999842643738,0.7620000243186951,0.8960000276565552,0.8679999709129333,0.6859999895095825
52.567599296569824,0.7440000176429749,0.6539999842643738,0.7639999985694885,0.8960000276565552,0.8659999966621399,0.6840000152587891
52.57825183868408,0.7459999918937683,0.6539999842643738,0.7639999985694885,0.8939999938011169,0.8659999966621399,0.6819999814033508
52.5873818397522,0.7459999918937683,0.6539999842643738,0.7639999985694885,0.8920000195503235,0.8640000224113464,0.6800000071525574
52.59748125076294,0.7459999918937683,0.6539999842643738,0.7639999985694885,0.8899999856948853,0.8619999885559082,0.6800000071525574
52.6077082157135,0.7459999918937683,0.6539999842643738,0.7639999985694885,0.8880000114440918,0.8579999804496765,0.6779999732971191
52.61754512786865,0.7480000257492065,0.6539999842643738,0.7639999985694885,0.8859999775886536,0.8539999723434448,0.6779999732971191
52.628227949142456,0.7480000257492065,0.6539999842643738,0.7639999985694885,0.8840000033378601,0.8519999980926514,0.6779999732971191
52.63779139518738,0.7480000257492065,0.6539999842643738,0.7639999985694885,0.8820000290870667,0.8500000238418579,0.6759999990463257
52.64754867553711,0.7480000257492065,0.6539999842643738,0.765999972820282,0.8820000290870667,0.8479999899864197,0.6759999990463257
52.6576452255249,0.75,0.6539999842643738,0.765999972820282,0.8820000290870667,0.8479999899864197,0.6759999990463257
52.66781687736511,0.75,0.6539999842643738,0.765999972820282,0.8820000290870667,0.8460000157356262,0.6759999990463257
52.677319288253784,0.75,0.6539999842643738,0.765999972820282,0.8820000290870667,0.8460000157356262,0.6759999990463257
52.68753361701965,0.7519999742507935,0.6539999842643738,0.765999972820282,0.8840000033378601,0.8479999899864197,0.6759999990463257
52.6974241733551,0.7519999742507935,0.6539999842643738,0.7680000066757202,0.8859999775886536,0.8479999899864197,0.6759999990463257
52.70767021179199,0.7519999742507935,0.6539999842643738,0.7680000066757202,0.8859999775886536,0.8479999899864197,0.6779999732971191
52.71762681007385,0.7540000081062317,0.6539999842643738,0.7680000066757202,0.8859999775886536,0.8479999899864197,0.6779999732971191
52.72976303100586,0.7540000081062317,0.6539999842643738,0.7699999809265137,0.8880000114440918,0.8500000238418579,0.6800000071525574
52.73982262611389,0.7540000081062317,0.6539999842643738,0.7699999809265137,0.8880000114440918,0.8519999980926514,0.6800000071525574
52.747535943984985,0.7540000081062317,0.6539999842643738,0.7699999809265137,0.8899999856948853,0.8560000061988831,0.6819999814033508
52.75747990608215,0.7540000081062317,0.6539999842643738,0.7699999809265137,0.8920000195503235,0.8579999804496765,0.6819999814033508
52.76752281188965,0.7559999823570251,0.6539999842643738,0.7720000147819519,0.8920000195503235,0.8619999885559082,0.6840000152587891
52.77743601799011,0.7559999823570251,0.6539999842643738,0.7720000147819519,0.8939999938011169,0.8640000224113464,0.6840000152587891
52.7875702381134,0.7559999823570251,0.6539999842643738,0.7720000147819519,0.8960000276565552,0.8659999966621399,0.6840000152587891
52.79743671417236,0.7559999823570251,0.6539999842643738,0.7739999890327454,0.8980000019073486,0.8679999709129333,0.6859999895095825
52.807698011398315,0.7559999823570251,0.6539999842643738,0.7739999890327454,0.8999999761581421,0.8679999709129333,0.6859999895095825
52.81909775733948,0.7559999823570251,0.6539999842643738,0.7739999890327454,0.9039999842643738,0.8700000047683716,0.6859999895095825
52.82809090614319,0.7559999823570251,0.6539999842643738,0.7739999890327454,0.9079999923706056,0.871999979019165,0.6840000152587891
52.837642669677734,0.7559999823570251,0.6539999842643738,0.7739999890327454,0.9100000262260436,0.8740000128746033,0.6840000152587891
52.847808837890625,0.7559999823570251,0.656000018119812,0.7739999890327454,0.9160000085830688,0.878000020980835,0.6840000152587891
52.857505559921265,0.7540000081062317,0.656000018119812,0.7760000228881836,0.9179999828338624,0.8799999952316284,0.6840000152587891
52.867427825927734,0.7540000081062317,0.6579999923706055,0.7760000228881836,0.921999990940094,0.8840000033378601,0.6819999814033508
52.87762951850891,0.7540000081062317,0.6579999923706055,0.7760000228881836,0.9259999990463256,0.8880000114440918,0.6819999814033508
52.88760256767273,0.7540000081062317,0.6600000262260437,0.7760000228881836,0.9300000071525574,0.8899999856948853,0.6819999814033508
52.897515535354614,0.7540000081062317,0.6600000262260437,0.777999997138977,0.9340000152587892,0.8939999938011169,0.6800000071525574
52.90765047073364,0.7540000081062317,0.6620000004768372,0.777999997138977,0.9380000233650208,0.8980000019073486,0.6800000071525574
52.91852331161499,0.7519999742507935,0.6620000004768372,0.777999997138977,0.9399999976158142,0.9039999842643738,0.6800000071525574
52.92896056175232,0.7519999742507935,0.6620000004768372,0.777999997138977,0.944000005722046,0.9079999923706056,0.6779999732971191
52.93775510787964,0.7519999742507935,0.6600000262260437,0.7799999713897705,0.9459999799728394,0.9120000004768372,0.6779999732971191
52.94879341125488,0.7519999742507935,0.6600000262260437,0.7799999713897705,0.9520000219345092,0.9179999828338624,0.6759999990463257
52.957523822784424,0.75,0.6600000262260437,0.7799999713897705,0.9559999704360962,0.9240000247955322,0.6740000247955322
52.96752429008484,0.75,0.6620000004768372,0.7799999713897705,0.9580000042915344,0.9279999732971193,0.671999990940094
52.978580713272095,0.75,0.6620000004768372,0.7820000052452087,0.9639999866485596,0.9340000152587892,0.671999990940094
52.98741173744202,0.75,0.6639999747276306,0.7820000052452087,0.9679999947547911,0.9359999895095824,0.6700000166893005
52.997395277023315,0.75,0.6660000085830688,0.7820000052452087,0.9739999771118164,0.9419999718666076,0.6679999828338623
53.00753593444824,0.75,0.6679999828338623,0.7839999794960022,0.977999985218048,0.9480000138282776,0.6660000085830688
53.01774263381958,0.7480000257492065,0.6700000166893005,0.7839999794960022,0.9819999933242798,0.9520000219345092,0.6620000004768372
53.02878284454346,0.7480000257492065,0.671999990940094,0.7839999794960022,0.9879999756813048,0.9559999704360962,0.6600000262260437
53.03911852836609,0.7480000257492065,0.6740000247955322,0.7839999794960022,0.9940000176429749,0.959999978542328,0.6579999923706055
53.04826045036316,0.7480000257492065,0.6800000071525574,0.7860000133514404,1.0019999742507937,0.962000012397766,0.656000018119812
53.057480573654175,0.7480000257492065,0.6880000233650208,0.7860000133514404,1.0080000162124634,0.9660000205039978,0.656000018119812
53.06775403022766,0.7480000257492065,0.6899999976158142,0.7860000133514404,1.0140000581741333,0.9660000205039978,0.6539999842643738
53.07852077484131,0.7459999918937683,0.6940000057220459,0.7860000133514404,1.02400004863739,0.9679999947547911,0.6539999842643738
53.0873601436615,0.7440000176429749,0.6980000138282776,0.7860000133514404,1.0299999713897705,0.9700000286102296,0.6539999842643738
53.09745192527771,0.7400000095367432,0.7020000219345093,0.7860000133514404,1.0399999618530271,0.9700000286102296,0.6539999842643738
53.10740876197815,0.7360000014305115,0.7039999961853027,0.7839999794960022,1.0479999780654907,0.972000002861023,0.6539999842643738
53.117542028427124,0.7300000190734863,0.7059999704360962,0.7839999794960022,1.0540000200271606,0.972000002861023,0.6539999842643738
53.12748169898987,0.7260000109672546,0.7099999785423279,0.7820000052452087,1.059999942779541,0.972000002861023,0.6539999842643738
53.138004779815674,0.7200000286102295,0.7120000123977661,0.7799999713897705,1.0640000104904177,0.972000002861023,0.6539999842643738
53.147523403167725,0.7059999704360962,0.7160000205039978,0.7739999890327454,1.0700000524520874,0.9700000286102296,0.6539999842643738
53.15752863883972,0.6919999718666077,0.7179999947547913,0.765999972820282,1.0759999752044678,0.9660000205039978,0.6539999842643738
53.168559551239014,0.6819999814033508,0.7200000286102295,0.7580000162124634,1.0800000429153442,0.962000012397766,0.6539999842643738
53.17743444442749,0.6679999828338623,0.7239999771118164,0.7400000095367432,1.0839999914169312,0.9559999704360962,0.6520000100135803
53.18778944015503,0.656000018119812,0.7260000109672546,0.7239999771118164,1.0880000591278076,0.9380000233650208,0.6520000100135803
53.197404623031616,0.6480000019073486,0.7279999852180481,0.7139999866485596,1.090000033378601,0.9039999842643738,0.6520000100135803
53.20747995376587,0.6460000276565552,0.7300000190734863,0.7039999961853027,1.0920000076293943,0.8259999752044678,0.6499999761581421
53.21792125701904,0.6460000276565552,0.7319999933242798,0.6959999799728394,1.0920000076293943,0.7839999794960022,0.6499999761581421
53.22803020477295,0.6460000276565552,0.7319999933242798,0.6880000233650208,1.0920000076293943,0.765999972820282,0.6499999761581421
53.23779582977295,0.6439999938011169,0.7279999852180481,0.6819999814033508,1.0920000076293943,0.7620000243186951,0.6499999761581421
53.247817277908325,0.6420000195503235,0.7099999785423279,0.6779999732971191,1.0880000591278076,0.7559999823570251,0.6499999761581421
53.257736682891846,0.6420000195503235,0.6579999923706055,0.6700000166893005,1.0759999752044678,0.7559999823570251,0.6520000100135803
53.267521381378174,0.6420000195503235,0.656000018119812,0.6579999923706055,1.0579999685287476,0.7459999918937683,0.6520000100135803
53.27881956100464,0.6439999938011169,0.6539999842643738,0.6420000195503235,1.0260000228881836,0.7239999771118164,0.6520000100135803
53.28756070137024,0.6420000195503235,0.6499999761581421,0.6320000290870667,0.9860000014305116,0.7260000109672546,0.6539999842643738
53.29763722419739,0.6380000114440918,0.6480000019073486,0.6299999952316284,0.9580000042915344,0.7260000109672546,0.6539999842643738
53.307523012161255,0.6340000033378601,0.6460000276565552,0.6299999952316284,0.9079999923706056,0.7179999947547913,0.656000018119812
53.31750178337097,0.6299999952316284,0.6420000195503235,0.6340000033378601,0.8140000104904175,0.7099999785423279,0.656000018119812
53.327813148498535,0.628000020980835,0.6399999856948853,0.6340000033378601,0.7440000176429749,0.6959999799728394,0.656000018119812
53.337552547454834,0.6299999952316284,0.6420000195503235,0.6320000290870667,0.7160000205039978,0.6779999732971191,0.6579999923706055
53.347368240356445,0.6320000290870667,0.6420000195503235,0.6340000033378601,0.7139999866485596,0.6639999747276306,0.6740000247955322
53.35802483558655,0.6320000290870667,0.6420000195503235,0.6359999775886536,0.7239999771118164,0.656000018119812,0.6600000262260437
53.36893844604492,0.6320000290870667,0.6420000195503235,0.6359999775886536,0.7419999837875366,0.6679999828338623,0.6600000262260437
53.37871217727661,0.6320000290870667,0.6420000195503235,0.6359999775886536,0.7519999742507935,0.6779999732971191,0.6600000262260437
53.387529611587524,0.6299999952316284,0.6420000195503235,0.6359999775886536,0.7540000081062317,0.6819999814033508,0.6600000262260437
53.39765667915344,0.6320000290870667,0.6420000195503235,0.6359999775886536,0.7519999742507935,0.6800000071525574,0.6600000262260437
53.4075345993042,0.6320000290870667,0.6420000195503235,0.6359999775886536,0.75,0.6779999732971191,0.6600000262260437
53.417457818984985,0.6320000290870667,0.6420000195503235,0.6340000033378601,0.7480000257492065,0.6779999732971191,0.6600000262260437
53.42761993408203,0.6320000290870667,0.6420000195503235,0.6340000033378601,0.7480000257492065,0.6759999990463257,0.6620000004768372
53.43747329711914,0.6320000290870667,0.6420000195503235,0.6359999775886536,0.7480000257492065,0.6740000247955322,0.6620000004768372
53.447592973709106,0.6320000290870667,0.6420000195503235,0.6359999775886536,0.7480000257492065,0.671999990940094,0.6620000004768372
53.45750856399536,0.6320000290870667,0.6420000195503235,0.6359999775886536,0.7459999918937683,0.6700000166893005,0.6620000004768372
53.467928886413574,0.6320000290870667,0.6420000195503235,0.6359999775886536,0.7459999918937683,0.6679999828338623,0.6620000004768372
53.47798562049866,0.6320000290870667,0.6420000195503235,0.6359999775886536,0.7459999918937683,0.6700000166893005,0.6600000262260437
53.487738370895386,0.6320000290870667,0.6420000195503235,0.6359999775886536,0.7440000176429749,0.6700000166893005,0.6620000004768372
53.49757766723633,0.6320000290870667,0.6420000195503235,0.6359999775886536,0.7440000176429749,0.671999990940094,0.6620000004768372
53.50765037536621,0.6320000290870667,0.6420000195503235,0.6359999775886536,0.7419999837875366,0.671999990940094,0.6600000262260437
53.51765727996826,0.6320000290870667,0.6420000195503235,0.6359999775886536,0.7419999837875366,0.671999990940094,0.6620000004768372
53.528022050857544,0.6320000290870667,0.6420000195503235,0.6359999775886536,0.7400000095367432,0.671999990940094,0.6620000004768372
53.53755283355713,0.6320000290870667,0.6420000195503235,0.6359999775886536,0.7379999756813049,0.6700000166893005,0.6620000004768372
53.54768514633179,0.6320000290870667,0.6420000195503235,0.6359999775886536,0.7379999756813049,0.6679999828338623,0.6620000004768372
53.55776882171631,0.6320000290870667,0.6420000195503235,0.6359999775886536,0.7379999756813049,0.6700000166893005,0.6620000004768372
53.56837844848633,0.6320000290870667,0.6420000195503235,0.6359999775886536,0.7379999756813049,0.6700000166893005,0.6620000004768372
53.57945656776428,0.6320000290870667,0.6420000195503235,0.6359999775886536,0.7360000014305115,0.6700000166893005,0.6620000004768372
53.58751606941223,0.6320000290870667,0.6420000195503235,0.6359999775886536,0.734000027179718,0.6700000166893005,0.6620000004768372
53.59757375717163,0.6320000290870667,0.6420000195503235,0.6359999775886536,0.734000027179718,0.6700000166893005,0.6620000004768372
53.60745048522949,0.6320000290870667,0.6420000195503235,0.6359999775886536,0.7319999933242798,0.6700000166893005,0.6600000262260437
53.617544651031494,0.6320000290870667,0.6420000195503235,0.6359999775886536,0.7319999933242798,0.6660000085830688,0.6600000262260437
53.627609729766846,0.6320000290870667,0.6420000195503235,0.6359999775886536,0.7319999933242798,0.6660000085830688,0.6600000262260437
53.63744401931763,0.6340000033378601,0.6420000195503235,0.6359999775886536,0.7300000190734863,0.6660000085830688,0.6600000262260437
53.647446632385254,0.6340000033378601,0.6420000195503235,0.6359999775886536,0.7319999933242798,0.6660000085830688,0.6600000262260437
53.65757179260254,0.6340000033378601,0.6420000195503235,0.6359999775886536,0.7319999933242798,0.6679999828338623,0.6600000262260437
53.6674690246582,0.6340000033378601,0.6420000195503235,0.6359999775886536,0.7300000190734863,0.6679999828338623,0.6600000262260437
53.68005156517029,0.6340000033378601,0.6420000195503235,0.6359999775886536,0.7300000190734863,0.6700000166893005,0.6600000262260437
53.68767261505127,0.6340000033378601,0.6420000195503235,0.6359999775886536,0.7300000190734863,0.6700000166893005,0.6600000262260437
53.69749140739441,0.6340000033378601,0.6420000195503235,0.6359999775886536,0.7300000190734863,0.6700000166893005,0.6600000262260437
53.70770835876465,0.6340000033378601,0.6420000195503235,0.6359999775886536,0.7300000190734863,0.6700000166893005,0.6600000262260437
53.7174859046936,0.6340000033378601,0.6420000195503235,0.6420000195503235,0.7239999771118164,0.656000018119812,0.6700000166893005
53.72737121582031,0.6340000033378601,0.6420000195503235,0.6460000276565552,0.722000002861023,0.6539999842643738,0.6759999990463257
53.73742723464966,0.6380000114440918,0.6420000195503235,0.6520000100135803,0.7200000286102295,0.6499999761581421,0.699999988079071
53.74740242958069,0.6320000290870667,0.6420000195503235,0.6620000004768372,0.699999988079071,0.6520000100135803,0.7300000190734863
53.75752782821655,0.6520000100135803,0.6420000195503235,0.671999990940094,0.6980000138282776,0.6460000276565552,0.7279999852180481
53.76753282546997,0.6579999923706055,0.6420000195503235,0.6880000233650208,0.699999988079071,0.6539999842643738,0.722000002861023
53.778125524520874,0.6579999923706055,0.6420000195503235,0.6959999799728394,0.722000002861023,0.671999990940094,0.7160000205039978
53.78775429725647,0.6639999747276306,0.6420000195503235,0.7039999961853027,0.7279999852180481,0.7260000109672546,0.7120000123977661
53.79849147796631,0.6759999990463257,0.6420000195503235,0.7139999866485596,0.7419999837875366,0.7459999918937683,0.7099999785423279
53.8082640171051,0.6880000233650208,0.6420000195503235,0.7179999947547913,0.7480000257492065,0.7680000066757202,0.7099999785423279
53.817511558532715,0.6980000138282776,0.6420000195503235,0.7239999771118164,0.7599999904632568,0.7820000052452087,0.7120000123977661
53.82804465293884,0.7080000042915344,0.6420000195503235,0.7319999933242798,0.7919999957084656,0.7960000038146973,0.7120000123977661
53.83745765686035,0.7120000123977661,0.6420000195503235,0.7360000014305115,0.8140000104904175,0.8080000281333923,0.7120000123977661
53.84789681434631,0.7200000286102295,0.6420000195503235,0.7400000095367432,0.8299999833106995,0.8240000009536743,0.7099999785423279
53.857587814331055,0.7260000109672546,0.6439999938011169,0.7440000176429749,0.8399999737739563,0.8339999914169312,0.7099999785423279
53.86759877204895,0.7319999933242798,0.6460000276565552,0.75,0.8479999899864197,0.8460000157356262,0.7080000042915344
53.87762236595154,0.7360000014305115,0.6480000019073486,0.7540000081062317,0.8560000061988831,0.8560000061988831,0.7059999704360962
53.88754463195801,0.7379999756813049,0.6499999761581421,0.7559999823570251,0.8600000143051147,0.8619999885559082,0.7039999961853027
53.898369550704956,0.7400000095367432,0.6499999761581421,0.7580000162124634,0.8619999885559082,0.8659999966621399,0.7020000219345093
53.908238649368286,0.7419999837875366,0.6499999761581421,0.7599999904632568,0.8619999885559082,0.8659999966621399,0.699999988079071
53.918187618255615,0.7419999837875366,0.6499999761581421,0.7599999904632568,0.8619999885559082,0.8659999966621399,0.6980000138282776
53.92838525772095,0.7440000176429749,0.6499999761581421,0.7620000243186951,0.8600000143051147,0.8659999966621399,0.6940000057220459
53.93746495246887,0.7440000176429749,0.6499999761581421,0.7620000243186951,0.8600000143051147,0.8640000224113464,0.6940000057220459
53.947502851486206,0.7440000176429749,0.6499999761581421,0.7620000243186951,0.8579999804496765,0.8619999885559082,0.6919999718666077
53.95760154724121,0.7440000176429749,0.6499999761581421,0.7620000243186951,0.8560000061988831,0.8600000143051147,0.6899999976158142
53.9674711227417,0.7459999918937683,0.6499999761581421,0.7620000243186951,0.8539999723434448,0.8579999804496765,0.6899999976158142
53.97774791717529,0.7459999918937683,0.6499999761581421,0.7620000243186951,0.8519999980926514,0.8539999723434448,0.6880000233650208
53.9879150390625,0.7459999918937683,0.6499999761581421,0.7620000243186951,0.8519999980926514,0.8539999723434448,0.6880000233650208
53.99780035018921,0.7480000257492065,0.6520000100135803,0.7620000243186951,0.8519999980926514,0.8519999980926514,0.6880000233650208
54.00983715057373,0.7480000257492065,0.6499999761581421,0.7639999985694885,0.8500000238418579,0.8500000238418579,0.6880000233650208
54.017635345458984,0.75,0.6520000100135803,0.7639999985694885,0.8500000238418579,0.8500000238418579,0.6859999895095825
54.028961420059204,0.75,0.6499999761581421,0.7639999985694885,0.8500000238418579,0.8500000238418579,0.6880000233650208
54.03954005241394,0.7519999742507935,0.6520000100135803,0.765999972820282,0.8500000238418579,0.8500000238418579,0.6880000233650208
54.04821562767029,0.7519999742507935,0.6520000100135803,0.765999972820282,0.8500000238418579,0.8500000238418579,0.6880000233650208
54.05873513221741,0.7540000081062317,0.6520000100135803,0.765999972820282,0.8500000238418579,0.8479999899864197,0.6859999895095825
54.068151235580444,0.7540000081062317,0.6520000100135803,0.7680000066757202,0.8519999980926514,0.8500000238418579,0.6859999895095825
54.08054709434509,0.7559999823570251,0.6520000100135803,0.7680000066757202,0.8519999980926514,0.8500000238418579,0.6859999895095825
54.08862614631653,0.7559999823570251,0.6520000100135803,0.7699999809265137,0.8539999723434448,0.8500000238418579,0.6859999895095825
54.097983837127686,0.7559999823570251,0.6520000100135803,0.7699999809265137,0.8560000061988831,0.8500000238418579,0.6840000152587891
54.10752272605896,0.7580000162124634,0.6520000100135803,0.7699999809265137,0.8579999804496765,0.8519999980926514,0.6840000152587891
54.11751461029053,0.7580000162124634,0.6539999842643738,0.7720000147819519,0.8600000143051147,0.8519999980926514,0.6840000152587891
54.12741017341614,0.7580000162124634,0.6539999842643738,0.7720000147819519,0.8619999885559082,0.8539999723434448,0.6840000152587891
54.13847613334656,0.7580000162124634,0.6539999842643738,0.7720000147819519,0.8640000224113464,0.8539999723434448,0.6819999814033508
54.14736604690552,0.7580000162124634,0.656000018119812,0.7739999890327454,0.8659999966621399,0.8560000061988831,0.6819999814033508
54.15859532356262,0.7580000162124634,0.656000018119812,0.7739999890327454,0.8679999709129333,0.8600000143051147,0.6819999814033508
54.16732215881348,0.7580000162124634,0.656000018119812,0.7739999890327454,0.8700000047683716,0.8619999885559082,0.6819999814033508
54.17739129066467,0.7580000162124634,0.656000018119812,0.7760000228881836,0.871999979019165,0.8679999709129333,0.6819999814033508
54.18733835220337,0.7580000162124634,0.656000018119812,0.7760000228881836,0.8740000128746033,0.871999979019165,0.6819999814033508
54.1972553730011,0.7580000162124634,0.656000018119812,0.7760000228881836,0.878000020980835,0.8740000128746033,0.6819999814033508
54.20723795890808,0.7580000162124634,0.656000018119812,0.7760000228881836,0.8820000290870667,0.878000020980835,0.6840000152587891
54.21731972694397,0.7559999823570251,0.656000018119812,0.7760000228881836,0.8840000033378601,0.8820000290870667,0.6859999895095825
54.22746562957764,0.7559999823570251,0.656000018119812,0.7760000228881836,0.8880000114440918,0.8880000114440918,0.6859999895095825
54.237427949905396,0.7540000081062317,0.656000018119812,0.7760000228881836,0.8920000195503235,0.8920000195503235,0.6880000233650208
54.24779653549194,0.7540000081062317,0.656000018119812,0.777999997138977,0.8960000276565552,0.8980000019073486,0.6899999976158142
54.258251428604126,0.7540000081062317,0.656000018119812,0.777999997138977,0.8999999761581421,0.9020000100135804,0.6899999976158142
54.267449140548706,0.7519999742507935,0.656000018119812,0.777999997138977,0.9039999842643738,0.906000018119812,0.6899999976158142
54.277597427368164,0.7519999742507935,0.656000018119812,0.777999997138977,0.9100000262260436,0.9100000262260436,0.6880000233650208
54.287580490112305,0.7519999742507935,0.656000018119812,0.777999997138977,0.9160000085830688,0.9139999747276306,0.6880000233650208
54.29733109474182,0.7519999742507935,0.656000018119812,0.7799999713897705,0.9200000166893004,0.9179999828338624,0.6859999895095825
54.3075156211853,0.7519999742507935,0.656000018119812,0.7799999713897705,0.9259999990463256,0.921999990940094,0.6840000152587891
54.31752133369446,0.7519999742507935,0.656000018119812,0.7799999713897705,0.9319999814033508,0.9240000247955322,0.6819999814033508
54.32741928100586,0.75,0.656000018119812,0.7799999713897705,0.9380000233650208,0.9300000071525574,0.6779999732971191
54.33729410171509,0.75,0.6579999923706055,0.7820000052452087,0.9419999718666076,0.9359999895095824,0.6759999990463257
54.347692012786865,0.75,0.6579999923706055,0.7820000052452087,0.9459999799728394,0.9399999976158142,0.671999990940094
54.35731792449951,0.75,0.6639999747276306,0.7820000052452087,0.9539999961853028,0.9459999799728394,0.6700000166893005
54.36756873130798,0.75,0.6660000085830688,0.7839999794960022,0.9580000042915344,0.9480000138282776,0.6679999828338623
54.37762093544006,0.75,0.6700000166893005,0.7839999794960022,0.9660000205039978,0.9539999961853028,0.6620000004768372
54.387694358825684,0.75,0.6740000247955322,0.7839999794960022,0.972000002861023,0.9559999704360962,0.6600000262260437
54.397804737091064,0.75,0.6759999990463257,0.7839999794960022,0.977999985218048,0.959999978542328,0.6579999923706055
54.40756940841675,0.7480000257492065,0.6800000071525574,0.7860000133514404,0.9860000014305116,0.9639999866485596,0.656000018119812
54.41741323471069,0.7480000257492065,0.6859999895095825,0.7860000133514404,0.9959999918937684,0.9660000205039978,0.6539999842643738
54.427740812301636,0.7459999918937683,0.6899999976158142,0.7860000133514404,1.0019999742507937,0.9679999947547911,0.6539999842643738
54.43757462501526,0.7440000176429749,0.6919999718666077,0.7860000133514404,1.0099999904632568,0.9700000286102296,0.6539999842643738
54.447545528411865,0.7419999837875366,0.6940000057220459,0.7860000133514404,1.0160000324249268,0.972000002861023,0.6539999842643738
54.457385540008545,0.7379999756813049,0.6959999799728394,0.7860000133514404,1.02400004863739,0.9739999771118164,0.6539999842643738
54.46849822998047,0.7319999933242798,0.6980000138282776,0.7839999794960022,1.031999945640564,0.9739999771118164,0.6539999842643738
54.47853636741638,0.7279999852180481,0.699999988079071,0.7839999794960022,1.037999987602234,0.9739999771118164,0.6539999842643738
54.487449169158936,0.722000002861023,0.7020000219345093,0.7820000052452087,1.0479999780654907,0.9760000109672546,0.6539999842643738
54.498255014419556,0.7160000205039978,0.7039999961853027,0.7820000052452087,1.0540000200271606,0.9760000109672546,0.6539999842643738
54.507771730422974,0.7020000219345093,0.7080000042915344,0.777999997138977,1.059999942779541,0.9760000109672546,0.6539999842643738
54.517500162124634,0.6880000233650208,0.7099999785423279,0.7699999809265137,1.0679999589920044,0.9739999771118164,0.6520000100135803
54.5273962020874,0.6740000247955322,0.7120000123977661,0.7639999985694885,1.0740000009536743,0.972000002861023,0.6520000100135803
54.53738331794739,0.6620000004768372,0.7160000205039978,0.75,1.0800000429153442,0.9679999947547911,0.6520000100135803
54.54752230644226,0.6499999761581421,0.722000002861023,0.7360000014305115,1.0839999914169312,0.9580000042915344,0.6499999761581421
54.55761933326721,0.6460000276565552,0.7239999771118164,0.722000002861023,1.0880000591278076,0.9279999732971193,0.6499999761581421
54.567283391952515,0.6439999938011169,0.7260000109672546,0.7080000042915344,1.090000033378601,0.8479999899864197,0.6499999761581421
54.57746887207031,0.6439999938011169,0.7300000190734863,0.6980000138282776,1.0920000076293943,0.8019999861717224,0.6499999761581421
54.58784031867981,0.6439999938011169,0.7319999933242798,0.6899999976158142,1.093999981880188,0.7760000228881836,0.6499999761581421
54.600085496902466,0.6420000195503235,0.7279999852180481,0.6819999814033508,1.093999981880188,0.765999972820282,0.6499999761581421
54.60757374763489,0.6399999856948853,0.722000002861023,0.6759999990463257,1.0920000076293943,0.7680000066757202,0.6499999761581421
54.617528438568115,0.6380000114440918,0.6740000247955322,0.671999990940094,1.0839999914169312,0.7620000243186951,0.6499999761581421
54.629371643066406,0.6380000114440918,0.6579999923706055,0.6620000004768372,1.0700000524520874,0.7599999904632568,0.6499999761581421
54.63768982887268,0.6380000114440918,0.6539999842643738,0.6480000019073486,1.0479999780654907,0.7459999918937683,0.6520000100135803
54.64750576019287,0.6420000195503235,0.6520000100135803,0.6359999775886536,1.0119999647140503,0.722000002861023,0.6520000100135803
54.65745735168457,0.6420000195503235,0.6499999761581421,0.6299999952316284,0.9819999933242798,0.722000002861023,0.6539999842643738
54.66762661933899,0.6380000114440918,0.6460000276565552,0.6299999952316284,0.9399999976158142,0.7260000109672546,0.6539999842643738
54.67748761177063,0.6340000033378601,0.6439999938011169,0.6299999952316284,0.8999999761581421,0.7200000286102295,0.656000018119812
54.68799424171448,0.6299999952316284,0.6420000195503235,0.6340000033378601,0.7919999957084656,0.7080000042915344,0.656000018119812
54.69794583320618,0.628000020980835,0.6420000195503235,0.6320000290870667,0.7179999947547913,0.6840000152587891,0.656000018119812
54.70775771141052,0.6299999952316284,0.6420000195503235,0.6320000290870667,0.7139999866485596,0.6679999828338623,0.6579999923706055
54.71762156486511,0.6320000290870667,0.6420000195503235,0.6340000033378601,0.7179999947547913,0.6639999747276306,0.671999990940094
54.7277307510376,0.6320000290870667,0.6420000195503235,0.6359999775886536,0.7260000109672546,0.6579999923706055,0.6600000262260437
54.73740863800049,0.6320000290870667,0.6420000195503235,0.6359999775886536,0.7379999756813049,0.6660000085830688,0.6600000262260437
54.74807572364807,0.6320000290870667,0.6420000195503235,0.6359999775886536,0.7480000257492065,0.6759999990463257,0.6600000262260437
54.757643699645996,0.6320000290870667,0.6420000195503235,0.6340000033378601,0.7480000257492065,0.6800000071525574,0.6600000262260437
54.76738452911377,0.6320000290870667,0.6420000195503235,0.6340000033378601,0.7480000257492065,0.6779999732971191,0.6600000262260437
54.77739143371582,0.6320000290870667,0.6420000195503235,0.6340000033378601,0.7459999918937683,0.6740000247955322,0.6600000262260437
54.78746008872986,0.6320000290870667,0.6420000195503235,0.6320000290870667,0.7459999918937683,0.6740000247955322,0.6600000262260437
54.797539710998535,0.6320000290870667,0.6420000195503235,0.6320000290870667,0.7440000176429749,0.6740000247955322,0.6600000262260437
54.80746579170227,0.6320000290870667,0.6420000195503235,0.6340000033378601,0.7440000176429749,0.671999990940094,0.6600000262260437
54.81739044189453,0.6320000290870667,0.6420000195503235,0.6340000033378601,0.7440000176429749,0.6740000247955322,0.6620000004768372
54.82742357254028,0.6320000290870667,0.6420000195503235,0.6340000033378601,0.7440000176429749,0.6700000166893005,0.6620000004768372
54.83759522438049,0.6320000290870667,0.6420000195503235,0.6340000033378601,0.7440000176429749,0.6679999828338623,0.6620000004768372
54.847426414489746,0.6340000033378601,0.6420000195503235,0.6340000033378601,0.7419999837875366,0.6679999828338623,0.6600000262260437
54.85772466659546,0.6340000033378601,0.6420000195503235,0.6340000033378601,0.7419999837875366,0.6679999828338623,0.6600000262260437
54.86746001243591,0.6340000033378601,0.6420000195503235,0.6340000033378601,0.7400000095367432,0.6679999828338623,0.6600000262260437
54.87748050689697,0.6320000290870667,0.6420000195503235,0.6340000033378601,0.7400000095367432,0.6660000085830688,0.6620000004768372
54.887797832489014,0.6340000033378601,0.6420000195503235,0.6340000033378601,0.7400000095367432,0.6660000085830688,0.6620000004768372
54.89860939979553,0.6340000033378601,0.6420000195503235,0.6340000033378601,0.7400000095367432,0.6660000085830688,0.6620000004768372
54.90753436088562,0.6320000290870667,0.6420000195503235,0.6340000033378601,0.7379999756813049,0.6660000085830688,0.6620000004768372
54.91748070716858,0.6320000290870667,0.6420000195503235,0.6340000033378601,0.7379999756813049,0.6660000085830688,0.6620000004768372
54.927624464035034,0.6340000033378601,0.6420000195503235,0.6340000033378601,0.7360000014305115,0.6660000085830688,0.6620000004768372
54.937416791915894,0.6340000033378601,0.6420000195503235,0.6340000033378601,0.7360000014305115,0.6660000085830688,0.6620000004768372
54.94768691062927,0.6320000290870667,0.6420000195503235,0.6340000033378601,0.7319999933242798,0.6660000085830688,0.6620000004768372
54.95733141899109,0.6320000290870667,0.6420000195503235,0.6340000033378601,0.7319999933242798,0.6660000085830688,0.6600000262260437
54.96758961677551,0.6320000290870667,0.6420000195503235,0.6340000033378601,0.7300000190734863,0.6660000085830688,0.6600000262260437
54.97746777534485,0.6320000290870667,0.6420000195503235,0.6340000033378601,0.7300000190734863,0.6660000085830688,0.6600000262260437
54.98742699623108,0.6340000033378601,0.6420000195503235,0.6340000033378601,0.7300000190734863,0.6660000085830688,0.6600000262260437
54.99785780906677,0.6340000033378601,0.6420000195503235,0.6340000033378601,0.7279999852180481,0.6620000004768372,0.6600000262260437
55.007524728775024,0.6340000033378601,0.6420000195503235,0.6340000033378601,0.7279999852180481,0.6620000004768372,0.6600000262260437
55.01741981506348,0.6340000033378601,0.6420000195503235,0.6340000033378601,0.7279999852180481,0.6620000004768372,0.6600000262260437
55.02735877037048,0.6340000033378601,0.6420000195503235,0.6359999775886536,0.7279999852180481,0.6639999747276306,0.6600000262260437
55.037506341934204,0.6359999775886536,0.6420000195503235,0.6359999775886536,0.7260000109672546,0.6660000085830688,0.6600000262260437
55.047449350357056,0.6359999775886536,0.6420000195503235,0.6359999775886536,0.7279999852180481,0.6679999828338623,0.6600000262260437
55.05761218070984,0.6320000290870667,0.6420000195503235,0.6399999856948853,0.7279999852180481,0.656000018119812,0.6660000085830688
55.06751608848572,0.6340000033378601,0.6420000195503235,0.6460000276565552,0.7260000109672546,0.6520000100135803,0.6759999990463257
55.07773995399475,0.6380000114440918,0.6420000195503235,0.6520000100135803,0.7179999947547913,0.6480000019073486,0.6980000138282776
55.08742570877075,0.6439999938011169,0.6420000195503235,0.656000018119812,0.7200000286102295,0.6439999938011169,0.7200000286102295
55.09808850288391,0.6420000195503235,0.6399999856948853,0.6759999990463257,0.699999988079071,0.6399999856948853,0.7279999852180481
55.10813641548157,0.6759999990463257,0.6420000195503235,0.6940000057220459,0.6940000057220459,0.6840000152587891,0.7260000109672546
55.117501974105835,0.6759999990463257,0.6399999856948853,0.6980000138282776,0.7200000286102295,0.6940000057220459,0.722000002861023
55.12752819061279,0.6859999895095825,0.6420000195503235,0.7099999785423279,0.7319999933242798,0.734000027179718,0.7139999866485596
55.137341260910034,0.6940000057220459,0.6420000195503235,0.7160000205039978,0.7400000095367432,0.7559999823570251,0.7099999785423279
55.14753723144531,0.7059999704360962,0.6399999856948853,0.7239999771118164,0.7860000133514404,0.7820000052452087,0.7059999704360962
55.15735721588135,0.7160000205039978,0.6439999938011169,0.7319999933242798,0.8180000185966492,0.800000011920929,0.7059999704360962
55.16760563850403,0.7239999771118164,0.6460000276565552,0.7379999756813049,0.8360000252723694,0.8159999847412109,0.7039999961853027
55.177529096603394,0.7319999933242798,0.6480000019073486,0.7440000176429749,0.8539999723434448,0.8339999914169312,0.7020000219345093
55.18770408630371,0.7360000014305115,0.6499999761581421,0.7519999742507935,0.8659999966621399,0.8460000157356262,0.6980000138282776
55.197654008865356,0.7400000095367432,0.6520000100135803,0.7559999823570251,0.871999979019165,0.8539999723434448,0.6959999799728394
55.207404375076294,0.7440000176429749,0.656000018119812,0.7580000162124634,0.8799999952316284,0.8600000143051147,0.6940000057220459
55.217426776885986,0.7459999918937683,0.6600000262260437,0.7620000243186951,0.8840000033378601,0.8619999885559082,0.6919999718666077
55.227481842041016,0.7480000257492065,0.6639999747276306,0.7639999985694885,0.8859999775886536,0.8640000224113464,0.6859999895095825
55.23753213882446,0.75,0.6660000085830688,0.7639999985694885,0.8880000114440918,0.8640000224113464,0.6840000152587891
55.247358322143555,0.75,0.6660000085830688,0.765999972820282,0.8880000114440918,0.8600000143051147,0.6819999814033508
55.257516622543335,0.7519999742507935,0.6679999828338623,0.765999972820282,0.8859999775886536,0.8579999804496765,0.6779999732971191
55.2673614025116,0.7519999742507935,0.6679999828338623,0.765999972820282,0.8840000033378601,0.8539999723434448,0.6779999732971191
55.27768683433533,0.7540000081062317,0.6679999828338623,0.765999972820282,0.8820000290870667,0.8479999899864197,0.6759999990463257
55.28747797012329,0.7540000081062317,0.6660000085830688,0.765999972820282,0.8799999952316284,0.843999981880188,0.6740000247955322
55.29829168319702,0.7540000081062317,0.6660000085830688,0.765999972820282,0.878000020980835,0.8420000076293945,0.6740000247955322
55.30878686904907,0.7540000081062317,0.6639999747276306,0.765999972820282,0.8759999871253967,0.8360000252723694,0.671999990940094
55.31919312477112,0.7540000081062317,0.6620000004768372,0.765999972820282,0.8740000128746033,0.8339999914169312,0.6700000166893005
55.32750368118286,0.7540000081062317,0.6600000262260437,0.765999972820282,0.871999979019165,0.8320000171661377,0.6700000166893005
55.33753490447998,0.7540000081062317,0.6600000262260437,0.765999972820282,0.871999979019165,0.8299999833106995,0.6700000166893005
55.34773564338684,0.7540000081062317,0.6579999923706055,0.7639999985694885,0.8700000047683716,0.8299999833106995,0.6700000166893005
55.35742211341858,0.7540000081062317,0.6579999923706055,0.765999972820282,0.8700000047683716,0.8299999833106995,0.6740000247955322
55.36749792098999,0.7540000081062317,0.6579999923706055,0.765999972820282,0.8700000047683716,0.8320000171661377,0.6759999990463257
55.377408504486084,0.7540000081062317,0.6579999923706055,0.765999972820282,0.8700000047683716,0.8339999914169312,0.6759999990463257
55.387409925460815,0.7540000081062317,0.6579999923706055,0.765999972820282,0.871999979019165,0.8360000252723694,0.6800000071525574
55.398266315460205,0.7540000081062317,0.656000018119812,0.765999972820282,0.871999979019165,0.8399999737739563,0.6800000071525574
55.40792107582092,0.7540000081062317,0.656000018119812,0.7680000066757202,0.8740000128746033,0.843999981880188,0.6840000152587891
55.41755294799805,0.7540000081062317,0.656000018119812,0.7680000066757202,0.8759999871253967,0.8460000157356262,0.6859999895095825
55.42758083343506,0.7540000081062317,0.656000018119812,0.7680000066757202,0.8759999871253967,0.8500000238418579,0.6880000233650208
55.43764686584473,0.7540000081062317,0.6539999842643738,0.7699999809265137,0.878000020980835,0.8539999723434448,0.6899999976158142
55.447757959365845,0.7540000081062317,0.6539999842643738,0.7699999809265137,0.878000020980835,0.8560000061988831,0.6919999718666077
55.45738124847412,0.7540000081062317,0.6539999842643738,0.7699999809265137,0.878000020980835,0.8579999804496765,0.6940000057220459
55.46759748458862,0.7540000081062317,0.6539999842643738,0.7699999809265137,0.878000020980835,0.8600000143051147,0.6959999799728394
55.47746205329895,0.7519999742507935,0.6539999842643738,0.7699999809265137,0.8799999952316284,0.8619999885559082,0.6980000138282776
55.48872494697571,0.7519999742507935,0.6539999842643738,0.7699999809265137,0.8840000033378601,0.8640000224113464,0.6980000138282776
55.498117208480835,0.7519999742507935,0.6539999842643738,0.7699999809265137,0.8859999775886536,0.8659999966621399,0.6980000138282776
55.50755834579468,0.7519999742507935,0.6539999842643738,0.7699999809265137,0.8899999856948853,0.8679999709129333,0.6980000138282776
55.51828622817993,0.7519999742507935,0.656000018119812,0.7699999809265137,0.8939999938011169,0.8700000047683716,0.6980000138282776
55.52743577957153,0.75,0.6579999923706055,0.7699999809265137,0.8960000276565552,0.871999979019165,0.6980000138282776
55.53762698173523,0.75,0.6600000262260437,0.7720000147819519,0.8999999761581421,0.8759999871253967,0.6980000138282776
55.54739165306091,0.75,0.6600000262260437,0.7720000147819519,0.8999999761581421,0.878000020980835,0.6980000138282776
55.55752921104431,0.7480000257492065,0.6620000004768372,0.7720000147819519,0.9020000100135804,0.8820000290870667,0.6980000138282776
55.56753659248352,0.7480000257492065,0.6620000004768372,0.7720000147819519,0.9039999842643738,0.8859999775886536,0.6980000138282776
55.57742524147034,0.7480000257492065,0.6620000004768372,0.7720000147819519,0.906000018119812,0.8899999856948853,0.6980000138282776
55.58810091018677,0.7480000257492065,0.6620000004768372,0.7720000147819519,0.9079999923706056,0.8960000276565552,0.6980000138282776
55.5986807346344,0.7459999918937683,0.6620000004768372,0.7739999890327454,0.9100000262260436,0.8999999761581421,0.699999988079071
55.6074059009552,0.7459999918937683,0.6600000262260437,0.7739999890327454,0.9120000004768372,0.9039999842643738,0.699999988079071
55.61764311790466,0.7440000176429749,0.6600000262260437,0.7739999890327454,0.9139999747276306,0.9100000262260436,0.6980000138282776
55.6276752948761,0.7440000176429749,0.6600000262260437,0.7739999890327454,0.9179999828338624,0.9139999747276306,0.6980000138282776
55.63753890991211,0.7440000176429749,0.6620000004768372,0.7760000228881836,0.9240000247955322,0.9200000166893004,0.6959999799728394
55.64731311798096,0.7440000176429749,0.6660000085830688,0.7760000228881836,0.9300000071525574,0.9259999990463256,0.6940000057220459
55.657554626464844,0.7459999918937683,0.6679999828338623,0.777999997138977,0.9359999895095824,0.9300000071525574,0.6899999976158142
55.667588233947754,0.7459999918937683,0.6740000247955322,0.777999997138977,0.944000005722046,0.9359999895095824,0.6859999895095825
55.677523374557495,0.7459999918937683,0.6779999732971191,0.7799999713897705,0.9480000138282776,0.9380000233650208,0.6840000152587891
55.68742895126343,0.7459999918937683,0.6840000152587891,0.7799999713897705,0.9559999704360962,0.944000005722046,0.6800000071525574
55.69802212715149,0.7459999918937683,0.6859999895095825,0.7799999713897705,0.962000012397766,0.9459999799728394,0.6740000247955322
55.70753288269043,0.7459999918937683,0.6899999976158142,0.7799999713897705,0.9700000286102296,0.949999988079071,0.6700000166893005
55.71743202209473,0.7440000176429749,0.6940000057220459,0.7820000052452087,0.977999985218048,0.9539999961853028,0.6679999828338623
55.727306842803955,0.7440000176429749,0.6959999799728394,0.7820000052452087,0.9819999933242798,0.9580000042915344,0.6639999747276306
55.73816394805908,0.7440000176429749,0.699999988079071,0.7839999794960022,0.9900000095367432,0.959999978542328,0.6600000262260437
55.747570276260376,0.7440000176429749,0.7020000219345093,0.7839999794960022,0.9959999918937684,0.9639999866485596,0.656000018119812
55.75750374794006,0.7440000176429749,0.7020000219345093,0.7839999794960022,1.0019999742507937,0.9660000205039978,0.656000018119812
55.76735544204712,0.7419999837875366,0.7059999704360962,0.7839999794960022,1.0080000162124634,0.9660000205039978,0.6539999842643738
55.777525663375854,0.7400000095367432,0.7080000042915344,0.7839999794960022,1.0160000324249268,0.9679999947547911,0.6539999842643738
55.78756141662598,0.7379999756813049,0.7099999785423279,0.7839999794960022,1.02400004863739,0.9700000286102296,0.6539999842643738
55.79741716384888,0.7360000014305115,0.7139999866485596,0.7839999794960022,1.031999945640564,0.9700000286102296,0.6539999842643738
55.8075475692749,0.7319999933242798,0.7160000205039978,0.7839999794960022,1.037999987602234,0.9700000286102296,0.6539999842643738
55.81881046295166,0.7279999852180481,0.7179999947547913,0.7839999794960022,1.0460000038146973,0.972000002861023,0.6539999842643738
55.83062219619751,0.722000002861023,0.722000002861023,0.7820000052452087,1.0520000457763672,0.972000002861023,0.6539999842643738
55.83728790283203,0.7160000205039978,0.7239999771118164,0.7799999713897705,1.0579999685287476,0.972000002861023,0.6539999842643738
55.84740424156189,0.7039999961853027,0.7279999852180481,0.7739999890327454,1.065999984741211,0.9700000286102296,0.6539999842643738
55.85757756233215,0.6940000057220459,0.7319999933242798,0.7680000066757202,1.0720000267028809,0.9679999947547911,0.6539999842643738
55.86749219894409,0.6759999990463257,0.7360000014305115,0.7540000081062317,1.0779999494552612,0.9639999866485596,0.6539999842643738
55.87741684913635,0.6620000004768372,0.7379999756813049,0.7379999756813049,1.0820000171661377,0.9539999961853028,0.6520000100135803
55.88750886917114,0.6520000100135803,0.7400000095367432,0.7200000286102295,1.0839999914169312,0.944000005722046,0.6520000100135803
55.89750027656555,0.6439999938011169,0.7419999837875366,0.7039999961853027,1.0859999656677246,0.8939999938011169,0.6520000100135803
55.907461643218994,0.6439999938011169,0.7419999837875366,0.6959999799728394,1.0880000591278076,0.8320000171661377,0.6520000100135803
55.9174964427948,0.6439999938011169,0.7440000176429749,0.6859999895095825,1.0880000591278076,0.7799999713897705,0.6499999761581421
55.92799162864685,0.6420000195503235,0.7419999837875366,0.6800000071525574,1.0880000591278076,0.7680000066757202,0.6499999761581421
55.937904357910156,0.6399999856948853,0.7379999756813049,0.6759999990463257,1.0859999656677246,0.7639999985694885,0.6499999761581421
55.947441816329956,0.6380000114440918,0.7099999785423279,0.6700000166893005,1.0779999494552612,0.7599999904632568,0.6499999761581421
55.95774483680725,0.6380000114440918,0.6639999747276306,0.656000018119812,1.0640000104904177,0.7559999823570251,0.6520000100135803
55.96746802330017,0.6380000114440918,0.6539999842643738,0.6439999938011169,1.0460000038146973,0.7419999837875366,0.6520000100135803
55.97758722305298,0.6420000195503235,0.6539999842643738,0.6340000033378601,1.0099999904632568,0.7239999771118164,0.6520000100135803
55.98781371116638,0.6420000195503235,0.6539999842643738,0.6299999952316284,0.9800000190734864,0.7319999933242798,0.6539999842643738
55.997543811798096,0.6399999856948853,0.6499999761581421,0.628000020980835,0.9419999718666076,0.7260000109672546,0.6539999842643738
56.007445096969604,0.6320000290870667,0.6460000276565552,0.628000020980835,0.8939999938011169,0.7179999947547913,0.656000018119812
56.01745390892029,0.6299999952316284,0.6439999938011169,0.6320000290870667,0.8240000009536743,0.7139999866485596,0.656000018119812
56.028112173080444,0.628000020980835,0.6420000195503235,0.6320000290870667,0.7360000014305115,0.6959999799728394,0.656000018119812
56.037755727767944,0.6299999952316284,0.6420000195503235,0.6320000290870667,0.7139999866485596,0.6819999814033508,0.656000018119812
56.04744267463684,0.6320000290870667,0.6420000195503235,0.6340000033378601,0.7120000123977661,0.6660000085830688,0.671999990940094
56.057485818862915,0.6320000290870667,0.6420000195503235,0.6340000033378601,0.7239999771118164,0.6639999747276306,0.6600000262260437
56.06736898422241,0.6320000290870667,0.6439999938011169,0.6320000290870667,0.7379999756813049,0.671999990940094,0.6579999923706055
56.07773542404175,0.6320000290870667,0.6439999938011169,0.6320000290870667,0.75,0.6840000152587891,0.6600000262260437
56.08766841888428,0.6320000290870667,0.6439999938011169,0.6320000290870667,0.7519999742507935,0.6840000152587891,0.6600000262260437
56.09737539291382,0.6320000290870667,0.6439999938011169,0.6320000290870667,0.75,0.6840000152587891,0.6600000262260437
56.1076238155365,0.6320000290870667,0.6439999938011169,0.6320000290870667,0.7480000257492065,0.6840000152587891,0.6600000262260437
56.11735916137695,0.6320000290870667,0.6439999938011169,0.6320000290870667,0.7480000257492065,0.6819999814033508,0.6600000262260437
56.12902617454529,0.6320000290870667,0.6439999938011169,0.6320000290870667,0.7480000257492065,0.6819999814033508,0.6600000262260437
56.13792133331299,0.6320000290870667,0.6439999938011169,0.6320000290870667,0.7459999918937683,0.6819999814033508,0.6600000262260437
56.14767074584961,0.6320000290870667,0.6439999938011169,0.6320000290870667,0.7459999918937683,0.6819999814033508,0.6620000004768372
56.15740084648132,0.6320000290870667,0.6439999938011169,0.6320000290870667,0.7459999918937683,0.6819999814033508,0.6620000004768372
56.167630672454834,0.6320000290870667,0.6439999938011169,0.6320000290870667,0.7440000176429749,0.6800000071525574,0.6620000004768372
56.1774423122406,0.6320000290870667,0.6439999938011169,0.6320000290870667,0.7440000176429749,0.6800000071525574,0.6620000004768372
56.18783688545227,0.6320000290870667,0.6439999938011169,0.6320000290870667,0.7419999837875366,0.6800000071525574,0.6620000004768372
56.197503328323364,0.6320000290870667,0.6439999938011169,0.6320000290870667,0.7419999837875366,0.6800000071525574,0.6620000004768372
56.20741081237793,0.6320000290870667,0.6439999938011169,0.6320000290870667,0.7419999837875366,0.6800000071525574,0.6620000004768372
56.219191789627075,0.6320000290870667,0.6439999938011169,0.6320000290870667,0.7419999837875366,0.6800000071525574,0.6620000004768372
56.22761058807373,0.6320000290870667,0.6439999938011169,0.6320000290870667,0.7419999837875366,0.6800000071525574,0.6620000004768372
56.23756122589111,0.6320000290870667,0.6439999938011169,0.6320000290870667,0.7419999837875366,0.6800000071525574,0.6620000004768372
56.247504472732544,0.6320000290870667,0.6439999938011169,0.6320000290870667,0.7400000095367432,0.6800000071525574,0.6620000004768372
56.25739002227783,0.6320000290870667,0.6439999938011169,0.6320000290870667,0.7400000095367432,0.6800000071525574,0.6620000004768372
56.267454624176025,0.6320000290870667,0.6439999938011169,0.6320000290870667,0.7379999756813049,0.6800000071525574,0.6620000004768372
56.277382135391235,0.6320000290870667,0.6439999938011169,0.6320000290870667,0.7360000014305115,0.6800000071525574,0.6620000004768372
56.28744173049927,0.6320000290870667,0.6439999938011169,0.6340000033378601,0.7360000014305115,0.6800000071525574,0.6620000004768372
56.29903602600098,0.6320000290870667,0.6439999938011169,0.6340000033378601,0.7360000014305115,0.6800000071525574,0.6600000262260437
56.307470083236694,0.6320000290870667,0.6439999938011169,0.6340000033378601,0.7360000014305115,0.6800000071525574,0.6600000262260437
56.317508935928345,0.6320000290870667,0.6439999938011169,0.6340000033378601,0.734000027179718,0.6779999732971191,0.6600000262260437
56.32756972312927,0.6320000290870667,0.6439999938011169,0.6340000033378601,0.7319999933242798,0.6740000247955322,0.6600000262260437
56.3377685546875,0.6320000290870667,0.6439999938011169,0.6340000033378601,0.7300000190734863,0.671999990940094,0.6600000262260437
56.34778094291687,0.6340000033378601,0.6439999938011169,0.6340000033378601,0.7300000190734863,0.6740000247955322,0.6600000262260437
56.357356786727905,0.6340000033378601,0.6439999938011169,0.6340000033378601,0.7279999852180481,0.6740000247955322,0.6600000262260437
56.367514848709106,0.6340000033378601,0.6439999938011169,0.6320000290870667,0.7279999852180481,0.6740000247955322,0.6600000262260437
56.37735557556152,0.6340000033378601,0.6439999938011169,0.6340000033378601,0.7279999852180481,0.6740000247955322,0.6600000262260437
56.38737082481384,0.6340000033378601,0.6439999938011169,0.6340000033378601,0.7260000109672546,0.6759999990463257,0.6600000262260437
56.397408962249756,0.6340000033378601,0.6439999938011169,0.6340000033378601,0.7239999771118164,0.6759999990463257,0.6600000262260437
56.407960653305054,0.6340000033378601,0.6439999938011169,0.6340000033378601,0.7239999771118164,0.6759999990463257,0.6600000262260437
56.41749954223633,0.6340000033378601,0.6439999938011169,0.6340000033378601,0.7239999771118164,0.6759999990463257,0.6600000262260437
56.42754554748535,0.6320000290870667,0.6439999938011169,0.6399999856948853,0.7179999947547913,0.656000018119812,0.6660000085830688
56.43751406669617,0.6340000033378601,0.6420000195503235,0.6420000195503235,0.7059999704360962,0.6539999842643738,0.6800000071525574
56.450114011764526,0.6359999775886536,0.6420000195503235,0.6499999761581421,0.7059999704360962,0.6499999761581421,0.6959999799728394
56.4579963684082,0.6420000195503235,0.6420000195503235,0.6520000100135803,0.7080000042915344,0.6460000276565552,0.7120000123977661
56.46817135810852,0.6340000033378601,0.6420000195503235,0.6660000085830688,0.6959999799728394,0.6480000019073486,0.722000002861023
56.47792029380798,0.6399999856948853,0.6420000195503235,0.6759999990463257,0.6959999799728394,0.6439999938011169,0.7239999771118164
56.4883177280426,0.6579999923706055,0.6420000195503235,0.6819999814033508,0.6940000057220459,0.6439999938011169,0.722000002861023
56.49830722808838,0.6600000262260437,0.6420000195503235,0.6880000233650208,0.6959999799728394,0.6499999761581421,0.7179999947547913
56.50956869125366,0.671999990940094,0.6420000195503235,0.699999988079071,0.7139999866485596,0.6740000247955322,0.7120000123977661
56.51972961425781,0.6880000233650208,0.6420000195503235,0.7120000123977661,0.7260000109672546,0.7300000190734863,0.7099999785423279
56.529749631881714,0.699999988079071,0.6420000195503235,0.7200000286102295,0.734000027179718,0.7459999918937683,0.7080000042915344
56.53809714317322,0.7139999866485596,0.6420000195503235,0.7260000109672546,0.7419999837875366,0.7699999809265137,0.7080000042915344
56.54871916770935,0.722000002861023,0.6420000195503235,0.7319999933242798,0.7739999890327454,0.7839999794960022,0.7059999704360962
56.561548948287964,0.7300000190734863,0.6439999938011169,0.7379999756813049,0.8019999861717224,0.7960000038146973,0.7039999961853027
56.571688175201416,0.734000027179718,0.6460000276565552,0.7419999837875366,0.8159999847412109,0.8080000281333923,0.7020000219345093
56.57924246788025,0.7379999756813049,0.6460000276565552,0.7459999918937683,0.8240000009536743,0.8140000104904175,0.7020000219345093
56.5873589515686,0.7400000095367432,0.6480000019073486,0.7480000257492065,0.8299999833106995,0.8180000185966492,0.699999988079071
56.59739542007446,0.7419999837875366,0.6480000019073486,0.7519999742507935,0.8320000171661377,0.8220000267028809,0.699999988079071
56.607680559158325,0.7440000176429749,0.6480000019073486,0.7540000081062317,0.8339999914169312,0.8240000009536743,0.6980000138282776
56.61736083030701,0.7459999918937683,0.6480000019073486,0.7540000081062317,0.8339999914169312,0.8240000009536743,0.6959999799728394
56.62744927406311,0.7459999918937683,0.6499999761581421,0.7559999823570251,0.8320000171661377,0.8240000009536743,0.6940000057220459
56.63756012916565,0.7480000257492065,0.6499999761581421,0.7559999823570251,0.8320000171661377,0.8199999928474426,0.6919999718666077
56.647390604019165,0.7480000257492065,0.6499999761581421,0.7559999823570251,0.8299999833106995,0.8180000185966492,0.6880000233650208
56.65740084648132,0.75,0.6499999761581421,0.7559999823570251,0.828000009059906,0.8159999847412109,0.6859999895095825
56.667383670806885,0.75,0.6499999761581421,0.7559999823570251,0.8259999752044678,0.8119999766349792,0.6859999895095825
56.67759323120117,0.7519999742507935,0.6499999761581421,0.7580000162124634,0.8259999752044678,0.8100000023841858,0.6859999895095825
56.68746018409729,0.7540000081062317,0.6499999761581421,0.7580000162124634,0.8240000009536743,0.8080000281333923,0.6840000152587891
56.697959423065186,0.7540000081062317,0.6499999761581421,0.7580000162124634,0.8240000009536743,0.8080000281333923,0.6819999814033508
56.70733165740967,0.7559999823570251,0.6499999761581421,0.7599999904632568,0.8240000009536743,0.8080000281333923,0.6819999814033508
56.717299699783325,0.7559999823570251,0.6499999761581421,0.7599999904632568,0.8240000009536743,0.8059999942779541,0.6819999814033508
56.727657079696655,0.7580000162124634,0.6499999761581421,0.7620000243186951,0.8240000009536743,0.8059999942779541,0.6819999814033508
56.73739290237427,0.7580000162124634,0.6499999761581421,0.7620000243186951,0.8240000009536743,0.8059999942779541,0.6800000071525574
56.747292041778564,0.7580000162124634,0.6499999761581421,0.7639999985694885,0.8240000009536743,0.8059999942779541,0.6819999814033508
56.75735521316528,0.7580000162124634,0.6499999761581421,0.7639999985694885,0.8240000009536743,0.8080000281333923,0.6819999814033508
56.767351150512695,0.7599999904632568,0.6499999761581421,0.7639999985694885,0.8240000009536743,0.8080000281333923,0.6819999814033508
56.77734136581421,0.7599999904632568,0.6499999761581421,0.765999972820282,0.8259999752044678,0.8080000281333923,0.6840000152587891
56.78746938705444,0.7599999904632568,0.6499999761581421,0.765999972820282,0.8259999752044678,0.8080000281333923,0.6859999895095825
56.797306299209595,0.7599999904632568,0.6499999761581421,0.7680000066757202,0.828000009059906,0.8100000023841858,0.6859999895095825
56.807528495788574,0.7599999904632568,0.6499999761581421,0.7680000066757202,0.828000009059906,0.8119999766349792,0.6880000233650208
56.81732153892517,0.7599999904632568,0.6499999761581421,0.7680000066757202,0.8299999833106995,0.8159999847412109,0.6880000233650208
56.82722520828247,0.7599999904632568,0.6499999761581421,0.7680000066757202,0.8299999833106995,0.8180000185966492,0.6899999976158142
56.837403535842896,0.7599999904632568,0.6499999761581421,0.7680000066757202,0.8299999833106995,0.8180000185966492,0.6919999718666077
56.84965968132019,0.7599999904632568,0.6480000019073486,0.7680000066757202,0.828000009059906,0.8199999928474426,0.6940000057220459
56.859007120132446,0.7580000162124634,0.6480000019073486,0.7680000066757202,0.828000009059906,0.8199999928474426,0.6959999799728394
56.86742663383484,0.7580000162124634,0.6480000019073486,0.7680000066757202,0.8259999752044678,0.8199999928474426,0.6980000138282776
56.87749266624451,0.7580000162124634,0.6480000019073486,0.7680000066757202,0.8240000009536743,0.8199999928474426,0.699999988079071
56.88733458518982,0.7580000162124634,0.6480000019073486,0.7680000066757202,0.8240000009536743,0.8199999928474426,0.699999988079071
56.89735150337219,0.7580000162124634,0.6480000019073486,0.7680000066757202,0.8240000009536743,0.8199999928474426,0.699999988079071
56.90740752220154,0.7580000162124634,0.6480000019073486,0.7680000066757202,0.8240000009536743,0.8199999928474426,0.7020000219345093
56.91731882095337,0.7580000162124634,0.6480000019073486,0.7680000066757202,0.8240000009536743,0.8199999928474426,0.7020000219345093
56.92727327346802,0.7580000162124634,0.6480000019073486,0.7680000066757202,0.8240000009536743,0.8199999928474426,0.7020000219345093
56.93725371360779,0.7559999823570251,0.6499999761581421,0.7680000066757202,0.8259999752044678,0.8199999928474426,0.7039999961853027
56.94803285598755,0.7559999823570251,0.6499999761581421,0.7680000066757202,0.8259999752044678,0.8220000267028809,0.7039999961853027
56.95739436149597,0.7559999823570251,0.6499999761581421,0.7680000066757202,0.828000009059906,0.8220000267028809,0.7059999704360962
56.96759510040283,0.7559999823570251,0.6499999761581421,0.7680000066757202,0.8299999833106995,0.8240000009536743,0.7059999704360962
56.97734618186951,0.7540000081062317,0.6520000100135803,0.7680000066757202,0.8320000171661377,0.8240000009536743,0.7059999704360962
56.98743963241577,0.7540000081062317,0.6520000100135803,0.7680000066757202,0.8339999914169312,0.8259999752044678,0.7059999704360962
56.997458696365356,0.7540000081062317,0.6520000100135803,0.7680000066757202,0.8360000252723694,0.8259999752044678,0.7080000042915344
57.00747203826904,0.7540000081062317,0.6539999842643738,0.7680000066757202,0.8379999995231628,0.828000009059906,0.7080000042915344
57.01732873916626,0.7540000081062317,0.6539999842643738,0.7699999809265137,0.8420000076293945,0.8299999833106995,0.7080000042915344
57.02735161781311,0.7519999742507935,0.6539999842643738,0.7699999809265137,0.8460000157356262,0.8339999914169312,0.7080000042915344
57.03731298446655,0.7519999742507935,0.6539999842643738,0.7699999809265137,0.8479999899864197,0.8399999737739563,0.7080000042915344
57.0481276512146,0.7519999742507935,0.6539999842643738,0.7699999809265137,0.8519999980926514,0.843999981880188,0.7080000042915344
57.05740141868591,0.7519999742507935,0.656000018119812,0.7720000147819519,0.8560000061988831,0.8539999723434448,0.7059999704360962
57.06787109375,0.7519999742507935,0.656000018119812,0.7720000147819519,0.8600000143051147,0.8600000143051147,0.7059999704360962
57.077234506607056,0.7519999742507935,0.656000018119812,0.7739999890327454,0.8640000224113464,0.8679999709129333,0.7039999961853027
57.08733820915222,0.7519999742507935,0.6579999923706055,0.7739999890327454,0.8679999709129333,0.8740000128746033,0.7020000219345093
57.09745454788208,0.7519999742507935,0.6579999923706055,0.7760000228881836,0.8759999871253967,0.8799999952316284,0.6980000138282776
57.107351779937744,0.7519999742507935,0.6579999923706055,0.777999997138977,0.8840000033378601,0.8880000114440918,0.6940000057220459
57.117372035980225,0.7540000081062317,0.6579999923706055,0.777999997138977,0.8899999856948853,0.8920000195503235,0.6919999718666077
57.12732172012329,0.7540000081062317,0.656000018119812,0.7799999713897705,0.8999999761581421,0.8999999761581421,0.6859999895095825
57.13729643821716,0.7540000081062317,0.6600000262260437,0.7799999713897705,0.9079999923706056,0.9039999842643738,0.6819999814033508
57.14741921424866,0.7540000081062317,0.6679999828338623,0.7820000052452087,0.921999990940094,0.9100000262260436,0.6800000071525574
57.15770769119263,0.7540000081062317,0.6779999732971191,0.7820000052452087,0.9319999814033508,0.9179999828338624,0.6740000247955322
57.16742181777954,0.7540000081062317,0.6819999814033508,0.7839999794960022,0.9380000233650208,0.9240000247955322,0.671999990940094
57.17759990692139,0.7540000081062317,0.6859999895095825,0.7839999794960022,0.9480000138282776,0.9300000071525574,0.6679999828338623
57.18738770484924,0.7540000081062317,0.6899999976158142,0.7839999794960022,0.9539999961853028,0.9359999895095824,0.6620000004768372
57.1977698802948,0.7540000081062317,0.6919999718666077,0.7860000133514404,0.959999978542328,0.9399999976158142,0.6600000262260437
57.20747995376587,0.7540000081062317,0.6959999799728394,0.7860000133514404,0.9679999947547911,0.9459999799728394,0.6579999923706055
57.21741962432861,0.7540000081062317,0.6980000138282776,0.7860000133514404,0.9739999771118164,0.949999988079071,0.656000018119812
57.22732138633728,0.7540000081062317,0.699999988079071,0.7860000133514404,0.9819999933242798,0.9559999704360962,0.6539999842643738
57.23738431930542,0.7519999742507935,0.7020000219345093,0.7860000133514404,0.9900000095367432,0.9580000042915344,0.6520000100135803
57.2472562789917,0.7519999742507935,0.7020000219345093,0.7860000133514404,0.9959999918937684,0.962000012397766,0.6520000100135803
57.257431745529175,0.75,0.7039999961853027,0.7860000133514404,1.0019999742507937,0.9639999866485596,0.6520000100135803
57.26764726638794,0.7459999918937683,0.7059999704360962,0.7860000133514404,1.0080000162124634,0.9639999866485596,0.6539999842643738
57.27755808830261,0.7419999837875366,0.7099999785423279,0.7860000133514404,1.0160000324249268,0.9639999866485596,0.6539999842643738
57.28740859031677,0.734000027179718,0.7120000123977661,0.7860000133514404,1.0260000228881836,0.9639999866485596,0.6539999842643738
57.29732656478882,0.7279999852180481,0.7139999866485596,0.7839999794960022,1.031999945640564,0.9639999866485596,0.6520000100135803
57.30729556083679,0.7179999947547913,0.7160000205039978,0.7799999713897705,1.0420000553131104,0.962000012397766,0.6520000100135803
57.31736516952515,0.6940000057220459,0.7179999947547913,0.7720000147819519,1.0499999523162842,0.9539999961853028,0.6520000100135803
57.32728314399719,0.671999990940094,0.722000002861023,0.7599999904632568,1.055999994277954,0.944000005722046,0.6520000100135803
57.3372266292572,0.6520000100135803,0.7239999771118164,0.7419999837875366,1.062000036239624,0.9300000071525574,0.6520000100135803
57.347548723220825,0.6439999938011169,0.7279999852180481,0.7319999933242798,1.0640000104904177,0.9039999842643738,0.6520000100135803
57.35728621482849,0.6399999856948853,0.7300000190734863,0.7179999947547913,1.065999984741211,0.8080000281333923,0.6499999761581421
57.36896872520447,0.6399999856948853,0.7319999933242798,0.7039999961853027,1.065999984741211,0.75,0.6499999761581421
57.377362966537476,0.6439999938011169,0.7319999933242798,0.6959999799728394,1.062000036239624,0.7379999756813049,0.6520000100135803
57.38727593421936,0.6439999938011169,0.7239999771118164,0.6819999814033508,1.0540000200271606,0.734000027179718,0.6520000100135803
57.399160861968994,0.6439999938011169,0.6899999976158142,0.6740000247955322,1.0440000295639038,0.7279999852180481,0.6520000100135803
57.40780162811279,0.6420000195503235,0.6600000262260437,0.6579999923706055,1.0180000066757202,0.7239999771118164,0.6520000100135803
57.41788458824158,0.6399999856948853,0.656000018119812,0.6439999938011169,0.9879999756813048,0.734000027179718,0.6539999842643738
57.42778539657593,0.6340000033378601,0.6539999842643738,0.6359999775886536,0.9660000205039978,0.7279999852180481,0.6539999842643738
57.43774390220642,0.6299999952316284,0.6499999761581421,0.6340000033378601,0.9279999732971193,0.7139999866485596,0.656000018119812
57.447913646698,0.628000020980835,0.6499999761581421,0.6359999775886536,0.8920000195503235,0.7099999785423279,0.656000018119812
57.45811223983765,0.628000020980835,0.6460000276565552,0.6399999856948853,0.8100000023841858,0.7059999704360962,0.656000018119812
57.46756076812744,0.6259999871253967,0.6439999938011169,0.6399999856948853,0.722000002861023,0.6779999732971191,0.656000018119812
57.47858285903931,0.628000020980835,0.6439999938011169,0.6380000114440918,0.7039999961853027,0.6639999747276306,0.656000018119812
57.487872838974,0.628000020980835,0.6460000276565552,0.6380000114440918,0.7059999704360962,0.6579999923706055,0.671999990940094
57.50102972984314,0.6299999952316284,0.6460000276565552,0.6380000114440918,0.7039999961853027,0.656000018119812,0.6600000262260437
57.50817561149597,0.6299999952316284,0.6439999938011169,0.6380000114440918,0.7260000109672546,0.6579999923706055,0.6579999923706055
57.518784046173096,0.6299999952316284,0.6439999938011169,0.6380000114440918,0.7360000014305115,0.6700000166893005,0.6579999923706055
57.52883768081665,0.6299999952316284,0.6439999938011169,0.6380000114440918,0.7379999756813049,0.6759999990463257,0.6579999923706055
57.5380859375,0.6299999952316284,0.6439999938011169,0.6359999775886536,0.7379999756813049,0.6759999990463257,0.6579999923706055
57.5474591255188,0.6299999952316284,0.6439999938011169,0.6359999775886536,0.7360000014305115,0.671999990940094,0.6579999923706055
57.55722188949585,0.6320000290870667,0.6439999938011169,0.6359999775886536,0.734000027179718,0.671999990940094,0.6579999923706055
57.56718969345093,0.6320000290870667,0.6439999938011169,0.6359999775886536,0.734000027179718,0.671999990940094,0.6579999923706055
57.57754182815552,0.6320000290870667,0.6439999938011169,0.6359999775886536,0.734000027179718,0.671999990940094,0.6579999923706055
57.58745741844177,0.6320000290870667,0.6439999938011169,0.6359999775886536,0.734000027179718,0.671999990940094,0.6579999923706055
57.597740650177,0.6320000290870667,0.6460000276565552,0.6359999775886536,0.734000027179718,0.671999990940094,0.6579999923706055
57.60729002952576,0.6320000290870667,0.6439999938011169,0.6359999775886536,0.734000027179718,0.671999990940094,0.6579999923706055
57.617194414138794,0.6320000290870667,0.6439999938011169,0.6359999775886536,0.734000027179718,0.671999990940094,0.6579999923706055
57.627408504486084,0.6320000290870667,0.6439999938011169,0.6359999775886536,0.734000027179718,0.671999990940094,0.6579999923706055
57.63729524612427,0.6320000290870667,0.6439999938011169,0.6359999775886536,0.7319999933242798,0.671999990940094,0.6600000262260437
57.647472620010376,0.6320000290870667,0.6439999938011169,0.6359999775886536,0.7319999933242798,0.671999990940094,0.6579999923706055
57.65732455253601,0.6320000290870667,0.6439999938011169,0.6359999775886536,0.7319999933242798,0.671999990940094,0.6600000262260437
57.667537212371826,0.6320000290870667,0.6439999938011169,0.6359999775886536,0.7300000190734863,0.671999990940094,0.6600000262260437
57.67768621444702,0.6320000290870667,0.6439999938011169,0.6359999775886536,0.7279999852180481,0.671999990940094,0.6600000262260437
57.68726086616516,0.6320000290870667,0.6439999938011169,0.6359999775886536,0.7279999852180481,0.671999990940094,0.6600000262260437
57.69740629196167,0.6320000290870667,0.6439999938011169,0.6359999775886536,0.7279999852180481,0.671999990940094,0.6600000262260437
57.707237243652344,0.6320000290870667,0.6439999938011169,0.6359999775886536,0.7260000109672546,0.6740000247955322,0.6600000262260437
57.717244148254395,0.6320000290870667,0.6439999938011169,0.6359999775886536,0.7260000109672546,0.6740000247955322,0.6600000262260437
57.727309226989746,0.6320000290870667,0.6439999938011169,0.6359999775886536,0.7239999771118164,0.6740000247955322,0.6600000262260437
57.737224817276,0.6320000290870667,0.6439999938011169,0.6359999775886536,0.7239999771118164,0.671999990940094,0.6579999923706055
57.74752736091614,0.6320000290870667,0.6439999938011169,0.6359999775886536,0.7239999771118164,0.671999990940094,0.6579999923706055
57.757535219192505,0.6320000290870667,0.6439999938011169,0.6359999775886536,0.7239999771118164,0.6679999828338623,0.6579999923706055
57.7684543132782,0.6320000290870667,0.6439999938011169,0.6359999775886536,0.7239999771118164,0.6660000085830688,0.6579999923706055
57.77743983268738,0.6320000290870667,0.6439999938011169,0.6359999775886536,0.722000002861023,0.6620000004768372,0.6579999923706055
57.78833365440369,0.6320000290870667,0.6439999938011169,0.6359999775886536,0.722000002861023,0.6620000004768372,0.6579999923706055
57.79947805404663,0.6320000290870667,0.6439999938011169,0.6359999775886536,0.722000002861023,0.6620000004768372,0.6579999923706055
57.80868363380432,0.6320000290870667,0.6439999938011169,0.6359999775886536,0.7200000286102295,0.6620000004768372,0.6579999923706055
57.817593574523926,0.6320000290870667,0.6439999938011169,0.6359999775886536,0.7200000286102295,0.6620000004768372,0.6579999923706055
57.827744007110596,0.6320000290870667,0.6439999938011169,0.6439999938011169,0.7160000205039978,0.6539999842643738,0.6679999828338623
57.837573766708374,0.6340000033378601,0.6439999938011169,0.6499999761581421,0.7039999961853027,0.6499999761581421,0.6779999732971191
57.847713232040405,0.6380000114440918,0.6439999938011169,0.6520000100135803,0.7020000219345093,0.6480000019073486,0.699999988079071
57.85782742500305,0.6399999856948853,0.6439999938011169,0.6639999747276306,0.699999988079071,0.6439999938011169,0.7279999852180481
57.86762809753418,0.6299999952316284,0.6439999938011169,0.6679999828338623,0.6959999799728394,0.6480000019073486,0.7319999933242798
57.87756323814392,0.6480000019073486,0.6439999938011169,0.6740000247955322,0.6959999799728394,0.6439999938011169,0.7279999852180481
57.8876428604126,0.6520000100135803,0.6439999938011169,0.6880000233650208,0.6899999976158142,0.6520000100135803,0.7239999771118164
57.89938044548035,0.6539999842643738,0.6439999938011169,0.699999988079071,0.7139999866485596,0.6880000233650208,0.7179999947547913
57.907506227493286,0.6660000085830688,0.6439999938011169,0.7120000123977661,0.7239999771118164,0.7400000095367432,0.7139999866485596
57.918962717056274,0.6840000152587891,0.6439999938011169,0.7200000286102295,0.734000027179718,0.7699999809265137,0.7099999785423279
57.928587675094604,0.6980000138282776,0.6439999938011169,0.7279999852180481,0.7680000066757202,0.7979999780654907,0.7099999785423279
57.93782162666321,0.7039999961853027,0.6439999938011169,0.734000027179718,0.7960000038146973,0.8080000281333923,0.7080000042915344
57.94818663597107,0.7139999866485596,0.6460000276565552,0.7400000095367432,0.8220000267028809,0.8299999833106995,0.7059999704360962
57.957608222961426,0.722000002861023,0.6480000019073486,0.7459999918937683,0.8399999737739563,0.8460000157356262,0.7039999961853027
57.9674870967865,0.7260000109672546,0.6480000019073486,0.7519999742507935,0.8500000238418579,0.8560000061988831,0.7020000219345093
57.97752356529236,0.7300000190734863,0.6499999761581421,0.7559999823570251,0.8579999804496765,0.8640000224113464,0.6980000138282776
57.987733364105225,0.7319999933242798,0.6499999761581421,0.7580000162124634,0.8640000224113464,0.8679999709129333,0.6959999799728394
57.99756622314453,0.734000027179718,0.6499999761581421,0.7599999904632568,0.8700000047683716,0.871999979019165,0.6940000057220459
58.0076425075531,0.7360000014305115,0.6520000100135803,0.7620000243186951,0.871999979019165,0.8740000128746033,0.6919999718666077
58.01837134361267,0.7360000014305115,0.6520000100135803,0.7620000243186951,0.8740000128746033,0.8759999871253967,0.6919999718666077
58.027628898620605,0.7360000014305115,0.6520000100135803,0.7620000243186951,0.8740000128746033,0.8759999871253967,0.6880000233650208
58.03783822059631,0.7360000014305115,0.6520000100135803,0.7639999985694885,0.8740000128746033,0.878000020980835,0.6880000233650208
58.04796743392944,0.7360000014305115,0.6520000100135803,0.7639999985694885,0.8740000128746033,0.878000020980835,0.6859999895095825
58.057616233825684,0.7360000014305115,0.6499999761581421,0.7620000243186951,0.871999979019165,0.878000020980835,0.6840000152587891
58.06786489486694,0.7360000014305115,0.6499999761581421,0.7620000243186951,0.871999979019165,0.878000020980835,0.6840000152587891
58.07749819755554,0.7360000014305115,0.6499999761581421,0.7620000243186951,0.8700000047683716,0.878000020980835,0.6840000152587891
58.08766412734985,0.734000027179718,0.6499999761581421,0.7620000243186951,0.8679999709129333,0.878000020980835,0.6859999895095825
58.097790479660034,0.734000027179718,0.6499999761581421,0.7620000243186951,0.8659999966621399,0.878000020980835,0.6859999895095825
58.107648611068726,0.734000027179718,0.6480000019073486,0.7620000243186951,0.8659999966621399,0.878000020980835,0.6859999895095825
58.11769652366638,0.734000027179718,0.6480000019073486,0.7620000243186951,0.8640000224113464,0.878000020980835,0.6880000233650208
58.12786531448364,0.734000027179718,0.6480000019073486,0.7599999904632568,0.8640000224113464,0.8759999871253967,0.6880000233650208
58.138142108917236,0.734000027179718,0.6499999761581421,0.7599999904632568,0.8619999885559082,0.8759999871253967,0.6880000233650208
58.15065407752991,0.734000027179718,0.6499999761581421,0.7599999904632568,0.8619999885559082,0.8759999871253967,0.6880000233650208
58.15829420089722,0.7360000014305115,0.6480000019073486,0.7620000243186951,0.8600000143051147,0.8759999871253967,0.6899999976158142
58.167874813079834,0.7360000014305115,0.6480000019073486,0.7620000243186951,0.8600000143051147,0.8759999871253967,0.6899999976158142
58.177759885787964,0.7360000014305115,0.6480000019073486,0.7620000243186951,0.8619999885559082,0.878000020980835,0.6899999976158142
58.187479972839355,0.7379999756813049,0.6480000019073486,0.7620000243186951,0.8619999885559082,0.878000020980835,0.6919999718666077
58.197575092315674,0.7379999756813049,0.6480000019073486,0.7620000243186951,0.8640000224113464,0.8799999952316284,0.6919999718666077
58.207499504089355,0.7379999756813049,0.6480000019073486,0.7639999985694885,0.8640000224113464,0.8820000290870667,0.6940000057220459
58.21795964241028,0.7400000095367432,0.6480000019073486,0.7639999985694885,0.8659999966621399,0.8820000290870667,0.6940000057220459
58.22765135765076,0.7400000095367432,0.6480000019073486,0.7639999985694885,0.8679999709129333,0.8859999775886536,0.6959999799728394
58.23763704299927,0.7400000095367432,0.6499999761581421,0.765999972820282,0.871999979019165,0.8899999856948853,0.6959999799728394
58.249794244766235,0.7400000095367432,0.6499999761581421,0.765999972820282,0.8740000128746033,0.8920000195503235,0.6959999799728394
58.25774955749512,0.7400000095367432,0.6499999761581421,0.765999972820282,0.878000020980835,0.8960000276565552,0.6980000138282776
58.26797866821289,0.7400000095367432,0.6499999761581421,0.7680000066757202,0.8799999952316284,0.8980000019073486,0.6980000138282776
58.28134536743164,0.7400000095367432,0.6499999761581421,0.7680000066757202,0.8840000033378601,0.9020000100135804,0.6980000138282776
58.28745126724243,0.7379999756813049,0.6499999761581421,0.7680000066757202,0.8899999856948853,0.906000018119812,0.6980000138282776
58.2987003326416,0.7379999756813049,0.6499999761581421,0.7680000066757202,0.8939999938011169,0.9079999923706056,0.6980000138282776
58.30817723274231,0.7379999756813049,0.6520000100135803,0.7699999809265137,0.8980000019073486,0.9120000004768372,0.6980000138282776
58.31754922866821,0.7379999756813049,0.6520000100135803,0.7699999809265137,0.9020000100135804,0.9139999747276306,0.6980000138282776
58.32748627662659,0.7379999756813049,0.6539999842643738,0.7699999809265137,0.9079999923706056,0.9179999828338624,0.6959999799728394
58.33789348602295,0.7379999756813049,0.6539999842643738,0.7720000147819519,0.9120000004768372,0.921999990940094,0.6959999799728394
58.347556829452515,0.7379999756813049,0.6520000100135803,0.7720000147819519,0.9160000085830688,0.9259999990463256,0.6940000057220459
58.357476234436035,0.7379999756813049,0.6520000100135803,0.7720000147819519,0.9240000247955322,0.9300000071525574,0.6919999718666077
58.36788988113403,0.7379999756813049,0.6539999842643738,0.7720000147819519,0.9300000071525574,0.9340000152587892,0.6899999976158142
58.377808809280396,0.7379999756813049,0.6539999842643738,0.7739999890327454,0.9359999895095824,0.9380000233650208,0.6840000152587891
58.38936924934387,0.7379999756813049,0.6539999842643738,0.7739999890327454,0.9419999718666076,0.9419999718666076,0.6819999814033508
58.3989417552948,0.7360000014305115,0.6539999842643738,0.7760000228881836,0.9459999799728394,0.944000005722046,0.6800000071525574
58.4079372882843,0.7360000014305115,0.6539999842643738,0.7760000228881836,0.9520000219345092,0.949999988079071,0.6759999990463257
58.41768407821655,0.7360000014305115,0.656000018119812,0.7760000228881836,0.9580000042915344,0.9520000219345092,0.671999990940094
58.42786526679993,0.7360000014305115,0.6600000262260437,0.777999997138977,0.9639999866485596,0.9559999704360962,0.6700000166893005
58.43768668174744,0.7360000014305115,0.6660000085830688,0.777999997138977,0.9700000286102296,0.959999978542328,0.6679999828338623
58.447530031204224,0.7360000014305115,0.6700000166893005,0.7799999713897705,0.9739999771118164,0.962000012397766,0.6620000004768372
58.45756793022156,0.734000027179718,0.6740000247955322,0.7799999713897705,0.9819999933242798,0.9639999866485596,0.6600000262260437
58.467549324035645,0.734000027179718,0.6779999732971191,0.7799999713897705,0.9900000095367432,0.9639999866485596,0.656000018119812
58.48041749000549,0.734000027179718,0.6819999814033508,0.7820000052452087,0.9940000176429749,0.9660000205039978,0.656000018119812
58.488017320632935,0.7319999933242798,0.6859999895095825,0.7820000052452087,1.0,0.9679999947547911,0.6539999842643738
58.50104522705078,0.7300000190734863,0.6880000233650208,0.7820000052452087,1.0080000162124634,0.9679999947547911,0.6539999842643738
58.50818729400635,0.7260000109672546,0.6919999718666077,0.7820000052452087,1.0140000581741333,0.9700000286102296,0.6539999842643738
58.517898082733154,0.722000002861023,0.6959999799728394,0.7820000052452087,1.0219999551773071,0.972000002861023,0.6539999842643738
58.52749991416931,0.7200000286102295,0.699999988079071,0.7820000052452087,1.027999997138977,0.972000002861023,0.6539999842643738
58.537619829177856,0.7160000205039978,0.7039999961853027,0.7799999713897705,1.0360000133514404,0.972000002861023,0.6539999842643738
58.547606468200684,0.7120000123977661,0.7080000042915344,0.7799999713897705,1.0420000553131104,0.972000002861023,0.6539999842643738
58.55754828453064,0.7039999961853027,0.7099999785423279,0.777999997138977,1.0479999780654907,0.972000002861023,0.6539999842643738
58.567467212677,0.6940000057220459,0.7139999866485596,0.7720000147819519,1.055999994277954,0.972000002861023,0.6539999842643738
58.57776665687561,0.6819999814033508,0.7160000205039978,0.765999972820282,1.059999942779541,0.9700000286102296,0.6539999842643738
58.587536096572876,0.6620000004768372,0.7200000286102295,0.7580000162124634,1.0679999589920044,0.9679999947547911,0.6539999842643738
58.59759879112244,0.6480000019073486,0.722000002861023,0.7440000176429749,1.0740000009536743,0.962000012397766,0.6539999842643738
58.60844683647156,0.6420000195503235,0.7239999771118164,0.7300000190734863,1.0779999494552612,0.9559999704360962,0.6539999842643738
58.619828939437866,0.6359999775886536,0.7279999852180481,0.7120000123977661,1.0820000171661377,0.9279999732971193,0.6520000100135803
58.62867975234985,0.6359999775886536,0.7300000190734863,0.7020000219345093,1.0859999656677246,0.8600000143051147,0.6520000100135803
58.63816428184509,0.6380000114440918,0.7319999933242798,0.6880000233650208,1.0859999656677246,0.7940000295639038,0.6520000100135803
58.64788460731506,0.6380000114440918,0.734000027179718,0.6840000152587891,1.0859999656677246,0.7680000066757202,0.6499999761581421
58.657787561416626,0.6380000114440918,0.7300000190734863,0.6800000071525574,1.0859999656677246,0.7620000243186951,0.6499999761581421
58.667560338974,0.6359999775886536,0.7020000219345093,0.6740000247955322,1.0820000171661377,0.7559999823570251,0.6499999761581421
58.67748022079468,0.6359999775886536,0.6600000262260437,0.6679999828338623,1.0720000267028809,0.7519999742507935,0.6499999761581421
58.68778133392334,0.6359999775886536,0.6579999923706055,0.6539999842643738,1.055999994277954,0.75,0.6520000100135803
58.69818091392517,0.6380000114440918,0.6539999842643738,0.6380000114440918,1.02400004863739,0.722000002861023,0.6520000100135803
58.70802330970764,0.6380000114440918,0.6499999761581421,0.6299999952316284,0.9940000176429749,0.7300000190734863,0.6520000100135803
58.71943283081055,0.6320000290870667,0.6480000019073486,0.6299999952316284,0.9520000219345092,0.7200000286102295,0.6539999842643738
58.727559089660645,0.6299999952316284,0.6439999938011169,0.6299999952316284,0.9120000004768372,0.7120000123977661,0.656000018119812
58.737589836120605,0.628000020980835,0.6399999856948853,0.6320000290870667,0.8259999752044678,0.7080000042915344,0.656000018119812
58.748138427734375,0.6259999871253967,0.6420000195503235,0.6340000033378601,0.7260000109672546,0.6859999895095825,0.656000018119812
58.757866621017456,0.628000020980835,0.6420000195503235,0.6359999775886536,0.7099999785423279,0.6700000166893005,0.656000018119812
58.76818823814392,0.6299999952316284,0.6420000195503235,0.6359999775886536,0.7200000286102295,0.6600000262260437,0.6700000166893005
58.77836728096008,0.6299999952316284,0.6420000195503235,0.6359999775886536,0.734000027179718,0.6660000085830688,0.6579999923706055
58.78754663467407,0.6299999952316284,0.6420000195503235,0.6359999775886536,0.7519999742507935,0.6740000247955322,0.6579999923706055
58.79771661758423,0.6299999952316284,0.6420000195503235,0.6359999775886536,0.7559999823570251,0.6819999814033508,0.6579999923706055
58.80799865722656,0.6299999952316284,0.6420000195503235,0.6359999775886536,0.7559999823570251,0.6819999814033508,0.6579999923706055
58.81769633293152,0.6299999952316284,0.6420000195503235,0.6359999775886536,0.7540000081062317,0.6819999814033508,0.6579999923706055
58.828298568725586,0.6299999952316284,0.6420000195503235,0.6340000033378601,0.75,0.6800000071525574,0.6579999923706055
58.83753681182861,0.6299999952316284,0.6420000195503235,0.6340000033378601,0.75,0.6800000071525574,0.6579999923706055
58.84852433204651,0.6299999952316284,0.6420000195503235,0.6340000033378601,0.75,0.6800000071525574,0.6579999923706055
58.857691526412964,0.6299999952316284,0.6420000195503235,0.6340000033378601,0.75,0.6800000071525574,0.6579999923706055
58.867995262145996,0.6299999952316284,0.6420000195503235,0.6340000033378601,0.75,0.6779999732971191,0.6579999923706055
58.87760782241821,0.6299999952316284,0.6420000195503235,0.6340000033378601,0.7480000257492065,0.6779999732971191,0.6579999923706055
58.887561559677124,0.6299999952316284,0.6420000195503235,0.6340000033378601,0.7480000257492065,0.6800000071525574,0.6579999923706055
58.89770007133484,0.6299999952316284,0.6420000195503235,0.6340000033378601,0.7459999918937683,0.6800000071525574,0.6579999923706055
58.90759062767029,0.6299999952316284,0.6420000195503235,0.6340000033378601,0.7459999918937683,0.6800000071525574,0.6579999923706055
58.91744065284729,0.6299999952316284,0.6420000195503235,0.6320000290870667,0.7440000176429749,0.6800000071525574,0.6600000262260437
58.927634477615356,0.6299999952316284,0.6420000195503235,0.6320000290870667,0.7440000176429749,0.6800000071525574,0.6600000262260437
58.938313007354736,0.6299999952316284,0.6420000195503235,0.6320000290870667,0.7440000176429749,0.6800000071525574,0.6600000262260437
58.94957661628723,0.6299999952316284,0.6420000195503235,0.6340000033378601,0.7440000176429749,0.6800000071525574,0.6600000262260437
58.95834922790527,0.6299999952316284,0.6420000195503235,0.6340000033378601,0.7419999837875366,0.6819999814033508,0.6600000262260437
58.968554973602295,0.6299999952316284,0.6420000195503235,0.6340000033378601,0.7419999837875366,0.6819999814033508,0.6600000262260437
58.97756862640381,0.6299999952316284,0.6420000195503235,0.6340000033378601,0.7400000095367432,0.6819999814033508,0.6600000262260437
58.9876823425293,0.6299999952316284,0.6420000195503235,0.6340000033378601,0.7379999756813049,0.6800000071525574,0.6600000262260437
58.997565031051636,0.6299999952316284,0.6420000195503235,0.6340000033378601,0.7360000014305115,0.6800000071525574,0.6600000262260437
59.00755953788757,0.6299999952316284,0.6420000195503235,0.6340000033378601,0.734000027179718,0.6800000071525574,0.6600000262260437
59.01762580871582,0.6299999952316284,0.6420000195503235,0.6340000033378601,0.734000027179718,0.6800000071525574,0.6579999923706055
59.027732372283936,0.6320000290870667,0.6420000195503235,0.6340000033378601,0.7319999933242798,0.6800000071525574,0.6579999923706055
59.03749132156372,0.6320000290870667,0.6420000195503235,0.6340000033378601,0.7319999933242798,0.6779999732971191,0.6579999923706055
59.04958915710449,0.6320000290870667,0.6420000195503235,0.6340000033378601,0.7279999852180481,0.6779999732971191,0.6600000262260437
59.05898952484131,0.6320000290870667,0.6420000195503235,0.6340000033378601,0.7279999852180481,0.6800000071525574,0.6600000262260437
59.06763315200806,0.6320000290870667,0.6420000195503235,0.6340000033378601,0.7260000109672546,0.6800000071525574,0.6600000262260437
59.077497243881226,0.6320000290870667,0.6420000195503235,0.6340000033378601,0.7260000109672546,0.6800000071525574,0.6600000262260437
59.087939739227295,0.6320000290870667,0.6420000195503235,0.6340000033378601,0.7260000109672546,0.6819999814033508,0.6600000262260437
59.099592208862305,0.6299999952316284,0.6420000195503235,0.6420000195503235,0.7260000109672546,0.656000018119812,0.6679999828338623
59.107521295547485,0.6340000033378601,0.6439999938011169,0.6480000019073486,0.7239999771118164,0.6520000100135803,0.6859999895095825
59.11783027648926,0.6380000114440918,0.6420000195503235,0.6539999842643738,0.722000002861023,0.6480000019073486,0.7080000042915344
59.12770104408264,0.6399999856948853,0.6420000195503235,0.6579999923706055,0.699999988079071,0.6460000276565552,0.7260000109672546
59.13802623748779,0.6460000276565552,0.6420000195503235,0.6779999732971191,0.6980000138282776,0.6380000114440918,0.7279999852180481
59.14750671386719,0.6620000004768372,0.6420000195503235,0.6880000233650208,0.6899999976158142,0.6480000019073486,0.7239999771118164
59.15764403343201,0.6639999747276306,0.6420000195503235,0.6980000138282776,0.722000002861023,0.6520000100135803,0.7139999866485596
59.16766166687012,0.671999990940094,0.6420000195503235,0.7099999785423279,0.7279999852180481,0.7200000286102295,0.7099999785423279
59.177483320236206,0.6880000233650208,0.6420000195503235,0.7200000286102295,0.7480000257492065,0.7559999823570251,0.7039999961853027
59.188825607299805,0.7020000219345093,0.6399999856948853,0.7279999852180481,0.800000011920929,0.7839999794960022,0.6980000138282776
59.19794321060181,0.7059999704360962,0.6420000195503235,0.734000027179718,0.8220000267028809,0.800000011920929,0.6980000138282776
59.208619832992554,0.7160000205039978,0.6439999938011169,0.7400000095367432,0.8460000157356262,0.8240000009536743,0.6959999799728394
59.22035241127014,0.7200000286102295,0.6480000019073486,0.7459999918937683,0.8579999804496765,0.8379999995231628,0.6959999799728394
59.228519678115845,0.7239999771118164,0.6499999761581421,0.7519999742507935,0.8700000047683716,0.8539999723434448,0.6940000057220459
59.237727880477905,0.7279999852180481,0.6520000100135803,0.7559999823570251,0.8820000290870667,0.8619999885559082,0.6919999718666077
59.24846577644348,0.7300000190734863,0.6520000100135803,0.7559999823570251,0.8880000114440918,0.8659999966621399,0.6919999718666077
59.25756645202637,0.734000027179718,0.656000018119812,0.7599999904632568,0.8960000276565552,0.871999979019165,0.6899999976158142
59.26752281188965,0.734000027179718,0.6579999923706055,0.7599999904632568,0.8980000019073486,0.8740000128746033,0.6880000233650208
59.27760362625122,0.7360000014305115,0.6579999923706055,0.7620000243186951,0.8999999761581421,0.8759999871253967,0.6859999895095825
59.28798484802246,0.7360000014305115,0.6600000262260437,0.7620000243186951,0.8999999761581421,0.8759999871253967,0.6840000152587891
59.30064654350281,0.7360000014305115,0.6600000262260437,0.7620000243186951,0.8999999761581421,0.8759999871253967,0.6819999814033508
59.30764603614807,0.7379999756813049,0.6600000262260437,0.7620000243186951,0.8999999761581421,0.8759999871253967,0.6819999814033508
59.318607568740845,0.7379999756813049,0.6600000262260437,0.7620000243186951,0.8980000019073486,0.8759999871253967,0.6800000071525574
59.327523946762085,0.7379999756813049,0.6600000262260437,0.7620000243186951,0.8980000019073486,0.8759999871253967,0.6800000071525574
59.33768129348755,0.7379999756813049,0.6600000262260437,0.7620000243186951,0.8960000276565552,0.8759999871253967,0.6779999732971191
59.34779477119446,0.7379999756813049,0.6600000262260437,0.7620000243186951,0.8939999938011169,0.8759999871253967,0.6779999732971191
59.3576557636261,0.7379999756813049,0.6600000262260437,0.7620000243186951,0.8939999938011169,0.878000020980835,0.6779999732971191
59.3674430847168,0.7400000095367432,0.6600000262260437,0.7639999985694885,0.8939999938011169,0.878000020980835,0.6779999732971191
59.3776376247406,0.7400000095367432,0.6579999923706055,0.7639999985694885,0.8939999938011169,0.878000020980835,0.6779999732971191
59.3879828453064,0.7400000095367432,0.6600000262260437,0.7639999985694885,0.8939999938011169,0.878000020980835,0.6779999732971191
59.39755845069885,0.7400000095367432,0.6600000262260437,0.7639999985694885,0.8960000276565552,0.8799999952316284,0.6779999732971191
59.40801382064819,0.7419999837875366,0.6600000262260437,0.7639999985694885,0.8960000276565552,0.8799999952316284,0.6779999732971191
59.417444944381714,0.7419999837875366,0.6600000262260437,0.765999972820282,0.8960000276565552,0.8799999952316284,0.6779999732971191
59.42814803123474,0.7419999837875366,0.6600000262260437,0.765999972820282,0.8980000019073486,0.8799999952316284,0.6779999732971191
59.44251012802124,0.7440000176429749,0.6600000262260437,0.765999972820282,0.8980000019073486,0.8820000290870667,0.6779999732971191
59.448885440826416,0.7440000176429749,0.6600000262260437,0.765999972820282,0.8980000019073486,0.8820000290870667,0.6779999732971191
59.45884323120117,0.7440000176429749,0.6600000262260437,0.7680000066757202,0.8980000019073486,0.8840000033378601,0.6779999732971191
59.467655420303345,0.7440000176429749,0.6600000262260437,0.7680000066757202,0.8999999761581421,0.8859999775886536,0.6800000071525574
59.47763991355896,0.7459999918937683,0.6600000262260437,0.7680000066757202,0.8999999761581421,0.8899999856948853,0.6819999814033508
59.48758268356323,0.7440000176429749,0.6600000262260437,0.7680000066757202,0.9020000100135804,0.8920000195503235,0.6840000152587891
59.49750733375549,0.7440000176429749,0.6600000262260437,0.7680000066757202,0.9039999842643738,0.8960000276565552,0.6859999895095825
59.507675647735596,0.7440000176429749,0.6600000262260437,0.7680000066757202,0.906000018119812,0.8999999761581421,0.6880000233650208
59.51756715774536,0.7440000176429749,0.6600000262260437,0.7680000066757202,0.9079999923706056,0.9020000100135804,0.6880000233650208
59.527737617492676,0.7440000176429749,0.6600000262260437,0.7680000066757202,0.9079999923706056,0.906000018119812,0.6899999976158142
59.53797435760498,0.7440000176429749,0.6579999923706055,0.7680000066757202,0.9100000262260436,0.9079999923706056,0.6919999718666077
59.547760009765625,0.7419999837875366,0.6579999923706055,0.7680000066757202,0.9120000004768372,0.9100000262260436,0.6919999718666077
59.557514667510986,0.7419999837875366,0.6579999923706055,0.7680000066757202,0.9139999747276306,0.9139999747276306,0.6940000057220459
59.567890644073486,0.7419999837875366,0.6579999923706055,0.7699999809265137,0.9160000085830688,0.9160000085830688,0.6940000057220459
59.57777667045593,0.7419999837875366,0.6579999923706055,0.7699999809265137,0.9179999828338624,0.9179999828338624,0.6940000057220459
59.587644815444946,0.7400000095367432,0.6579999923706055,0.7699999809265137,0.921999990940094,0.921999990940094,0.6959999799728394
59.59789443016052,0.7400000095367432,0.6579999923706055,0.7699999809265137,0.9279999732971193,0.9259999990463256,0.6959999799728394
59.607664823532104,0.7400000095367432,0.6600000262260437,0.7699999809265137,0.9319999814033508,0.9279999732971193,0.6940000057220459
59.617403507232666,0.7400000095367432,0.6600000262260437,0.7699999809265137,0.9359999895095824,0.9319999814033508,0.6919999718666077
59.62896394729614,0.7379999756813049,0.6600000262260437,0.7720000147819519,0.9399999976158142,0.9359999895095824,0.6919999718666077
59.639015436172485,0.7379999756813049,0.6620000004768372,0.7720000147819519,0.944000005722046,0.9380000233650208,0.6899999976158142
59.648481130599976,0.7379999756813049,0.6620000004768372,0.7720000147819519,0.9480000138282776,0.9419999718666076,0.6880000233650208
59.657721757888794,0.7360000014305115,0.6639999747276306,0.7720000147819519,0.9520000219345092,0.9419999718666076,0.6859999895095825
59.66814684867859,0.7360000014305115,0.6639999747276306,0.7739999890327454,0.9559999704360962,0.9459999799728394,0.6819999814033508
59.67752194404602,0.7360000014305115,0.6660000085830688,0.7739999890327454,0.959999978542328,0.949999988079071,0.6819999814033508
59.687583208084106,0.734000027179718,0.6700000166893005,0.7739999890327454,0.9660000205039978,0.9520000219345092,0.6779999732971191
59.698453426361084,0.734000027179718,0.671999990940094,0.7760000228881836,0.972000002861023,0.9559999704360962,0.6740000247955322
59.70768356323242,0.734000027179718,0.6740000247955322,0.7760000228881836,0.9760000109672546,0.9580000042915344,0.671999990940094
59.717467308044434,0.734000027179718,0.6779999732971191,0.7760000228881836,0.9819999933242798,0.959999978542328,0.6700000166893005
59.72756624221802,0.734000027179718,0.6819999814033508,0.777999997138977,0.9860000014305116,0.962000012397766,0.6679999828338623
59.73751783370972,0.7319999933242798,0.6840000152587891,0.777999997138977,0.9900000095367432,0.9639999866485596,0.6639999747276306
59.74771738052368,0.7319999933242798,0.6859999895095825,0.7799999713897705,0.9959999918937684,0.9660000205039978,0.6600000262260437
59.75762701034546,0.7319999933242798,0.6880000233650208,0.7799999713897705,0.9980000257492064,0.9660000205039978,0.6579999923706055
59.76789402961731,0.7319999933242798,0.6919999718666077,0.7799999713897705,1.00600004196167,0.9679999947547911,0.656000018119812
59.777905225753784,0.7319999933242798,0.6959999799728394,0.7799999713897705,1.0140000581741333,0.9700000286102296,0.656000018119812
59.787705421447754,0.7300000190734863,0.6980000138282776,0.7799999713897705,1.0199999809265137,0.9700000286102296,0.6539999842643738
59.79800605773926,0.7279999852180481,0.7020000219345093,0.7820000052452087,1.0260000228881836,0.972000002861023,0.6539999842643738
59.80761241912842,0.7239999771118164,0.7059999704360962,0.7820000052452087,1.031999945640564,0.9739999771118164,0.6539999842643738
59.81759738922119,0.7200000286102295,0.7080000042915344,0.7799999713897705,1.037999987602234,0.9739999771118164,0.6539999842643738
59.82751131057739,0.7179999947547913,0.7099999785423279,0.7799999713897705,1.0440000295639038,0.9739999771118164,0.6539999842643738
59.8380970954895,0.7139999866485596,0.7120000123977661,0.7799999713897705,1.0479999780654907,0.9760000109672546,0.6539999842643738
59.8483362197876,0.7080000042915344,0.7160000205039978,0.777999997138977,1.0540000200271606,0.9760000109672546,0.6539999842643738
59.857630491256714,0.7020000219345093,0.7179999947547913,0.7760000228881836,1.059999942779541,0.9760000109672546,0.6539999842643738
59.86833834648132,0.6919999718666077,0.7200000286102295,0.7720000147819519,1.0640000104904177,0.9739999771118164,0.6539999842643738
59.877644538879395,0.6740000247955322,0.7239999771118164,0.7639999985694885,1.0700000524520874,0.972000002861023,0.6539999842643738
59.887895345687866,0.6639999747276306,0.7260000109672546,0.7580000162124634,1.0740000009536743,0.972000002861023,0.6539999842643738
59.89754247665405,0.6499999761581421,0.7279999852180481,0.75,1.0779999494552612,0.9679999947547911,0.6539999842643738
59.90757417678833,0.6420000195503235,0.7300000190734863,0.7319999933242798,1.0820000171661377,0.9639999866485596,0.6539999842643738
59.91754770278931,0.6380000114440918,0.7319999933242798,0.7179999947547913,1.0839999914169312,0.949999988079071,0.6520000100135803
59.92751693725586,0.6359999775886536,0.7319999933242798,0.7039999961853027,1.0859999656677246,0.8759999871253967,0.6520000100135803
59.93754482269287,0.6380000114440918,0.734000027179718,0.6919999718666077,1.0859999656677246,0.8240000009536743,0.6520000100135803
59.94808602333069,0.6380000114440918,0.734000027179718,0.6819999814033508,1.0859999656677246,0.7839999794960022,0.6520000100135803
59.95795011520386,0.6359999775886536,0.7319999933242798,0.6759999990463257,1.0859999656677246,0.7699999809265137,0.6499999761581421
59.96945261955261,0.6340000033378601,0.7260000109672546,0.671999990940094,1.0839999914169312,0.7699999809265137,0.6520000100135803
59.977705240249634,0.6340000033378601,0.6919999718666077,0.6679999828338623,1.0779999494552612,0.7720000147819519,0.6520000100135803
59.98794460296631,0.6340000033378601,0.6579999923706055,0.6620000004768372,1.065999984741211,0.7639999985694885,0.6520000100135803
59.99982309341431,0.6340000033378601,0.6579999923706055,0.656000018119812,1.0520000457763672,0.7559999823570251,0.6520000100135803
60.00835561752319,0.6359999775886536,0.6539999842643738,0.6399999856948853,1.0199999809265137,0.7360000014305115,0.6539999842643738
60.0174560546875,0.6399999856948853,0.6520000100135803,0.6320000290870667,0.9900000095367432,0.722000002861023,0.6539999842643738
60.027904987335205,0.6359999775886536,0.6480000019073486,0.628000020980835,0.9539999961853028,0.7300000190734863,0.6539999842643738
60.037458419799805,0.6320000290870667,0.6460000276565552,0.628000020980835,0.9039999842643738,0.7260000109672546,0.656000018119812
60.04758644104004,0.628000020980835,0.6439999938011169,0.6320000290870667,0.8519999980926514,0.7200000286102295,0.656000018119812
60.057833671569824,0.628000020980835,0.6420000195503235,0.6320000290870667,0.7400000095367432,0.6980000138282776,0.656000018119812
60.067790508270264,0.6299999952316284,0.6420000195503235,0.6320000290870667,0.7139999866485596,0.6819999814033508,0.656000018119812
60.07777714729309,0.6299999952316284,0.6439999938011169,0.6359999775886536,0.7099999785423279,0.6579999923706055,0.6740000247955322
60.08760619163513,0.6299999952316284,0.6439999938011169,0.6359999775886536,0.7239999771118164,0.6579999923706055,0.6600000262260437
60.098036766052246,0.6299999952316284,0.6439999938011169,0.6359999775886536,0.7400000095367432,0.6639999747276306,0.6600000262260437
60.107736110687256,0.6299999952316284,0.6439999938011169,0.6359999775886536,0.7519999742507935,0.6779999732971191,0.6600000262260437
60.11855912208557,0.6299999952316284,0.6439999938011169,0.6359999775886536,0.7540000081062317,0.6819999814033508,0.6600000262260437
60.12775754928589,0.6299999952316284,0.6439999938011169,0.6359999775886536,0.7519999742507935,0.6800000071525574,0.6600000262260437
60.137574672698975,0.6299999952316284,0.6439999938011169,0.6359999775886536,0.75,0.6779999732971191,0.6600000262260437
60.14774250984192,0.6299999952316284,0.6439999938011169,0.6359999775886536,0.75,0.6759999990463257,0.6600000262260437
60.15754437446594,0.6299999952316284,0.6439999938011169,0.6359999775886536,0.75,0.6759999990463257,0.6600000262260437
60.1675820350647,0.6299999952316284,0.6439999938011169,0.6340000033378601,0.75,0.6759999990463257,0.6600000262260437
60.177658557891846,0.6299999952316284,0.6439999938011169,0.6359999775886536,0.75,0.6740000247955322,0.6600000262260437
60.1875958442688,0.6299999952316284,0.6439999938011169,0.6359999775886536,0.75,0.6700000166893005,0.6600000262260437
60.19846701622009,0.6320000290870667,0.6439999938011169,0.6359999775886536,0.7480000257492065,0.6679999828338623,0.6600000262260437
60.20793080329895,0.6320000290870667,0.6439999938011169,0.6359999775886536,0.7459999918937683,0.6700000166893005,0.6600000262260437
60.218377351760864,0.6320000290870667,0.6439999938011169,0.6340000033378601,0.7440000176429749,0.6700000166893005,0.6600000262260437
60.22774076461792,0.6320000290870667,0.6439999938011169,0.6340000033378601,0.7440000176429749,0.671999990940094,0.6600000262260437
60.237600803375244,0.6320000290870667,0.6439999938011169,0.6340000033378601,0.7419999837875366,0.671999990940094,0.6600000262260437
60.247777700424194,0.6320000290870667,0.6439999938011169,0.6340000033378601,0.7419999837875366,0.671999990940094,0.6620000004768372
60.25758934020996,0.6320000290870667,0.6439999938011169,0.6340000033378601,0.7419999837875366,0.6740000247955322,0.6600000262260437
60.267624616622925,0.6320000290870667,0.6439999938011169,0.6340000033378601,0.7400000095367432,0.671999990940094,0.6620000004768372
60.27753925323486,0.6320000290870667,0.6439999938011169,0.6340000033378601,0.7400000095367432,0.671999990940094,0.6620000004768372
60.28770208358765,0.6320000290870667,0.6439999938011169,0.6340000033378601,0.7379999756813049,0.6740000247955322,0.6620000004768372
60.297701835632324,0.6320000290870667,0.6439999938011169,0.6340000033378601,0.7379999756813049,0.6740000247955322,0.6600000262260437
60.30738687515259,0.6320000290870667,0.6439999938011169,0.6340000033378601,0.7360000014305115,0.6740000247955322,0.6620000004768372
60.31855034828186,0.6320000290870667,0.6439999938011169,0.6340000033378601,0.7360000014305115,0.6759999990463257,0.6600000262260437
60.32840657234192,0.6320000290870667,0.6439999938011169,0.6320000290870667,0.734000027179718,0.6759999990463257,0.6600000262260437
60.3389790058136,0.6320000290870667,0.6439999938011169,0.6320000290870667,0.734000027179718,0.6759999990463257,0.6600000262260437
60.348905086517334,0.6320000290870667,0.6439999938011169,0.6340000033378601,0.734000027179718,0.6759999990463257,0.6600000262260437
60.35778760910034,0.6320000290870667,0.6439999938011169,0.6340000033378601,0.734000027179718,0.6740000247955322,0.6600000262260437
60.369816064834595,0.6320000290870667,0.6420000195503235,0.6340000033378601,0.7360000014305115,0.6740000247955322,0.6600000262260437
60.37785243988037,0.6320000290870667,0.6420000195503235,0.6340000033378601,0.7360000014305115,0.6740000247955322,0.6600000262260437
60.38747191429138,0.6320000290870667,0.6420000195503235,0.6340000033378601,0.7360000014305115,0.6740000247955322,0.6600000262260437
60.397658824920654,0.6320000290870667,0.6420000195503235,0.6340000033378601,0.734000027179718,0.6740000247955322,0.6600000262260437
60.40744972229004,0.6320000290870667,0.6439999938011169,0.6340000033378601,0.7319999933242798,0.6740000247955322,0.6620000004768372
60.41746401786804,0.6320000290870667,0.6439999938011169,0.6340000033378601,0.7319999933242798,0.6740000247955322,0.6620000004768372
60.427974224090576,0.6320000290870667,0.6439999938011169,0.6340000033378601,0.7319999933242798,0.6740000247955322,0.6620000004768372
60.439515113830566,0.6299999952316284,0.6439999938011169,0.6359999775886536,0.7319999933242798,0.6600000262260437,0.6600000262260437
60.45014476776123,0.6320000290870667,0.6420000195503235,0.6420000195503235,0.7200000286102295,0.6539999842643738,0.6759999990463257
60.45761704444885,0.6340000033378601,0.6420000195503235,0.6460000276565552,0.7160000205039978,0.6520000100135803,0.6880000233650208
60.46753740310669,0.6380000114440918,0.6420000195503235,0.6579999923706055,0.7020000219345093,0.6499999761581421,0.7239999771118164
60.47790789604187,0.6299999952316284,0.6420000195503235,0.6679999828338623,0.6980000138282776,0.6499999761581421,0.7300000190734863
60.48752522468567,0.6499999761581421,0.6420000195503235,0.6779999732971191,0.6940000057220459,0.6460000276565552,0.7279999852180481
60.49748873710632,0.6539999842643738,0.6420000195503235,0.6880000233650208,0.7059999704360962,0.6520000100135803,4.026000022888184
60.50836133956909,0.6539999842643738,0.6420000195503235,0.6940000057220459,0.7200000286102295,0.6520000100135803,0.7179999947547913
60.517544984817505,0.6740000247955322,0.6420000195503235,0.7080000042915344,0.7279999852180481,0.699999988079071,0.7120000123977661
60.527939796447754,0.6919999718666077,0.6420000195503235,0.7139999866485596,0.7319999933242798,0.7080000042915344,0.7099999785423279
60.538870096206665,0.7080000042915344,0.6420000195503235,0.722000002861023,0.7419999837875366,0.7260000109672546,0.7099999785423279
60.54749393463135,0.7179999947547913,0.6420000195503235,0.7260000109672546,0.7519999742507935,0.7440000176429749,0.7099999785423279
60.55815768241882,0.7239999771118164,0.6420000195503235,0.7300000190734863,0.7739999890327454,0.7559999823570251,0.7099999785423279
60.568042039871216,0.7300000190734863,0.6439999938011169,0.7360000014305115,0.7900000214576721,0.7639999985694885,0.7080000042915344
60.57797455787659,0.734000027179718,0.6460000276565552,0.7379999756813049,0.8019999861717224,0.7680000066757202,0.7080000042915344
60.58765411376953,0.7360000014305115,0.6460000276565552,0.7400000095367432,0.8119999766349792,0.7739999890327454,0.7080000042915344
60.60127401351929,0.7379999756813049,0.6460000276565552,0.7440000176429749,0.8180000185966492,0.7820000052452087,0.7080000042915344
60.60910153388977,0.7400000095367432,0.6460000276565552,0.7459999918937683,0.8199999928474426,0.7860000133514404,0.7080000042915344
60.617860317230225,0.7400000095367432,0.6460000276565552,0.7480000257492065,0.8240000009536743,0.7900000214576721,0.7059999704360962
60.62783861160278,0.7400000095367432,0.6480000019073486,0.7480000257492065,0.8259999752044678,0.7919999957084656,0.7059999704360962
60.63755965232849,0.7419999837875366,0.6480000019073486,0.75,0.8259999752044678,0.7940000295639038,0.7039999961853027
60.64745378494263,0.7419999837875366,0.6480000019073486,0.75,0.8240000009536743,0.7960000038146973,0.7039999961853027
60.65802812576294,0.7419999837875366,0.6480000019073486,0.75,0.8240000009536743,0.7960000038146973,0.7020000219345093
60.66918206214905,0.7419999837875366,0.6480000019073486,0.7519999742507935,0.8220000267028809,0.7960000038146973,0.7020000219345093
60.6791570186615,0.7440000176429749,0.6480000019073486,0.7519999742507935,0.8199999928474426,0.7940000295639038,0.7020000219345093
60.688703536987305,0.7440000176429749,0.6480000019073486,0.7519999742507935,0.8199999928474426,0.7940000295639038,0.699999988079071
60.69783973693848,0.7440000176429749,0.6480000019073486,0.7519999742507935,0.8180000185966492,0.7940000295639038,0.6980000138282776
60.70744276046753,0.7440000176429749,0.6480000019073486,0.7519999742507935,0.8159999847412109,0.7940000295639038,0.6980000138282776
60.717612504959106,0.7459999918937683,0.6480000019073486,0.7540000081062317,0.8180000185966492,0.7940000295639038,0.6959999799728394
60.727487325668335,0.7480000257492065,0.6480000019073486,0.7559999823570251,0.8180000185966492,0.7940000295639038,0.6940000057220459
60.73758935928345,0.7480000257492065,0.6480000019073486,0.7559999823570251,0.8180000185966492,0.7960000038146973,0.6919999718666077
60.74754881858826,0.75,0.6480000019073486,0.7580000162124634,0.8199999928474426,0.7960000038146973,0.6919999718666077
60.75761342048645,0.75,0.6480000019073486,0.7580000162124634,0.8220000267028809,0.7960000038146973,0.6919999718666077
60.76815485954285,0.7519999742507935,0.6480000019073486,0.7599999904632568,0.8240000009536743,0.7979999780654907,0.6899999976158142
60.777947425842285,0.7519999742507935,0.6499999761581421,0.7620000243186951,0.8259999752044678,0.7979999780654907,0.6899999976158142
60.78862261772156,0.7540000081062317,0.6499999761581421,0.7620000243186951,0.828000009059906,0.7979999780654907,0.6899999976158142
60.79776072502136,0.7540000081062317,0.6499999761581421,0.7639999985694885,0.8320000171661377,0.800000011920929,0.6899999976158142
60.80772829055786,0.7540000081062317,0.6499999761581421,0.7639999985694885,0.8320000171661377,0.8019999861717224,0.6899999976158142
60.817952156066895,0.7559999823570251,0.6499999761581421,0.765999972820282,0.8339999914169312,0.8059999942779541,0.6919999718666077
60.827486991882324,0.7559999823570251,0.6499999761581421,0.765999972820282,0.8379999995231628,0.8080000281333923,0.6919999718666077
60.837469816207886,0.7559999823570251,0.6520000100135803,0.7680000066757202,0.8420000076293945,0.8100000023841858,0.6919999718666077
60.84759855270386,0.7559999823570251,0.6499999761581421,0.7680000066757202,0.8460000157356262,0.8159999847412109,0.6919999718666077
60.85746192932129,0.7559999823570251,0.6520000100135803,0.7699999809265137,0.8519999980926514,0.8220000267028809,0.6919999718666077
60.867619037628174,0.7559999823570251,0.6520000100135803,0.7699999809265137,0.8560000061988831,0.8299999833106995,0.6919999718666077
60.877878189086914,0.7540000081062317,0.6520000100135803,0.7699999809265137,0.8640000224113464,0.8360000252723694,0.6940000057220459
60.88792324066162,0.7540000081062317,0.6520000100135803,0.7699999809265137,0.8700000047683716,0.843999981880188,0.6940000057220459
60.897594690322876,0.7519999742507935,0.6520000100135803,0.7720000147819519,0.878000020980835,0.8560000061988831,0.6959999799728394
60.90800952911377,0.75,0.6520000100135803,0.7720000147819519,0.8840000033378601,0.8659999966621399,0.6980000138282776
60.9176287651062,0.75,0.6520000100135803,0.7720000147819519,0.8880000114440918,0.8740000128746033,0.6980000138282776
60.927894830703735,0.75,0.6520000100135803,0.7720000147819519,0.8939999938011169,0.8820000290870667,0.699999988079071
60.93744730949402,0.75,0.6539999842643738,0.7720000147819519,0.8980000019073486,0.8859999775886536,0.6980000138282776
60.94744539260864,0.7480000257492065,0.6539999842643738,0.7720000147819519,0.9039999842643738,0.8899999856948853,0.6980000138282776
60.95778751373291,0.7480000257492065,0.656000018119812,0.7720000147819519,0.9100000262260436,0.8960000276565552,0.6980000138282776
60.96762752532959,0.7480000257492065,0.656000018119812,0.7720000147819519,0.9139999747276306,0.8999999761581421,0.6980000138282776
60.97821402549744,0.7480000257492065,0.6579999923706055,0.7739999890327454,0.9179999828338624,0.9039999842643738,0.6959999799728394
60.987911224365234,0.7459999918937683,0.6600000262260437,0.7739999890327454,0.9259999990463256,0.9120000004768372,0.6940000057220459
60.997702836990356,0.7459999918937683,0.6600000262260437,0.7739999890327454,0.9300000071525574,0.9160000085830688,0.6940000057220459
61.007526874542236,0.7440000176429749,0.6620000004768372,0.7739999890327454,0.9340000152587892,0.9200000166893004,0.6919999718666077
61.01791214942932,0.7440000176429749,0.6620000004768372,0.7739999890327454,0.9380000233650208,0.9240000247955322,0.6919999718666077
61.027700424194336,0.7419999837875366,0.6620000004768372,0.7739999890327454,0.9419999718666076,0.9279999732971193,0.6899999976158142
61.03761076927185,0.7419999837875366,0.6600000262260437,0.7739999890327454,0.944000005722046,0.9300000071525574,0.6880000233650208
61.04735207557678,0.7400000095367432,0.6600000262260437,0.7760000228881836,0.9480000138282776,0.9340000152587892,0.6840000152587891
61.057578802108765,0.7400000095367432,0.6600000262260437,0.7760000228881836,0.9520000219345092,0.9399999976158142,0.6840000152587891
61.06762671470642,0.7400000095367432,0.6600000262260437,0.7760000228881836,0.9559999704360962,0.9419999718666076,0.6819999814033508
61.077641248703,0.7379999756813049,0.6600000262260437,0.7760000228881836,0.959999978542328,0.9480000138282776,0.6800000071525574
61.08777189254761,0.7379999756813049,0.6600000262260437,0.777999997138977,0.9639999866485596,0.9520000219345092,0.6779999732971191
61.09746551513672,0.7379999756813049,0.6600000262260437,0.777999997138977,0.9679999947547911,0.9539999961853028,0.6740000247955322
61.10794448852539,0.7379999756813049,0.6620000004768372,0.777999997138977,0.9739999771118164,0.9580000042915344,0.671999990940094
61.118125438690186,0.7360000014305115,0.6639999747276306,0.777999997138977,0.977999985218048,0.959999978542328,0.6700000166893005
61.12787485122681,0.7360000014305115,0.6660000085830688,0.7799999713897705,0.984000027179718,0.962000012397766,0.6679999828338623
61.13745665550232,0.7360000014305115,0.671999990940094,0.7799999713897705,0.9900000095367432,0.9660000205039978,0.6660000085830688
61.1474187374115,0.7360000014305115,0.6740000247955322,0.7799999713897705,0.9940000176429749,0.9660000205039978,0.6620000004768372
61.158467531204224,0.7360000014305115,0.6759999990463257,0.7799999713897705,1.0,0.9679999947547911,0.6579999923706055
61.16759276390076,0.7360000014305115,0.6779999732971191,0.7820000052452087,1.00600004196167,0.9700000286102296,0.656000018119812
61.17755436897278,0.7360000014305115,0.6819999814033508,0.7820000052452087,1.0119999647140503,0.972000002861023,0.656000018119812
61.18770241737366,0.734000027179718,0.6840000152587891,0.7820000052452087,1.0180000066757202,0.9739999771118164,0.6539999842643738
61.197715044021606,0.7319999933242798,0.6880000233650208,0.7820000052452087,1.02400004863739,0.9739999771118164,0.6539999842643738
61.2076301574707,0.7279999852180481,0.6899999976158142,0.7820000052452087,1.027999997138977,0.9760000109672546,0.6539999842643738
61.217849254608154,0.7260000109672546,0.6919999718666077,0.7820000052452087,1.034000039100647,0.977999985218048,0.6539999842643738
61.227625131607056,0.722000002861023,0.6940000057220459,0.7799999713897705,1.0399999618530271,0.977999985218048,0.6539999842643738
61.237560749053955,0.7160000205039978,0.6959999799728394,0.777999997138977,1.0460000038146973,0.977999985218048,0.6539999842643738
61.2474684715271,0.7099999785423279,0.6980000138282776,0.777999997138977,1.0499999523162842,0.977999985218048,0.6539999842643738
61.25746488571167,0.699999988079071,0.7020000219345093,0.7720000147819519,1.055999994277954,0.977999985218048,0.6539999842643738
61.26749563217163,0.6859999895095825,0.7039999961853027,0.7680000066757202,1.062000036239624,0.977999985218048,0.6539999842643738
61.27770662307739,0.6759999990463257,0.7059999704360962,0.7620000243186951,1.065999984741211,0.9760000109672546,0.6520000100135803
61.28985643386841,0.6620000004768372,0.7099999785423279,0.7480000257492065,1.0700000524520874,0.972000002861023,0.6520000100135803
61.297608375549316,0.6539999842643738,0.7120000123977661,0.7360000014305115,1.0740000009536743,0.9660000205039978,0.6520000100135803
61.30764389038086,0.6460000276565552,0.7139999866485596,0.7179999947547913,1.0759999752044678,0.9399999976158142,0.6520000100135803
61.317710638046265,0.6420000195503235,0.7160000205039978,0.7039999961853027,1.0779999494552612,0.8600000143051147,0.6520000100135803
61.32771968841553,0.6420000195503235,0.7160000205039978,0.6959999799728394,1.0779999494552612,0.8159999847412109,0.6499999761581421
61.33834624290466,0.6420000195503235,0.7179999947547913,0.6880000233650208,1.0779999494552612,0.7699999809265137,0.6499999761581421
61.350446939468384,0.6420000195503235,0.7160000205039978,0.6819999814033508,1.0779999494552612,0.7580000162124634,0.6499999761581421
61.35835933685303,0.6439999938011169,0.7059999704360962,0.6779999732971191,1.0720000267028809,0.7519999742507935,0.6499999761581421
61.367660999298096,0.6439999938011169,0.6579999923706055,0.6700000166893005,1.062000036239624,0.7559999823570251,0.6499999761581421
61.37773108482361,0.6420000195503235,0.656000018119812,0.6579999923706055,1.0499999523162842,0.75,0.6499999761581421
61.38755702972412,0.6420000195503235,0.6539999842643738,0.6420000195503235,1.0180000066757202,0.7360000014305115,0.6520000100135803
61.39800453186035,0.6420000195503235,0.6520000100135803,0.6359999775886536,0.9900000095367432,0.7279999852180481,0.6520000100135803
61.407583236694336,0.6380000114440918,0.6499999761581421,0.6299999952316284,0.9559999704360962,0.7300000190734863,0.6539999842643738
61.41753029823303,0.6320000290870667,0.6480000019073486,0.6299999952316284,0.9079999923706056,0.7239999771118164,0.6539999842643738
61.427743434906006,0.628000020980835,0.6480000019073486,0.6340000033378601,0.871999979019165,0.7179999947547913,0.656000018119812
61.43781304359436,0.628000020980835,0.6480000019073486,0.6340000033378601,0.7680000066757202,0.7059999704360962,0.656000018119812
61.448580741882324,0.628000020980835,0.6460000276565552,0.6340000033378601,0.7279999852180481,0.6840000152587891,0.656000018119812
61.4585165977478,0.6299999952316284,0.6460000276565552,0.6359999775886536,0.7239999771118164,0.6679999828338623,0.6579999923706055
61.46741700172424,0.6299999952316284,0.6480000019073486,0.6359999775886536,0.7300000190734863,0.6679999828338623,0.6620000004768372
61.47825813293457,0.6299999952316284,0.6480000019073486,0.6359999775886536,0.7419999837875366,0.671999990940094,0.6600000262260437
61.48780822753906,0.6299999952316284,0.6480000019073486,0.6359999775886536,0.7540000081062317,0.6819999814033508,0.6579999923706055
61.49747896194458,0.6299999952316284,0.6480000019073486,0.6359999775886536,0.7580000162124634,0.6859999895095825,0.6600000262260437
61.50768494606018,0.6299999952316284,0.6480000019073486,0.6359999775886536,0.7580000162124634,0.6859999895095825,0.6579999923706055
61.51740622520447,0.6299999952316284,0.6480000019073486,0.6359999775886536,0.7559999823570251,0.6840000152587891,0.6600000262260437
61.52741003036499,0.6299999952316284,0.6480000019073486,0.6359999775886536,0.7540000081062317,0.6840000152587891,0.6600000262260437
61.537561893463135,0.6299999952316284,0.6480000019073486,0.6359999775886536,0.7519999742507935,0.6840000152587891,0.6600000262260437
61.54767990112305,0.6299999952316284,0.6480000019073486,0.6359999775886536,0.7519999742507935,0.6840000152587891,0.6600000262260437
61.55760955810547,0.6299999952316284,0.6480000019073486,0.6359999775886536,0.7519999742507935,0.6840000152587891,0.6600000262260437
61.56841731071472,0.6299999952316284,0.6480000019073486,0.6359999775886536,0.75,0.6840000152587891,0.6600000262260437
61.578030824661255,0.6299999952316284,0.6480000019073486,0.6359999775886536,0.7480000257492065,0.6840000152587891,0.6600000262260437
61.587636947631836,0.6299999952316284,0.6480000019073486,0.6359999775886536,0.7480000257492065,0.6840000152587891,0.6600000262260437
61.59769940376282,0.6299999952316284,0.6480000019073486,0.6359999775886536,0.7440000176429749,0.6840000152587891,0.6600000262260437
61.607786417007446,0.6299999952316284,0.6480000019073486,0.6359999775886536,0.7440000176429749,0.6840000152587891,0.6600000262260437
61.61748027801514,0.6299999952316284,0.6480000019073486,0.6359999775886536,0.7440000176429749,0.6840000152587891,0.6600000262260437
61.62737846374512,0.6299999952316284,0.6480000019073486,0.6359999775886536,0.7440000176429749,0.6840000152587891,0.6600000262260437
61.637572050094604,0.6299999952316284,0.6480000019073486,0.6359999775886536,0.7440000176429749,0.6840000152587891,0.6600000262260437
61.648005962371826,0.6299999952316284,0.6480000019073486,0.6359999775886536,0.7440000176429749,0.6840000152587891,0.6600000262260437
61.657628536224365,0.6299999952316284,0.6480000019073486,0.6359999775886536,0.7419999837875366,0.6840000152587891,0.6600000262260437
61.66752099990845,0.6299999952316284,0.6480000019073486,0.6359999775886536,0.7419999837875366,0.6840000152587891,0.6600000262260437
61.67893695831299,0.6299999952316284,0.6480000019073486,0.6359999775886536,0.7400000095367432,0.6840000152587891,0.6600000262260437
61.68813443183899,0.6299999952316284,0.6480000019073486,0.6359999775886536,0.7400000095367432,0.6840000152587891,0.6600000262260437
61.69794774055481,0.6299999952316284,0.6480000019073486,0.6359999775886536,0.7400000095367432,0.6819999814033508,0.6600000262260437
61.70760679244995,0.6299999952316284,0.6480000019073486,0.6359999775886536,0.7379999756813049,0.6819999814033508,0.6600000262260437
61.71776103973389,0.6299999952316284,0.6480000019073486,0.6359999775886536,0.7379999756813049,0.6819999814033508,0.6600000262260437
61.727752923965454,0.6299999952316284,0.6480000019073486,0.6359999775886536,0.7379999756813049,0.6819999814033508,0.6600000262260437
61.73755717277527,0.6299999952316284,0.6480000019073486,0.6359999775886536,0.7379999756813049,0.6840000152587891,0.6600000262260437
61.747575521469116,0.6299999952316284,0.6480000019073486,0.6359999775886536,0.7360000014305115,0.6840000152587891,0.6600000262260437
61.757415771484375,0.6299999952316284,0.6480000019073486,0.6359999775886536,0.7379999756813049,0.6819999814033508,0.6600000262260437
61.7685923576355,0.6299999952316284,0.6480000019073486,0.6359999775886536,0.7379999756813049,0.6840000152587891,0.6600000262260437
61.7779495716095,0.6299999952316284,0.6480000019073486,0.6359999775886536,0.7360000014305115,0.6840000152587891,0.6600000262260437
61.789382219314575,0.6299999952316284,0.6480000019073486,0.6359999775886536,0.7360000014305115,0.6819999814033508,0.6600000262260437
61.79948091506958,0.6320000290870667,0.6480000019073486,0.6359999775886536,0.7360000014305115,0.6819999814033508,0.6600000262260437
61.808279514312744,0.6299999952316284,0.6480000019073486,0.6359999775886536,0.7360000014305115,0.6819999814033508,0.6600000262260437
61.817444801330566,0.6320000290870667,0.6480000019073486,0.6359999775886536,0.734000027179718,0.6840000152587891,0.6600000262260437
61.82745933532715,0.6299999952316284,0.6480000019073486,0.6359999775886536,0.7319999933242798,0.6840000152587891,0.6600000262260437
61.83781170845032,0.6320000290870667,0.6480000019073486,0.6359999775886536,0.7319999933242798,0.6840000152587891,0.6600000262260437
61.84751892089844,0.6320000290870667,0.6480000019073486,0.6359999775886536,0.7319999933242798,0.6840000152587891,0.6600000262260437
61.857577085494995,0.6299999952316284,0.6480000019073486,0.6359999775886536,0.7319999933242798,0.6840000152587891,0.6600000262260437
61.86758852005005,0.6299999952316284,0.6480000019073486,0.6359999775886536,0.7319999933242798,0.6859999895095825,0.6620000004768372
61.8774676322937,0.6299999952316284,0.6480000019073486,0.6359999775886536,0.7319999933242798,0.6859999895095825,0.6620000004768372
61.88819646835327,0.628000020980835,0.6480000019073486,0.6420000195503235,0.7260000109672546,0.656000018119812,0.6660000085830688
61.89752173423767,0.6340000033378601,0.6480000019073486,0.6539999842643738,0.7139999866485596,0.6520000100135803,0.699999988079071
61.908050775527954,0.6480000019073486,0.6460000276565552,0.6679999828338623,0.6919999718666077,0.6460000276565552,0.7279999852180481
61.91875338554382,0.6520000100135803,0.6460000276565552,0.6859999895095825,0.6919999718666077,0.6439999938011169,0.7319999933242798
61.92779350280762,0.6539999842643738,0.6460000276565552,0.699999988079071,0.6899999976158142,0.6579999923706055,0.7279999852180481
61.937445878982544,0.656000018119812,0.6460000276565552,0.7039999961853027,0.7200000286102295,0.6579999923706055,0.7200000286102295
61.94746923446655,0.6620000004768372,0.6460000276565552,0.7099999785423279,0.7239999771118164,0.7099999785423279,0.7160000205039978
61.957488775253296,0.671999990940094,0.6460000276565552,0.7179999947547913,0.7300000190734863,0.7319999933242798,0.7139999866485596
61.96749782562256,0.6759999990463257,0.6460000276565552,0.722000002861023,0.734000027179718,0.7440000176429749,0.7139999866485596
61.97773051261902,0.6819999814033508,0.6460000276565552,0.7260000109672546,0.7400000095367432,0.7620000243186951,0.7160000205039978
61.98742175102234,0.6859999895095825,0.6460000276565552,0.7300000190734863,0.7419999837875366,0.7720000147819519,0.7200000286102295
61.997551918029785,0.6880000233650208,0.6480000019073486,0.7319999933242798,0.7440000176429749,0.7820000052452087,0.7200000286102295
62.00844931602478,0.6940000057220459,0.6480000019073486,0.7360000014305115,0.7440000176429749,0.7860000133514404,0.7200000286102295
62.02050018310547,0.6959999799728394,0.6460000276565552,0.7360000014305115,0.7459999918937683,0.7900000214576721,0.7179999947547913
62.0320360660553,0.6980000138282776,0.6460000276565552,0.7379999756813049,0.7459999918937683,0.7919999957084656,0.7179999947547913
62.03796672821045,0.699999988079071,0.6480000019073486,0.7379999756813049,0.7440000176429749,0.7919999957084656,0.7179999947547913
62.04807710647583,0.699999988079071,0.6480000019073486,0.7400000095367432,0.7419999837875366,0.7919999957084656,0.7179999947547913
62.05758762359619,0.7039999961853027,0.6480000019073486,0.7400000095367432,0.7400000095367432,0.7919999957084656,0.7160000205039978
62.06760549545288,0.7059999704360962,0.6480000019073486,0.7400000095367432,0.7360000014305115,0.7900000214576721,0.7160000205039978
62.07748532295227,0.7080000042915344,0.6480000019073486,0.7400000095367432,0.734000027179718,0.7879999876022339,0.7139999866485596
62.08761954307556,0.7120000123977661,0.6480000019073486,0.7419999837875366,0.734000027179718,0.7860000133514404,0.7120000123977661
62.09765696525574,0.7120000123977661,0.6480000019073486,0.7419999837875366,0.7319999933242798,0.7839999794960022,0.7120000123977661
62.107412576675415,0.7160000205039978,0.6480000019073486,0.7419999837875366,0.7300000190734863,0.7820000052452087,0.7099999785423279
62.12637972831726,0.7179999947547913,0.6480000019073486,0.7419999837875366,0.7279999852180481,0.7799999713897705,0.7099999785423279
62.13126254081726,0.7200000286102295,0.6480000019073486,0.7419999837875366,0.7260000109672546,0.7799999713897705,0.7080000042915344
62.13785934448242,0.722000002861023,0.6480000019073486,0.7440000176429749,0.7260000109672546,0.777999997138977,0.7080000042915344
62.14789962768555,0.7239999771118164,0.6480000019073486,0.7440000176429749,0.7260000109672546,0.7799999713897705,0.7080000042915344
62.1582567691803,0.7260000109672546,0.6480000019073486,0.7440000176429749,0.7260000109672546,0.7799999713897705,0.7080000042915344
62.16777443885803,0.7279999852180481,0.6480000019073486,0.7459999918937683,0.7260000109672546,0.7799999713897705,0.7059999704360962
62.17747902870178,0.7300000190734863,0.6480000019073486,0.7459999918937683,0.7279999852180481,0.7799999713897705,0.7059999704360962
62.18745541572571,0.734000027179718,0.6480000019073486,0.7480000257492065,0.7300000190734863,0.7799999713897705,0.7059999704360962
62.19759249687195,0.7360000014305115,0.6480000019073486,0.7480000257492065,0.7300000190734863,0.7820000052452087,0.7059999704360962
62.20799136161804,0.7379999756813049,0.6480000019073486,0.75,0.7300000190734863,0.7820000052452087,0.7059999704360962
62.217795610427856,0.7379999756813049,0.6480000019073486,0.75,0.7319999933242798,0.7820000052452087,0.7080000042915344
62.22784209251404,0.7400000095367432,0.6480000019073486,0.7519999742507935,0.734000027179718,0.7839999794960022,0.7080000042915344
62.238205432891846,0.7400000095367432,0.6480000019073486,0.7540000081062317,0.7400000095367432,0.7879999876022339,0.7080000042915344
62.24783635139465,0.7419999837875366,0.6480000019073486,0.7559999823570251,0.7419999837875366,0.7900000214576721,0.7080000042915344
62.25830316543579,0.7419999837875366,0.6499999761581421,0.7559999823570251,0.7480000257492065,0.7919999957084656,0.7080000042915344
62.26963019371033,0.7419999837875366,0.6499999761581421,0.7580000162124634,0.7519999742507935,0.7960000038146973,0.7080000042915344
62.27796244621277,0.7419999837875366,0.6499999761581421,0.7599999904632568,0.7599999904632568,0.7979999780654907,0.7099999785423279
62.28745913505554,0.7419999837875366,0.6480000019073486,0.7599999904632568,0.7720000147819519,0.8019999861717224,0.7099999785423279
62.2975172996521,0.7440000176429749,0.6499999761581421,0.7620000243186951,0.7799999713897705,0.8059999942779541,0.7099999785423279
62.30761194229126,0.7419999837875366,0.6499999761581421,0.7620000243186951,0.7860000133514404,0.8080000281333923,0.7099999785423279
62.317599296569824,0.7400000095367432,0.6499999761581421,0.7620000243186951,0.7979999780654907,0.8119999766349792,0.7099999785423279
62.32843852043152,0.7379999756813049,0.6499999761581421,0.7620000243186951,0.8059999942779541,0.8140000104904175,0.7120000123977661
62.33771753311157,0.7360000014305115,0.6499999761581421,0.7620000243186951,0.8140000104904175,0.8180000185966492,0.7120000123977661
62.347683906555176,0.734000027179718,0.6499999761581421,0.7620000243186951,0.8199999928474426,0.8259999752044678,0.7139999866485596
62.35833811759949,0.7300000190734863,0.6499999761581421,0.7620000243186951,0.8240000009536743,0.8299999833106995,0.7139999866485596
62.36787033081055,0.7279999852180481,0.6499999761581421,0.7620000243186951,0.828000009059906,0.8379999995231628,0.7160000205039978
62.377744913101196,0.7239999771118164,0.6499999761581421,0.7620000243186951,0.8299999833106995,0.8420000076293945,0.7160000205039978
62.389973878860474,0.722000002861023,0.6499999761581421,0.7620000243186951,0.8339999914169312,0.8460000157356262,0.7160000205039978
62.397722244262695,0.7200000286102295,0.6499999761581421,0.7620000243186951,0.8360000252723694,0.8500000238418579,0.7179999947547913
62.40774941444397,0.7200000286102295,0.6499999761581421,0.7620000243186951,0.8379999995231628,0.8539999723434448,0.7179999947547913
62.41742563247681,0.7179999947547913,0.6499999761581421,0.7620000243186951,0.8399999737739563,0.8600000143051147,0.7200000286102295
62.427539348602295,0.7179999947547913,0.6499999761581421,0.7620000243186951,0.8420000076293945,0.8659999966621399,0.7200000286102295
62.437416315078735,0.7179999947547913,0.6499999761581421,0.7620000243186951,0.843999981880188,0.8700000047683716,0.7179999947547913
62.44774341583252,0.7179999947547913,0.6499999761581421,0.7620000243186951,0.8479999899864197,0.8759999871253967,0.7179999947547913
62.45776343345642,0.7179999947547913,0.6499999761581421,0.7639999985694885,0.8519999980926514,0.878000020980835,0.7179999947547913
62.46753406524658,0.7200000286102295,0.6499999761581421,0.7639999985694885,0.8560000061988831,0.8840000033378601,0.7179999947547913
62.478261947631836,0.722000002861023,0.6520000100135803,0.765999972820282,0.8600000143051147,0.8880000114440918,0.7160000205039978
62.487704038619995,0.722000002861023,0.6520000100135803,0.7680000066757202,0.8619999885559082,0.8920000195503235,0.7160000205039978
62.498361110687256,0.7239999771118164,0.6520000100135803,0.7680000066757202,0.8679999709129333,0.8960000276565552,0.7139999866485596
62.50846266746521,0.7239999771118164,0.6499999761581421,0.7699999809265137,0.871999979019165,0.8999999761581421,0.7120000123977661
62.51788115501404,0.7260000109672546,0.6520000100135803,0.7699999809265137,0.878000020980835,0.9039999842643738,0.7080000042915344
62.52740287780762,0.7260000109672546,0.6520000100135803,0.7720000147819519,0.8859999775886536,0.9079999923706056,0.7059999704360962
62.53750467300415,0.7260000109672546,0.6520000100135803,0.7720000147819519,0.8899999856948853,0.9120000004768372,0.7039999961853027
62.54751014709473,0.7279999852180481,0.6520000100135803,0.7739999890327454,0.8980000019073486,0.9179999828338624,0.7020000219345093
62.55743193626404,0.7279999852180481,0.6520000100135803,0.7739999890327454,0.9039999842643738,0.921999990940094,0.699999988079071
62.567440032958984,0.7300000190734863,0.6520000100135803,0.7760000228881836,0.9100000262260436,0.9259999990463256,0.6959999799728394
62.57751727104187,0.7300000190734863,0.6520000100135803,0.7760000228881836,0.9160000085830688,0.9340000152587892,0.6919999718666077
62.58760738372803,0.7300000190734863,0.6539999842643738,0.777999997138977,0.921999990940094,0.9380000233650208,0.6880000233650208
62.597519636154175,0.7300000190734863,0.6539999842643738,0.777999997138977,0.9279999732971193,0.944000005722046,0.6859999895095825
62.609132051467896,0.7300000190734863,0.6539999842643738,0.777999997138977,0.9340000152587892,0.9480000138282776,0.6819999814033508
62.6181960105896,0.7279999852180481,0.6539999842643738,0.7799999713897705,0.9399999976158142,0.9520000219345092,0.6779999732971191
62.62761163711548,0.7279999852180481,0.6539999842643738,0.7799999713897705,0.9480000138282776,0.9580000042915344,0.671999990940094
62.63914084434509,0.7279999852180481,0.6539999842643738,0.7820000052452087,0.9539999961853028,0.959999978542328,0.6700000166893005
62.64779496192932,0.7279999852180481,0.6539999842643738,0.7820000052452087,0.959999978542328,0.9639999866485596,0.6620000004768372
62.65780544281006,0.7260000109672546,0.6539999842643738,0.7839999794960022,0.9660000205039978,0.9660000205039978,0.6600000262260437
62.66744351387024,0.7260000109672546,0.6539999842643738,0.7839999794960022,0.972000002861023,0.9679999947547911,0.656000018119812
62.67739295959473,0.7239999771118164,0.6539999842643738,0.7839999794960022,0.9800000190734864,0.972000002861023,0.6520000100135803
62.68768072128296,0.722000002861023,0.6539999842643738,0.7839999794960022,0.984000027179718,0.9739999771118164,0.6499999761581421
62.69758582115173,0.7179999947547913,0.656000018119812,0.7860000133514404,0.9919999837875366,0.9760000109672546,0.6499999761581421
62.70762538909912,0.7120000123977661,0.6579999923706055,0.7860000133514404,1.0,0.977999985218048,0.6499999761581421
62.71895360946655,0.7059999704360962,0.6620000004768372,0.7860000133514404,1.00600004196167,0.977999985218048,0.6499999761581421
62.72977590560913,0.6940000057220459,0.6700000166893005,0.7839999794960022,1.0160000324249268,0.977999985218048,0.6499999761581421
62.7377712726593,0.6759999990463257,0.6779999732971191,0.777999997138977,1.0260000228881836,0.977999985218048,0.6499999761581421
62.747708797454834,0.656000018119812,0.6819999814033508,0.7699999809265137,1.034000039100647,0.9760000109672546,0.6499999761581421
62.75753903388977,0.6420000195503235,0.6880000233650208,0.7559999823570251,1.0460000038146973,0.9660000205039978,0.6499999761581421
62.76819944381714,0.6340000033378601,0.6919999718666077,0.7459999918937683,1.0499999523162842,0.9559999704360962,0.6499999761581421
62.77782583236694,0.6340000033378601,0.6980000138282776,0.7239999771118164,1.055999994277954,0.9039999842643738,0.6499999761581421
62.78754496574402,0.6340000033378601,0.699999988079071,0.7039999961853027,1.059999942779541,0.8059999942779541,0.6499999761581421
62.79772210121155,0.6359999775886536,0.7020000219345093,0.6959999799728394,1.059999942779541,0.7799999713897705,0.6499999761581421
62.80768013000488,0.6340000033378601,0.699999988079071,0.6840000152587891,1.059999942779541,0.765999972820282,0.6499999761581421
62.817421436309814,0.6340000033378601,0.6859999895095825,0.6779999732971191,1.0540000200271606,0.765999972820282,0.6499999761581421
62.82809901237488,0.6320000290870667,0.6539999842643738,0.6660000085830688,1.0360000133514404,0.7639999985694885,0.6499999761581421
62.83846139907837,0.6320000290870667,0.6520000100135803,0.6480000019073486,1.00600004196167,0.7360000014305115,0.6499999761581421
62.848119020462036,0.6299999952316284,0.6520000100135803,0.6420000195503235,0.9819999933242798,0.734000027179718,0.6520000100135803
62.85794806480408,0.628000020980835,0.6480000019073486,0.6359999775886536,0.949999988079071,0.7300000190734863,0.6520000100135803
62.867680072784424,0.628000020980835,0.6460000276565552,0.6359999775886536,0.9100000262260436,0.7200000286102295,0.6539999842643738
62.8776273727417,0.6240000128746033,0.6460000276565552,0.6380000114440918,0.8519999980926514,0.7099999785423279,0.6539999842643738
62.887736320495605,0.6240000128746033,0.6460000276565552,0.6380000114440918,0.7379999756813049,0.6899999976158142,0.6539999842643738
62.89772272109985,0.6259999871253967,0.6460000276565552,0.6380000114440918,0.7200000286102295,0.6740000247955322,0.6539999842643738
62.907485485076904,0.6259999871253967,0.6460000276565552,0.6380000114440918,0.7260000109672546,0.6639999747276306,0.6600000262260437
62.917710065841675,0.6259999871253967,0.6460000276565552,0.6380000114440918,0.7360000014305115,0.6660000085830688,0.6579999923706055
62.92768406867981,0.6259999871253967,0.6460000276565552,0.6380000114440918,0.7459999918937683,0.671999990940094,0.6579999923706055
62.93769121170044,0.6259999871253967,0.6480000019073486,0.6380000114440918,0.7540000081062317,0.6819999814033508,0.6579999923706055
62.94759011268616,0.628000020980835,0.6460000276565552,0.6380000114440918,0.7540000081062317,0.6840000152587891,0.6579999923706055
62.95752000808716,0.628000020980835,0.6480000019073486,0.6380000114440918,0.75,0.6840000152587891,0.6579999923706055
62.97010850906372,0.6259999871253967,0.6480000019073486,0.6359999775886536,0.7480000257492065,0.6819999814033508,0.6579999923706055
62.97775840759277,0.628000020980835,0.6460000276565552,0.6359999775886536,0.7459999918937683,0.6819999814033508,0.6579999923706055
62.98776984214783,0.628000020980835,0.6460000276565552,0.6359999775886536,0.7459999918937683,0.6840000152587891,0.6579999923706055
62.99806499481201,0.628000020980835,0.6460000276565552,0.6359999775886536,0.7459999918937683,0.6840000152587891,0.6579999923706055
63.00756597518921,0.628000020980835,0.6480000019073486,0.6359999775886536,0.7459999918937683,0.6840000152587891,0.6579999923706055
63.01788020133972,0.628000020980835,0.6460000276565552,0.6359999775886536,0.7440000176429749,0.6840000152587891,0.6579999923706055
63.02764391899109,0.628000020980835,0.6480000019073486,0.6359999775886536,0.7419999837875366,0.6840000152587891,0.6579999923706055
63.03760123252869,0.628000020980835,0.6480000019073486,0.6359999775886536,0.7419999837875366,0.6840000152587891,0.6579999923706055
63.04761624336243,0.628000020980835,0.6480000019073486,0.6359999775886536,0.7400000095367432,0.6840000152587891,0.6579999923706055
63.057554483413696,0.628000020980835,0.6480000019073486,0.6359999775886536,0.7400000095367432,0.6840000152587891,0.6579999923706055
63.06765580177307,0.628000020980835,0.6480000019073486,0.6359999775886536,0.7379999756813049,0.6840000152587891,0.6579999923706055
63.07787203788757,0.628000020980835,0.6480000019073486,0.6359999775886536,0.7379999756813049,0.6819999814033508,0.6579999923706055
63.087785959243774,0.628000020980835,0.6480000019073486,0.6359999775886536,0.7379999756813049,0.6819999814033508,0.6579999923706055
63.09791707992554,0.628000020980835,0.6480000019073486,0.6359999775886536,0.7379999756813049,0.6819999814033508,0.6579999923706055
63.10781002044678,0.628000020980835,0.6480000019073486,0.6359999775886536,0.7360000014305115,0.6819999814033508,0.6579999923706055
63.118029832839966,0.628000020980835,0.6480000019073486,0.6359999775886536,0.7360000014305115,0.6819999814033508,0.6579999923706055
63.12760782241821,0.628000020980835,0.6460000276565552,0.6359999775886536,0.734000027179718,0.6819999814033508,0.6579999923706055
63.13754677772522,0.628000020980835,0.6460000276565552,0.6359999775886536,0.734000027179718,0.6819999814033508,0.6579999923706055
63.14797830581665,0.628000020980835,0.6480000019073486,0.6359999775886536,0.734000027179718,0.6819999814033508,0.6579999923706055
63.15754413604736,0.628000020980835,0.6480000019073486,0.6359999775886536,0.734000027179718,0.6819999814033508,0.6579999923706055
63.16756463050842,0.628000020980835,0.6480000019073486,0.6359999775886536,0.734000027179718,0.6819999814033508,0.6579999923706055
63.17890167236328,0.628000020980835,0.6480000019073486,0.6359999775886536,0.734000027179718,0.6819999814033508,0.6579999923706055
63.189183712005615,0.628000020980835,0.6480000019073486,0.6359999775886536,0.734000027179718,0.6819999814033508,0.6579999923706055
63.197606801986694,0.628000020980835,0.6480000019073486,0.6359999775886536,0.734000027179718,0.6819999814033508,0.6579999923706055
63.20786762237549,0.628000020980835,0.6480000019073486,0.6359999775886536,0.734000027179718,0.6819999814033508,0.6579999923706055
63.21753478050232,0.628000020980835,0.6480000019073486,0.6359999775886536,0.734000027179718,0.6819999814033508,0.6579999923706055
63.22799563407898,0.628000020980835,0.6480000019073486,0.6359999775886536,0.734000027179718,0.6819999814033508,0.6579999923706055
63.23752737045288,0.628000020980835,0.6480000019073486,0.6359999775886536,0.7319999933242798,0.6819999814033508,0.6579999923706055
63.247594118118286,0.628000020980835,0.6480000019073486,0.6359999775886536,0.7300000190734863,0.6819999814033508,0.6579999923706055
63.25788688659668,0.628000020980835,0.6480000019073486,0.6359999775886536,0.7279999852180481,0.6819999814033508,0.6579999923706055
63.26746892929077,0.628000020980835,0.6480000019073486,0.6359999775886536,0.7279999852180481,0.6819999814033508,0.6579999923706055
63.27761220932007,0.628000020980835,0.6480000019073486,0.6359999775886536,0.7279999852180481,0.6819999814033508,0.6579999923706055
63.28747200965881,0.628000020980835,0.6480000019073486,0.6359999775886536,0.7279999852180481,0.6819999814033508,0.6579999923706055
63.298020362854004,0.628000020980835,0.6480000019073486,0.6359999775886536,0.7279999852180481,0.6840000152587891,0.6579999923706055
63.30873894691467,0.6259999871253967,0.6460000276565552,0.6420000195503235,0.7279999852180481,0.6579999923706055,0.6620000004768372
63.317939043045044,0.6320000290870667,0.6460000276565552,0.6539999842643738,0.7099999785423279,0.6520000100135803,0.6919999718666077
63.32746648788452,0.6439999938011169,0.6460000276565552,0.6740000247955322,0.7020000219345093,0.6420000195503235,0.7300000190734863
63.337626695632935,0.6660000085830688,0.6460000276565552,0.699999988079071,0.6859999895095825,0.6499999761581421,0.734000027179718
63.347880363464355,0.671999990940094,0.6460000276565552,0.7080000042915344,0.6899999976158142,0.7039999961853027,0.7319999933242798
63.357553243637085,0.671999990940094,0.6460000276565552,0.7120000123977661,0.7239999771118164,0.7179999947547913,0.722000002861023
63.36863088607788,0.6899999976158142,0.6460000276565552,0.722000002861023,0.7319999933242798,0.7519999742507935,0.7139999866485596
63.37757921218872,0.699999988079071,0.6460000276565552,0.7260000109672546,0.7419999837875366,0.7680000066757202,0.7120000123977661
63.38748002052307,0.7080000042915344,0.6460000276565552,0.7319999933242798,0.7739999890327454,0.7879999876022339,0.7139999866485596
63.397557735443115,0.7139999866485596,0.6480000019073486,0.7360000014305115,0.8019999861717224,0.8080000281333923,0.7160000205039978
63.40791130065918,0.7179999947547913,0.6460000276565552,0.7400000095367432,0.8159999847412109,0.8180000185966492,0.7179999947547913
63.42120337486267,0.722000002861023,0.6460000276565552,0.7440000176429749,0.8240000009536743,0.8259999752044678,0.7179999947547913
63.42792081832886,0.7279999852180481,0.6480000019073486,0.7459999918937683,0.8259999752044678,0.8299999833106995,0.7179999947547913
63.437758445739746,0.7300000190734863,0.6480000019073486,0.7480000257492065,0.828000009059906,0.8339999914169312,0.7160000205039978
63.44762873649597,0.734000027179718,0.6480000019073486,0.75,0.8299999833106995,0.8379999995231628,0.7160000205039978
63.457610845565796,0.734000027179718,0.6480000019073486,0.7519999742507935,0.8320000171661377,0.8399999737739563,0.7139999866485596
63.4680061340332,0.7360000014305115,0.6480000019073486,0.7540000081062317,0.8320000171661377,0.8420000076293945,0.7139999866485596
63.47790002822876,0.7360000014305115,0.6480000019073486,0.7540000081062317,0.8299999833106995,0.8420000076293945,0.7120000123977661
63.48769187927246,0.7360000014305115,0.6480000019073486,0.7540000081062317,0.828000009059906,0.8420000076293945,0.7120000123977661
63.49744939804077,0.7379999756813049,0.6480000019073486,0.7540000081062317,0.8259999752044678,0.8399999737739563,0.7099999785423279
63.50781536102295,0.7379999756813049,0.6499999761581421,0.7540000081062317,0.8240000009536743,0.8399999737739563,0.7080000042915344
63.517776012420654,0.7379999756813049,0.6499999761581421,0.7540000081062317,0.8240000009536743,0.8379999995231628,0.7080000042915344
63.52764844894409,0.7379999756813049,0.6499999761581421,0.7540000081062317,0.8220000267028809,0.8379999995231628,0.7059999704360962
63.53787612915039,0.7379999756813049,0.6499999761581421,0.7540000081062317,0.8220000267028809,0.8360000252723694,0.7059999704360962
63.54804062843323,0.7379999756813049,0.6499999761581421,0.7540000081062317,0.8220000267028809,0.8360000252723694,0.7059999704360962
63.558022022247314,0.7379999756813049,0.6499999761581421,0.7540000081062317,0.8220000267028809,0.8360000252723694,0.7059999704360962
63.56880259513855,0.7379999756813049,0.6499999761581421,0.7559999823570251,0.8220000267028809,0.8360000252723694,0.7059999704360962
63.577739238739014,0.7379999756813049,0.6499999761581421,0.7559999823570251,0.8240000009536743,0.8379999995231628,0.7059999704360962
63.58788990974426,0.7379999756813049,0.6499999761581421,0.7559999823570251,0.8240000009536743,0.8379999995231628,0.7059999704360962
63.597540616989136,0.7379999756813049,0.6499999761581421,0.7559999823570251,0.8259999752044678,0.8399999737739563,0.7059999704360962
63.607442140579224,0.7379999756813049,0.6499999761581421,0.7559999823570251,0.828000009059906,0.8420000076293945,0.7059999704360962
63.61754870414734,0.7379999756813049,0.6499999761581421,0.7580000162124634,0.8299999833106995,0.843999981880188,0.7080000042915344
63.627877712249756,0.7400000095367432,0.6499999761581421,0.7580000162124634,0.8320000171661377,0.8460000157356262,0.7080000042915344
63.63756847381592,0.7400000095367432,0.6499999761581421,0.7580000162124634,0.8339999914169312,0.8500000238418579,0.7080000042915344
63.6498384475708,0.7400000095367432,0.6499999761581421,0.7599999904632568,0.8360000252723694,0.8519999980926514,0.7080000042915344
63.65922403335571,0.7400000095367432,0.6499999761581421,0.7620000243186951,0.8379999995231628,0.8560000061988831,0.7080000042915344
63.667598485946655,0.7400000095367432,0.6499999761581421,0.7620000243186951,0.8420000076293945,0.8619999885559082,0.7080000042915344
63.677552223205566,0.7400000095367432,0.6499999761581421,0.7639999985694885,0.8460000157356262,0.8659999966621399,0.7080000042915344
63.68760824203491,0.7419999837875366,0.6499999761581421,0.7639999985694885,0.8500000238418579,0.8679999709129333,0.7080000042915344
63.69826698303223,0.7400000095367432,0.6499999761581421,0.7639999985694885,0.8539999723434448,0.8740000128746033,0.7099999785423279
63.70764136314392,0.7400000095367432,0.6499999761581421,0.7639999985694885,0.8579999804496765,0.878000020980835,0.7099999785423279
63.71813201904297,0.7400000095367432,0.6499999761581421,0.765999972820282,0.8600000143051147,0.8799999952316284,0.7099999785423279
63.727611780166626,0.7400000095367432,0.6499999761581421,0.765999972820282,0.8640000224113464,0.8840000033378601,0.7099999785423279
63.73775243759155,0.7400000095367432,0.6499999761581421,0.7680000066757202,0.8679999709129333,0.8880000114440918,0.7099999785423279
63.747430086135864,0.7400000095367432,0.6499999761581421,0.7680000066757202,0.871999979019165,0.8939999938011169,0.7099999785423279
63.75746703147888,0.7400000095367432,0.6499999761581421,0.7680000066757202,0.8759999871253967,0.8980000019073486,0.7099999785423279
63.76990222930908,0.7400000095367432,0.6499999761581421,0.7699999809265137,0.878000020980835,0.9020000100135804,0.7099999785423279
63.779189348220825,0.7400000095367432,0.6499999761581421,0.7699999809265137,0.8840000033378601,0.9079999923706056,0.7099999785423279
63.78766465187073,0.7400000095367432,0.6499999761581421,0.7720000147819519,0.8920000195503235,0.9120000004768372,0.7080000042915344
63.79744076728821,0.7400000095367432,0.6499999761581421,0.7720000147819519,0.8960000276565552,0.9160000085830688,0.7059999704360962
63.807475090026855,0.7400000095367432,0.6520000100135803,0.7720000147819519,0.9039999842643738,0.921999990940094,0.7039999961853027
63.81794047355652,0.7400000095367432,0.6520000100135803,0.7739999890327454,0.9100000262260436,0.9240000247955322,0.7020000219345093
63.828298807144165,0.7400000095367432,0.6520000100135803,0.7739999890327454,0.9200000166893004,0.9319999814033508,0.699999988079071
63.83765721321106,0.7400000095367432,0.6520000100135803,0.7760000228881836,0.9279999732971193,0.9399999976158142,0.6940000057220459
63.84779381752014,0.7400000095367432,0.6520000100135803,0.7760000228881836,0.9340000152587892,0.944000005722046,0.6899999976158142
63.85779166221619,0.7400000095367432,0.6520000100135803,0.777999997138977,0.9419999718666076,0.9480000138282776,0.6859999895095825
63.8675332069397,0.7379999756813049,0.6520000100135803,0.777999997138977,0.9480000138282776,0.9520000219345092,0.6840000152587891
63.87817096710205,0.7379999756813049,0.6520000100135803,0.7799999713897705,0.9539999961853028,0.9559999704360962,0.6800000071525574
63.89010763168335,0.7379999756813049,0.6520000100135803,0.7799999713897705,0.9580000042915344,0.959999978542328,0.6759999990463257
63.89865684509277,0.7379999756813049,0.6520000100135803,0.7799999713897705,0.962000012397766,0.962000012397766,0.6740000247955322
63.9077513217926,0.7379999756813049,0.6520000100135803,0.7820000052452087,0.9679999947547911,0.9660000205039978,0.6700000166893005
63.91743612289429,0.7360000014305115,0.6539999842643738,0.7820000052452087,0.972000002861023,0.9679999947547911,0.6679999828338623
63.92771077156067,0.7360000014305115,0.6539999842643738,0.7820000052452087,0.9800000190734864,0.9700000286102296,0.6620000004768372
63.93749523162842,0.7360000014305115,0.6539999842643738,0.7839999794960022,0.984000027179718,0.972000002861023,0.6600000262260437
63.95118594169617,0.7360000014305115,0.6539999842643738,0.7839999794960022,0.9900000095367432,0.9739999771118164,0.656000018119812
63.957645416259766,0.7360000014305115,0.656000018119812,0.7839999794960022,0.9980000257492064,0.9760000109672546,0.6520000100135803
63.96887445449829,0.7360000014305115,0.656000018119812,0.7860000133514404,1.00600004196167,0.977999985218048,0.6520000100135803
63.9777569770813,0.734000027179718,0.656000018119812,0.7860000133514404,1.0119999647140503,0.9800000190734864,0.6520000100135803
63.9900906085968,0.7300000190734863,0.6579999923706055,0.7860000133514404,1.02400004863739,0.9819999933242798,0.6499999761581421
63.997655630111694,0.7279999852180481,0.6600000262260437,0.7860000133514404,1.031999945640564,0.984000027179718,0.6499999761581421
64.00752544403076,0.7239999771118164,0.6660000085830688,0.7839999794960022,1.0420000553131104,0.984000027179718,0.6520000100135803
64.01816701889038,0.7179999947547913,0.6740000247955322,0.7820000052452087,1.0520000457763672,0.984000027179718,0.6520000100135803
64.02758502960205,0.7080000042915344,0.6779999732971191,0.777999997138977,1.0579999685287476,0.984000027179718,0.6499999761581421
64.037593126297,0.6899999976158142,0.6840000152587891,0.7720000147819519,1.0679999589920044,0.9819999933242798,0.6499999761581421
64.04752206802368,0.671999990940094,0.6859999895095825,0.7599999904632568,1.0740000009536743,0.9800000190734864,0.6499999761581421
64.05751824378967,0.6600000262260437,0.6880000233650208,0.75,1.0779999494552612,0.9760000109672546,0.6499999761581421
64.06873774528503,0.6480000019073486,0.6899999976158142,0.7319999933242798,1.0820000171661377,0.972000002861023,0.6499999761581421
64.07793402671814,0.6399999856948853,0.6919999718666077,0.7080000042915344,1.0839999914169312,0.9340000152587892,0.6499999761581421
64.08766055107117,0.6380000114440918,0.6940000057220459,0.6940000057220459,1.0859999656677246,0.8460000157356262,0.6499999761581421
64.09782576560974,0.6359999775886536,0.6959999799728394,0.6819999814033508,1.0880000591278076,0.7879999876022339,0.6499999761581421
64.10793614387512,0.6359999775886536,0.6919999718666077,0.6740000247955322,1.0880000591278076,0.7760000228881836,0.6499999761581421
64.11799788475037,0.6340000033378601,0.656000018119812,0.6679999828338623,1.0839999914169312,0.7720000147819519,0.6499999761581421
64.12797379493713,0.6340000033378601,0.6539999842643738,0.6639999747276306,1.0779999494552612,0.777999997138977,0.6499999761581421
64.1384961605072,0.6340000033378601,0.6499999761581421,0.656000018119812,1.059999942779541,0.765999972820282,0.6499999761581421
64.14827108383179,0.6380000114440918,0.6460000276565552,0.6399999856948853,1.0260000228881836,0.7559999823570251,0.6520000100135803
64.15865635871887,0.6420000195503235,0.6460000276565552,0.6340000033378601,0.9940000176429749,0.734000027179718,0.6520000100135803
64.16814541816711,0.6399999856948853,0.6439999938011169,0.6299999952316284,0.9639999866485596,0.7239999771118164,0.6539999842643738
64.17877388000488,0.6320000290870667,0.6420000195503235,0.6299999952316284,0.9100000262260436,0.7279999852180481,0.6539999842643738
64.19044303894043,0.6259999871253967,0.6439999938011169,0.6320000290870667,0.7799999713897705,0.7139999866485596,0.6539999842643738
64.19788479804993,0.6240000128746033,0.6439999938011169,0.6359999775886536,0.7279999852180481,0.6880000233650208,0.656000018119812
64.20830130577087,0.628000020980835,0.6439999938011169,0.6359999775886536,0.7179999947547913,0.6639999747276306,0.656000018119812
64.22061085700989,0.628000020980835,0.6439999938011169,0.6380000114440918,0.722000002861023,0.6579999923706055,0.6700000166893005
64.22759890556335,0.628000020980835,0.6439999938011169,0.6380000114440918,0.7300000190734863,0.6579999923706055,0.6579999923706055
64.23748350143433,0.628000020980835,0.6439999938011169,0.6380000114440918,0.7519999742507935,0.6639999747276306,0.6579999923706055
64.24739217758179,0.628000020980835,0.6439999938011169,0.6359999775886536,0.7580000162124634,0.6759999990463257,0.6579999923706055
64.25795125961304,0.628000020980835,0.6439999938011169,0.6359999775886536,0.7580000162124634,0.6759999990463257,0.6579999923706055
64.26785206794739,0.628000020980835,0.6439999938011169,0.6359999775886536,0.7559999823570251,0.6759999990463257,0.6579999923706055
64.27752661705017,0.628000020980835,0.6439999938011169,0.6359999775886536,0.7540000081062317,0.6700000166893005,0.6579999923706055
64.28729224205017,0.628000020980835,0.6439999938011169,0.6359999775886536,0.7540000081062317,0.6700000166893005,0.6579999923706055
64.29721665382385,0.628000020980835,0.6439999938011169,0.6359999775886536,0.7540000081062317,0.6700000166893005,0.6600000262260437
64.30834317207336,0.628000020980835,0.6439999938011169,0.6359999775886536,0.7540000081062317,0.6679999828338623,0.6579999923706055
64.31750130653381,0.628000020980835,0.6439999938011169,0.6359999775886536,0.7519999742507935,0.6660000085830688,0.6579999923706055
64.32744860649109,0.628000020980835,0.6439999938011169,0.6359999775886536,0.75,0.6660000085830688,0.6579999923706055
64.33736848831177,0.628000020980835,0.6439999938011169,0.6359999775886536,0.75,0.6679999828338623,0.6579999923706055
64.34736037254333,0.628000020980835,0.6439999938011169,0.6359999775886536,0.7480000257492065,0.6679999828338623,0.6579999923706055
64.3573784828186,0.6299999952316284,0.6439999938011169,0.6359999775886536,0.7459999918937683,0.6700000166893005,0.6579999923706055
64.36830163002014,0.628000020980835,0.6439999938011169,0.6340000033378601,0.7459999918937683,0.6700000166893005,0.6579999923706055
64.37726521492004,0.628000020980835,0.6439999938011169,0.6340000033378601,0.7440000176429749,0.6700000166893005,0.6579999923706055
64.3873291015625,0.628000020980835,0.6439999938011169,0.6340000033378601,0.7459999918937683,0.6700000166893005,0.6579999923706055
64.39744353294373,0.628000020980835,0.6439999938011169,0.6340000033378601,0.7440000176429749,0.6700000166893005,0.6579999923706055
64.40727591514587,0.628000020980835,0.6439999938011169,0.6340000033378601,0.7440000176429749,0.6700000166893005,0.6579999923706055
64.4172854423523,0.628000020980835,0.6439999938011169,0.6340000033378601,0.7440000176429749,0.6700000166893005,0.6579999923706055
64.42811822891235,0.628000020980835,0.6439999938011169,0.6340000033378601,0.7419999837875366,0.671999990940094,0.6579999923706055
64.4374132156372,0.628000020980835,0.6439999938011169,0.6340000033378601,0.7419999837875366,0.6700000166893005,0.6579999923706055
64.44726490974426,0.628000020980835,0.6439999938011169,0.6340000033378601,0.7400000095367432,0.6700000166893005,0.6579999923706055
64.45731997489929,0.628000020980835,0.6439999938011169,0.6340000033378601,0.7400000095367432,0.6700000166893005,0.6579999923706055
64.46733927726746,0.628000020980835,0.6439999938011169,0.6340000033378601,0.7400000095367432,0.6700000166893005,0.6579999923706055
64.47736072540283,0.628000020980835,0.6439999938011169,0.6340000033378601,0.7379999756813049,0.6679999828338623,0.6579999923706055
64.48764681816101,0.628000020980835,0.6460000276565552,0.6359999775886536,0.7379999756813049,0.6660000085830688,0.6579999923706055
64.4972894191742,0.628000020980835,0.6439999938011169,0.6359999775886536,0.7379999756813049,0.6660000085830688,0.6579999923706055
64.50743460655212,0.628000020980835,0.6439999938011169,0.6359999775886536,0.7360000014305115,0.6660000085830688,0.6579999923706055
64.51791763305664,0.628000020980835,0.6439999938011169,0.6359999775886536,0.7360000014305115,0.6660000085830688,0.6579999923706055
64.5273768901825,0.6299999952316284,0.6439999938011169,0.6359999775886536,0.734000027179718,0.6679999828338623,0.6579999923706055
64.53779649734497,0.6299999952316284,0.6460000276565552,0.6359999775886536,0.7319999933242798,0.6700000166893005,0.6579999923706055
64.5474317073822,0.6299999952316284,0.6460000276565552,0.6359999775886536,0.7319999933242798,0.671999990940094,0.6579999923706055
64.55728936195374,0.6299999952316284,0.6460000276565552,0.6359999775886536,0.734000027179718,0.671999990940094,0.6579999923706055
64.56732821464539,0.628000020980835,0.6439999938011169,0.6359999775886536,0.7319999933242798,0.6600000262260437,0.6579999923706055
64.5772488117218,0.6299999952316284,0.6439999938011169,0.6439999938011169,0.7260000109672546,0.6539999842643738,0.6759999990463257
64.58730006217957,0.6320000290870667,0.6439999938011169,0.6480000019073486,0.722000002861023,0.6520000100135803,0.6940000057220459
64.59740686416626,0.6420000195503235,0.6439999938011169,0.656000018119812,0.7139999866485596,0.6439999938011169,0.7179999947547913
64.60758852958679,0.6359999775886536,0.6439999938011169,0.6700000166893005,0.7020000219345093,0.6460000276565552,0.7279999852180481
64.61738562583923,0.656000018119812,0.6439999938011169,0.6800000071525574,0.6959999799728394,0.6399999856948853,0.7260000109672546
64.62742447853088,0.6639999747276306,0.6439999938011169,0.6919999718666077,0.7179999947547913,0.6520000100135803,0.722000002861023
64.63741183280945,0.6679999828338623,0.6439999938011169,0.699999988079071,0.7319999933242798,0.6779999732971191,0.7160000205039978
64.64736700057983,0.6859999895095825,0.6439999938011169,0.7160000205039978,0.7480000257492065,0.7419999837875366,0.7099999785423279
64.65747857093811,0.699999988079071,0.6439999938011169,0.7239999771118164,0.777999997138977,0.7720000147819519,0.7080000042915344
64.66743206977844,0.7080000042915344,0.6439999938011169,0.7279999852180481,0.8140000104904175,0.7919999957084656,0.7080000042915344
64.67731475830078,0.7160000205039978,0.6439999938011169,0.7360000014305115,0.8379999995231628,0.8180000185966492,0.7080000042915344
64.68744611740112,0.7239999771118164,0.6460000276565552,0.7419999837875366,0.8539999723434448,0.8379999995231628,0.7080000042915344
64.69742679595947,0.7279999852180481,0.6480000019073486,0.7480000257492065,0.8640000224113464,0.8500000238418579,0.7059999704360962
64.70796632766724,0.734000027179718,0.6499999761581421,0.7540000081062317,0.8740000128746033,0.8579999804496765,0.7020000219345093
64.7175714969635,0.7379999756813049,0.6520000100135803,0.7559999823570251,0.878000020980835,0.8640000224113464,0.699999988079071
64.72764849662781,0.7400000095367432,0.6539999842643738,0.7599999904632568,0.8859999775886536,0.8679999709129333,0.6980000138282776
64.73728227615356,0.7419999837875366,0.6539999842643738,0.7620000243186951,0.8880000114440918,0.8679999709129333,0.6940000057220459
64.74745416641235,0.7440000176429749,0.6539999842643738,0.7620000243186951,0.8880000114440918,0.8679999709129333,0.6899999976158142
64.75733160972595,0.7459999918937683,0.6539999842643738,0.7639999985694885,0.8880000114440918,0.8679999709129333,0.6880000233650208
64.7673442363739,0.7459999918937683,0.6539999842643738,0.7639999985694885,0.8859999775886536,0.8679999709129333,0.6859999895095825
64.77737641334534,0.7480000257492065,0.656000018119812,0.7639999985694885,0.8820000290870667,0.8640000224113464,0.6819999814033508
64.7872805595398,0.7480000257492065,0.656000018119812,0.7639999985694885,0.8799999952316284,0.8600000143051147,0.6800000071525574
64.79737401008606,0.7480000257492065,0.656000018119812,0.7639999985694885,0.8799999952316284,0.8579999804496765,0.6779999732971191
64.80727672576904,0.7480000257492065,0.656000018119812,0.7639999985694885,0.878000020980835,0.8519999980926514,0.6779999732971191
64.81771683692932,0.7480000257492065,0.656000018119812,0.7639999985694885,0.8759999871253967,0.8479999899864197,0.6759999990463257
64.82734036445618,0.75,0.656000018119812,0.7639999985694885,0.8740000128746033,0.8460000157356262,0.6759999990463257
64.83734774589539,0.75,0.656000018119812,0.7639999985694885,0.8740000128746033,0.8420000076293945,0.6740000247955322
64.84751391410828,0.75,0.656000018119812,0.7639999985694885,0.8740000128746033,0.8420000076293945,0.6740000247955322
64.85737204551697,0.7519999742507935,0.656000018119812,0.765999972820282,0.8740000128746033,0.8399999737739563,0.671999990940094
64.86735343933105,0.7519999742507935,0.656000018119812,0.765999972820282,0.8740000128746033,0.8379999995231628,0.671999990940094
64.8773820400238,0.7519999742507935,0.656000018119812,0.765999972820282,0.8740000128746033,0.8399999737739563,0.671999990940094
64.88743710517883,0.7540000081062317,0.656000018119812,0.7680000066757202,0.8740000128746033,0.8399999737739563,0.671999990940094
64.8973228931427,0.7540000081062317,0.656000018119812,0.7680000066757202,0.8740000128746033,0.8399999737739563,0.6700000166893005
64.90735983848572,0.7559999823570251,0.656000018119812,0.7699999809265137,0.8759999871253967,0.8420000076293945,0.6700000166893005
64.91764521598816,0.7559999823570251,0.656000018119812,0.7699999809265137,0.878000020980835,0.8420000076293945,0.6700000166893005
64.92735648155212,0.7559999823570251,0.656000018119812,0.7699999809265137,0.8799999952316284,0.843999981880188,0.671999990940094
64.93768095970154,0.7580000162124634,0.656000018119812,0.7720000147819519,0.8820000290870667,0.8479999899864197,0.671999990940094
64.94737219810486,0.7580000162124634,0.656000018119812,0.7720000147819519,0.8840000033378601,0.8500000238418579,0.6740000247955322
64.95735621452332,0.7580000162124634,0.656000018119812,0.7739999890327454,0.8880000114440918,0.8539999723434448,0.6740000247955322
64.96733689308167,0.7580000162124634,0.6579999923706055,0.7739999890327454,0.8920000195503235,0.8600000143051147,0.6759999990463257
64.97737526893616,0.7599999904632568,0.6579999923706055,0.7739999890327454,0.8939999938011169,0.8619999885559082,0.6759999990463257
64.98725533485413,0.7599999904632568,0.6579999923706055,0.7760000228881836,0.8960000276565552,0.8659999966621399,0.6759999990463257
64.9974057674408,0.7599999904632568,0.6579999923706055,0.7760000228881836,0.8980000019073486,0.8679999709129333,0.6759999990463257
65.00726914405823,0.7599999904632568,0.6579999923706055,0.777999997138977,0.8999999761581421,0.8700000047683716,0.6779999732971191
65.01732730865479,0.7599999904632568,0.6600000262260437,0.777999997138977,0.9020000100135804,0.871999979019165,0.6779999732971191
65.02776646614075,0.7599999904632568,0.6579999923706055,0.777999997138977,0.906000018119812,0.8740000128746033,0.6779999732971191
65.03729963302612,0.7599999904632568,0.6600000262260437,0.777999997138977,0.9100000262260436,0.8759999871253967,0.6779999732971191
65.04793190956116,0.7599999904632568,0.6600000262260437,0.777999997138977,0.9120000004768372,0.878000020980835,0.6779999732971191
65.05726456642151,0.7580000162124634,0.6600000262260437,0.777999997138977,0.9160000085830688,0.8840000033378601,0.6779999732971191
65.0673291683197,0.7580000162124634,0.6600000262260437,0.7799999713897705,0.9200000166893004,0.8880000114440918,0.6779999732971191
65.07733941078186,0.7580000162124634,0.6620000004768372,0.7799999713897705,0.9240000247955322,0.8899999856948853,0.6759999990463257
65.08731603622437,0.7580000162124634,0.6639999747276306,0.7799999713897705,0.9319999814033508,0.8939999938011169,0.6740000247955322
65.09732341766357,0.7580000162124634,0.6660000085830688,0.7799999713897705,0.9359999895095824,0.8980000019073486,0.6740000247955322
65.10731363296509,0.7580000162124634,0.6679999828338623,0.7799999713897705,0.9399999976158142,0.9020000100135804,0.671999990940094
65.1172547340393,0.7580000162124634,0.6700000166893005,0.7799999713897705,0.944000005722046,0.906000018119812,0.6700000166893005
65.12743282318115,0.7580000162124634,0.6700000166893005,0.7820000052452087,0.9480000138282776,0.9079999923706056,0.6700000166893005
65.13764882087708,0.7580000162124634,0.671999990940094,0.7820000052452087,0.9520000219345092,0.9120000004768372,0.6679999828338623
65.14730215072632,0.7559999823570251,0.6740000247955322,0.7820000052452087,0.9580000042915344,0.9179999828338624,0.6679999828338623
65.15742993354797,0.7559999823570251,0.6740000247955322,0.7820000052452087,0.959999978542328,0.921999990940094,0.6660000085830688
65.16772437095642,0.7559999823570251,0.6759999990463257,0.7839999794960022,0.9660000205039978,0.9259999990463256,0.6639999747276306
65.17737221717834,0.7559999823570251,0.6759999990463257,0.7839999794960022,0.9700000286102296,0.9279999732971193,0.6600000262260437
65.18731617927551,0.7540000081062317,0.6800000071525574,0.7839999794960022,0.9760000109672546,0.9340000152587892,0.6579999923706055
65.19726538658142,0.7540000081062317,0.6819999814033508,0.7839999794960022,0.9800000190734864,0.9380000233650208,0.6579999923706055
65.20732092857361,0.7540000081062317,0.6840000152587891,0.7839999794960022,0.984000027179718,0.9419999718666076,0.656000018119812
65.21794509887695,0.7540000081062317,0.6859999895095825,0.7860000133514404,0.9900000095367432,0.9459999799728394,0.656000018119812
65.22737407684326,0.7540000081062317,0.6880000233650208,0.7860000133514404,0.9959999918937684,0.949999988079071,0.656000018119812
65.23737692832947,0.7540000081062317,0.6919999718666077,0.7860000133514404,1.003999948501587,0.9520000219345092,0.6539999842643738
65.24726390838623,0.7519999742507935,0.6940000057220459,0.7860000133514404,1.0119999647140503,0.9559999704360962,0.6539999842643738
65.25797533988953,0.7519999742507935,0.6980000138282776,0.7860000133514404,1.0180000066757202,0.9580000042915344,0.6539999842643738
65.26738619804382,0.7480000257492065,0.699999988079071,0.7860000133514404,1.027999997138977,0.959999978542328,0.6539999842643738
65.27826714515686,0.7459999918937683,0.7020000219345093,0.7860000133514404,1.031999945640564,0.962000012397766,0.6539999842643738
65.287437915802,0.7419999837875366,0.7039999961853027,0.7860000133514404,1.0420000553131104,0.9639999866485596,0.6539999842643738
65.29729723930359,0.7379999756813049,0.7059999704360962,0.7839999794960022,1.0499999523162842,0.9639999866485596,0.6539999842643738
65.30751442909241,0.7319999933242798,0.7080000042915344,0.7820000052452087,1.055999994277954,0.9639999866485596,0.6539999842643738
65.31748652458191,0.7260000109672546,0.7099999785423279,0.7799999713897705,1.0640000104904177,0.962000012397766,0.6539999842643738
65.32728457450867,0.7120000123977661,0.7139999866485596,0.7720000147819519,1.0700000524520874,0.9580000042915344,0.6539999842643738
65.33731770515442,0.7020000219345093,0.7160000205039978,0.765999972820282,1.0759999752044678,0.9539999961853028,0.6539999842643738
65.34741711616516,0.6819999814033508,0.7179999947547913,0.7519999742507935,1.0800000429153442,0.9459999799728394,0.6539999842643738
65.35732340812683,0.6679999828338623,0.722000002861023,0.734000027179718,1.0839999914169312,0.9380000233650208,0.6520000100135803
65.36790752410889,0.6520000100135803,0.7239999771118164,0.7160000205039978,1.0859999656677246,0.9100000262260436,0.6520000100135803
65.3780426979065,0.6460000276565552,0.7260000109672546,0.7059999704360962,1.0880000591278076,0.8259999752044678,0.6520000100135803
65.38955879211426,0.6439999938011169,0.7260000109672546,0.699999988079071,1.0880000591278076,0.7760000228881836,0.6520000100135803
65.39838695526123,0.6460000276565552,0.7260000109672546,0.6899999976158142,1.0880000591278076,0.7440000176429749,0.6520000100135803
65.40758943557739,0.6439999938011169,0.7260000109672546,0.6840000152587891,1.0859999656677246,0.7360000014305115,0.6520000100135803
65.41730427742004,0.6439999938011169,0.7260000109672546,0.6840000152587891,1.0859999656677246,0.7360000014305115,0.6520000100135803
65.42894577980042,0.6439999938011169,0.722000002861023,0.6800000071525574,1.0839999914169312,0.7319999933242798,0.6520000100135803
65.43814539909363,0.6399999856948853,0.6579999923706055,0.6460000276565552,1.0399999618530271,0.7260000109672546,0.6539999842643738
65.44893288612366,0.6340000033378601,0.656000018119812,0.6359999775886536,1.00600004196167,0.7279999852180481,0.6539999842643738
65.45800352096558,0.6299999952316284,0.6520000100135803,0.6299999952316284,0.977999985218048,0.7200000286102295,0.6539999842643738
65.4682605266571,0.628000020980835,0.6499999761581421,0.6299999952316284,0.9399999976158142,0.7059999704360962,0.6539999842643738
65.47772002220154,0.628000020980835,0.6439999938011169,0.6340000033378601,0.8859999775886536,0.7020000219345093,0.6539999842643738
65.48781943321228,0.628000020980835,0.6420000195503235,0.6380000114440918,0.7979999780654907,0.699999988079071,0.656000018119812
65.4979817867279,0.628000020980835,0.6439999938011169,0.6359999775886536,0.7239999771118164,0.6800000071525574,0.656000018119812
65.50866675376892,0.628000020980835,0.6439999938011169,0.6359999775886536,0.7160000205039978,0.6660000085830688,0.6579999923706055
65.51847100257874,0.6299999952316284,0.6420000195503235,0.6380000114440918,0.7099999785423279,0.6600000262260437,0.6660000085830688
65.52799797058105,0.6299999952316284,0.6420000195503235,0.6380000114440918,0.7200000286102295,0.656000018119812,0.6600000262260437
65.54042601585388,0.6299999952316284,0.6439999938011169,0.6380000114440918,0.7279999852180481,0.656000018119812,0.6600000262260437
65.54901647567749,0.6299999952316284,0.6439999938011169,0.6380000114440918,0.7379999756813049,0.6679999828338623,0.6600000262260437
65.55770492553711,0.6299999952316284,0.6439999938011169,0.6380000114440918,0.7419999837875366,0.6759999990463257,0.6600000262260437
65.56778311729431,0.6299999952316284,0.6439999938011169,0.6359999775886536,0.7419999837875366,0.6759999990463257,0.6600000262260437
65.57786631584167,0.6299999952316284,0.6439999938011169,0.6359999775886536,0.7400000095367432,0.6740000247955322,0.6600000262260437
65.58786368370056,0.6299999952316284,0.6439999938011169,0.6359999775886536,0.7400000095367432,0.6740000247955322,0.6600000262260437
65.59794330596924,0.6320000290870667,0.6439999938011169,0.6359999775886536,0.7400000095367432,0.6740000247955322,0.6600000262260437
65.60825085639954,0.6320000290870667,0.6439999938011169,0.6359999775886536,0.7400000095367432,0.6700000166893005,0.6600000262260437
65.61843013763428,0.6320000290870667,0.6439999938011169,0.6359999775886536,0.7400000095367432,0.6679999828338623,0.6600000262260437
65.62774538993835,0.6320000290870667,0.6439999938011169,0.6359999775886536,0.7400000095367432,0.6660000085830688,0.6600000262260437
65.63826537132263,0.6320000290870667,0.6439999938011169,0.6359999775886536,0.7379999756813049,0.6660000085830688,0.6600000262260437
65.64739465713501,0.6320000290870667,0.6439999938011169,0.6359999775886536,0.7379999756813049,0.6679999828338623,0.6600000262260437
65.65729022026062,0.6320000290870667,0.6439999938011169,0.6359999775886536,0.7379999756813049,0.6679999828338623,0.6600000262260437
65.66737866401672,0.6320000290870667,0.6439999938011169,0.6359999775886536,0.7379999756813049,0.6700000166893005,0.6600000262260437
65.677250623703,0.6320000290870667,0.6439999938011169,0.6359999775886536,0.7379999756813049,0.671999990940094,0.6600000262260437
65.68722701072693,0.6320000290870667,0.6439999938011169,0.6359999775886536,0.7379999756813049,0.671999990940094,0.6600000262260437
65.6975691318512,0.6320000290870667,0.6439999938011169,0.6359999775886536,0.7360000014305115,0.671999990940094,0.6600000262260437
65.70723605155945,0.6320000290870667,0.6439999938011169,0.6359999775886536,0.7360000014305115,0.671999990940094,0.6600000262260437
65.71861219406128,0.6320000290870667,0.6439999938011169,0.6359999775886536,0.734000027179718,0.671999990940094,0.6600000262260437
65.72735714912415,0.6320000290870667,0.6439999938011169,0.6359999775886536,0.734000027179718,0.671999990940094,0.6600000262260437
65.73751926422119,0.6320000290870667,0.6439999938011169,0.6359999775886536,0.7319999933242798,0.671999990940094,0.6600000262260437
65.74726128578186,0.6320000290870667,0.6439999938011169,0.6359999775886536,0.7319999933242798,0.671999990940094,0.6600000262260437
65.75725388526917,0.6320000290870667,0.6439999938011169,0.6359999775886536,0.7300000190734863,0.6740000247955322,0.6600000262260437
65.76728653907776,0.6320000290870667,0.6439999938011169,0.6359999775886536,0.7279999852180481,0.6740000247955322,0.6600000262260437
65.77827382087708,0.6320000290870667,0.6439999938011169,0.6359999775886536,0.7279999852180481,0.6700000166893005,0.6600000262260437
65.78774380683899,0.6320000290870667,0.6439999938011169,0.6359999775886536,0.7260000109672546,0.6660000085830688,0.6600000262260437
65.79880666732788,0.6320000290870667,0.6439999938011169,0.6380000114440918,0.7260000109672546,0.6600000262260437,0.6600000262260437
65.80781078338623,0.6320000290870667,0.6439999938011169,0.6380000114440918,0.7260000109672546,0.6600000262260437,0.6600000262260437
65.82039260864258,0.6320000290870667,0.6439999938011169,0.6380000114440918,0.7260000109672546,0.6600000262260437,0.6600000262260437
65.82837176322937,0.6320000290870667,0.6439999938011169,0.6380000114440918,0.7260000109672546,0.6600000262260437,0.6600000262260437
65.84024310112,0.6320000290870667,0.6439999938011169,0.6380000114440918,0.7260000109672546,0.6600000262260437,0.6600000262260437
65.84853482246399,0.6320000290870667,0.6439999938011169,0.6380000114440918,0.7260000109672546,0.6620000004768372,0.6600000262260437
65.85776615142822,0.6320000290870667,0.6420000195503235,0.6480000019073486,0.7239999771118164,0.6520000100135803,0.6679999828338623
65.86920166015625,0.6340000033378601,0.6420000195503235,0.6539999842643738,0.7179999947547913,0.6499999761581421,0.6759999990463257
65.87777423858643,0.6359999775886536,0.6420000195503235,0.6539999842643738,0.699999988079071,0.6480000019073486,0.7139999866485596
65.88822889328003,0.628000020980835,0.6420000195503235,0.6740000247955322,0.6959999799728394,0.6499999761581421,0.7319999933242798
65.8977689743042,0.6600000262260437,0.6420000195503235,0.6859999895095825,0.6940000057220459,0.6499999761581421,0.7300000190734863
65.90963339805603,0.6660000085830688,0.6420000195503235,0.6980000138282776,0.7139999866485596,0.671999990940094,0.7260000109672546
65.91861462593079,0.6679999828338623,0.6439999938011169,0.7120000123977661,0.7260000109672546,0.7400000095367432,0.7200000286102295
65.92751097679138,0.6859999895095825,0.6439999938011169,0.7179999947547913,0.7360000014305115,0.7680000066757202,0.7160000205039978
65.93770623207092,0.7020000219345093,0.6420000195503235,0.7260000109672546,0.7540000081062317,0.7900000214576721,0.7139999866485596
65.94757223129272,0.7080000042915344,0.6420000195503235,0.7300000190734863,0.7820000052452087,0.8040000200271606,0.7139999866485596
65.95740342140198,0.7139999866485596,0.6420000195503235,0.734000027179718,0.8119999766349792,0.8240000009536743,0.7160000205039978
65.96776151657104,0.7179999947547913,0.6439999938011169,0.7379999756813049,0.8259999752044678,0.8379999995231628,0.7160000205039978
65.9775595664978,0.722000002861023,0.6460000276565552,0.7400000095367432,0.8320000171661377,0.8460000157356262,0.7160000205039978
65.98770427703857,0.7239999771118164,0.6460000276565552,0.7440000176429749,0.8360000252723694,0.8560000061988831,0.7160000205039978
65.99776601791382,0.7279999852180481,0.6460000276565552,0.7459999918937683,0.8399999737739563,0.8600000143051147,0.7160000205039978
66.00747394561768,0.7300000190734863,0.6480000019073486,0.7480000257492065,0.843999981880188,0.8640000224113464,0.7139999866485596
66.0180835723877,0.7300000190734863,0.6480000019073486,0.75,0.8479999899864197,0.8659999966621399,0.7139999866485596
66.02753710746765,0.7319999933242798,0.6480000019073486,0.7519999742507935,0.8479999899864197,0.8679999709129333,0.7120000123977661
66.03744173049927,0.7319999933242798,0.6499999761581421,0.7540000081062317,0.8479999899864197,0.8679999709129333,0.7120000123977661
66.04747247695923,0.734000027179718,0.6499999761581421,0.7540000081062317,0.8460000157356262,0.8679999709129333,0.7099999785423279
66.05742287635803,0.734000027179718,0.6499999761581421,0.7540000081062317,0.8460000157356262,0.8659999966621399,0.7080000042915344
66.06986165046692,0.7360000014305115,0.6499999761581421,0.7540000081062317,0.843999981880188,0.8659999966621399,0.7059999704360962
66.07739162445068,0.7379999756813049,0.6499999761581421,0.7559999823570251,0.8420000076293945,0.8640000224113464,0.7039999961853027
66.08748054504395,0.7400000095367432,0.6499999761581421,0.7559999823570251,0.8420000076293945,0.8640000224113464,0.7020000219345093
66.09784579277039,0.7400000095367432,0.6499999761581421,0.7559999823570251,0.8399999737739563,0.8619999885559082,0.6980000138282776
66.10748362541199,0.7400000095367432,0.6499999761581421,0.7559999823570251,0.8399999737739563,0.8619999885559082,0.6980000138282776
66.11749243736267,0.7419999837875366,0.6499999761581421,0.7559999823570251,0.8399999737739563,0.8619999885559082,0.6959999799728394
66.13083553314209,0.7419999837875366,0.6499999761581421,0.7580000162124634,0.8379999995231628,0.8600000143051147,0.6940000057220459
66.14315271377563,0.7440000176429749,0.6499999761581421,0.7580000162124634,0.8379999995231628,0.8600000143051147,0.6940000057220459
66.14759635925293,0.7440000176429749,0.6499999761581421,0.7580000162124634,0.8379999995231628,0.8600000143051147,0.6959999799728394
66.15740251541138,0.7440000176429749,0.6499999761581421,0.7599999904632568,0.8399999737739563,0.8619999885559082,0.6959999799728394
66.167489528656,0.7459999918937683,0.6499999761581421,0.7599999904632568,0.8399999737739563,0.8619999885559082,0.6959999799728394
66.17740678787231,0.7459999918937683,0.6499999761581421,0.7620000243186951,0.8399999737739563,0.8619999885559082,0.6959999799728394
66.18761563301086,0.7459999918937683,0.6499999761581421,0.7620000243186951,0.8420000076293945,0.8619999885559082,0.6980000138282776
66.19864416122437,0.7480000257492065,0.6499999761581421,0.7639999985694885,0.843999981880188,0.8640000224113464,0.6980000138282776
66.20804357528687,0.7480000257492065,0.6499999761581421,0.7639999985694885,0.8479999899864197,0.8640000224113464,0.6980000138282776
66.21789121627808,0.75,0.6499999761581421,0.765999972820282,0.8479999899864197,0.8659999966621399,0.6980000138282776
66.2275960445404,0.75,0.6499999761581421,0.7680000066757202,0.8519999980926514,0.8679999709129333,0.6980000138282776
66.23759007453918,0.7519999742507935,0.6520000100135803,0.7680000066757202,0.8539999723434448,0.8700000047683716,0.6980000138282776
66.24819731712341,0.7540000081062317,0.6520000100135803,0.7699999809265137,0.8560000061988831,0.8700000047683716,0.6980000138282776
66.25814032554626,0.7540000081062317,0.6520000100135803,0.7699999809265137,0.8579999804496765,0.871999979019165,0.6980000138282776
66.26778054237366,0.7540000081062317,0.6520000100135803,0.7720000147819519,0.8600000143051147,0.8759999871253967,0.6980000138282776
66.27748537063599,0.7559999823570251,0.6520000100135803,0.7720000147819519,0.8619999885559082,0.878000020980835,0.6959999799728394
66.28754329681396,0.7559999823570251,0.6520000100135803,0.7739999890327454,0.8640000224113464,0.878000020980835,0.6940000057220459
66.29746556282043,0.7559999823570251,0.6539999842643738,0.7739999890327454,0.8679999709129333,0.8799999952316284,0.6919999718666077
66.30778908729553,0.7580000162124634,0.6539999842643738,0.7739999890327454,0.871999979019165,0.8840000033378601,0.6899999976158142
66.31759643554688,0.7580000162124634,0.6539999842643738,0.7760000228881836,0.8759999871253967,0.8859999775886536,0.6880000233650208
66.32750010490417,0.7580000162124634,0.6539999842643738,0.777999997138977,0.8820000290870667,0.8880000114440918,0.6859999895095825
66.33737635612488,0.7580000162124634,0.6539999842643738,0.777999997138977,0.8899999856948853,0.8899999856948853,0.6840000152587891
66.34787702560425,0.7580000162124634,0.6539999842643738,0.777999997138977,0.8960000276565552,0.8939999938011169,0.6819999814033508
66.35801815986633,0.7580000162124634,0.6539999842643738,0.7799999713897705,0.9039999842643738,0.8980000019073486,0.6800000071525574
66.3680489063263,0.7559999823570251,0.6539999842643738,0.7799999713897705,0.9139999747276306,0.9020000100135804,0.6800000071525574
66.37750601768494,0.7580000162124634,0.6539999842643738,0.7799999713897705,0.921999990940094,0.906000018119812,0.6779999732971191
66.38777780532837,0.7559999823570251,0.656000018119812,0.7820000052452087,0.9300000071525574,0.9100000262260436,0.6740000247955322
66.39738035202026,0.7559999823570251,0.6639999747276306,0.7820000052452087,0.9380000233650208,0.9160000085830688,0.671999990940094
66.40826487541199,0.7559999823570251,0.6679999828338623,0.7820000052452087,0.9419999718666076,0.9200000166893004,0.6700000166893005
66.41787219047546,0.7559999823570251,0.671999990940094,0.7820000052452087,0.949999988079071,0.921999990940094,0.6660000085830688
66.42753767967224,0.7559999823570251,0.6759999990463257,0.7839999794960022,0.9559999704360962,0.9259999990463256,0.6620000004768372
66.4386157989502,0.7559999823570251,0.6800000071525574,0.7839999794960022,0.962000012397766,0.9300000071525574,0.6600000262260437
66.44772291183472,0.7559999823570251,0.6840000152587891,0.7839999794960022,0.9679999947547911,0.9340000152587892,0.6579999923706055
66.45776295661926,0.7559999823570251,0.6880000233650208,0.7839999794960022,0.9739999771118164,0.9359999895095824,0.656000018119812
66.46745133399963,0.7540000081062317,0.6880000233650208,0.7860000133514404,0.977999985218048,0.9419999718666076,0.6539999842643738
66.47745680809021,0.7540000081062317,0.6899999976158142,0.7860000133514404,0.9860000014305116,0.9459999799728394,0.6539999842643738
66.4876160621643,0.7540000081062317,0.6940000057220459,0.7860000133514404,0.9900000095367432,0.9480000138282776,0.6539999842643738
66.49760699272156,0.7519999742507935,0.6959999799728394,0.7860000133514404,0.9980000257492064,0.9520000219345092,0.6539999842643738
66.50750136375427,0.7519999742507935,0.6980000138282776,0.7860000133514404,1.003999948501587,0.9559999704360962,0.6539999842643738
66.51829028129578,0.75,0.699999988079071,0.7860000133514404,1.0099999904632568,0.9580000042915344,0.6539999842643738
66.5276403427124,0.7480000257492065,0.7020000219345093,0.7860000133514404,1.0180000066757202,0.959999978542328,0.6539999842643738
66.53903460502625,0.7459999918937683,0.7039999961853027,0.7860000133514404,1.02400004863739,0.959999978542328,0.6539999842643738
66.54784727096558,0.7440000176429749,0.7059999704360962,0.7860000133514404,1.027999997138977,0.962000012397766,0.6539999842643738
66.55754590034485,0.7379999756813049,0.7099999785423279,0.7839999794960022,1.037999987602234,0.9639999866485596,0.6539999842643738
66.56744813919067,0.734000027179718,0.7120000123977661,0.7839999794960022,1.0440000295639038,0.9639999866485596,0.6539999842643738
66.57735395431519,0.7279999852180481,0.7139999866485596,0.7820000052452087,1.0520000457763672,0.9639999866485596,0.6539999842643738
66.58753490447998,0.7260000109672546,0.7160000205039978,0.7799999713897705,1.0579999685287476,0.9660000205039978,0.6539999842643738
66.59743666648865,0.7179999947547913,0.7179999947547913,0.7760000228881836,1.0640000104904177,0.9660000205039978,0.6539999842643738
66.60768628120422,0.7059999704360962,0.7200000286102295,0.7699999809265137,1.0700000524520874,0.9639999866485596,0.6539999842643738
66.6176073551178,0.6959999799728394,0.722000002861023,0.765999972820282,1.0759999752044678,0.962000012397766,0.6520000100135803
66.62871813774109,0.6840000152587891,0.7260000109672546,0.7559999823570251,1.0800000429153442,0.9580000042915344,0.6520000100135803
66.63754343986511,0.6740000247955322,0.7260000109672546,0.7480000257492065,1.0839999914169312,0.9559999704360962,0.6520000100135803
66.6484022140503,0.6600000262260437,0.7300000190734863,0.7360000014305115,1.0880000591278076,0.9480000138282776,0.6520000100135803
66.65865683555603,0.6520000100135803,0.7300000190734863,0.7239999771118164,1.090000033378601,0.9300000071525574,0.6520000100135803
66.66774463653564,0.6480000019073486,0.7319999933242798,0.7139999866485596,1.0920000076293943,0.8920000195503235,0.6499999761581421
66.67741990089417,0.6460000276565552,0.7319999933242798,0.7059999704360962,1.093999981880188,0.828000009059906,0.6499999761581421
66.68755102157593,0.6460000276565552,0.734000027179718,0.6940000057220459,1.0959999561309814,0.7760000228881836,0.6520000100135803
66.69810366630554,0.6460000276565552,0.734000027179718,0.6880000233650208,1.0959999561309814,0.7620000243186951,0.6499999761581421
66.70772314071655,0.6420000195503235,0.7319999933242798,0.6800000071525574,1.093999981880188,0.7519999742507935,0.6520000100135803
66.71742653846741,0.6399999856948853,0.7260000109672546,0.6740000247955322,1.090000033378601,0.7400000095367432,0.6520000100135803
66.72757315635681,0.6359999775886536,0.6779999732971191,0.6639999747276306,1.0820000171661377,0.7179999947547913,0.6520000100135803
66.73743748664856,0.6380000114440918,0.6620000004768372,0.6420000195503235,1.065999984741211,0.7179999947547913,0.6520000100135803
66.74759459495544,0.6359999775886536,0.6600000262260437,0.6320000290870667,1.0420000553131104,0.7239999771118164,0.6539999842643738
66.7577338218689,0.6299999952316284,0.6600000262260437,0.6299999952316284,1.0099999904632568,0.7179999947547913,0.6539999842643738
66.76854872703552,0.628000020980835,0.656000018119812,0.628000020980835,0.9800000190734864,0.7020000219345093,0.6539999842643738
66.77778720855713,0.628000020980835,0.6499999761581421,0.628000020980835,0.9340000152587892,0.6940000057220459,0.656000018119812
66.78761982917786,0.6259999871253967,0.6460000276565552,0.6320000290870667,0.871999979019165,0.6980000138282776,0.656000018119812
66.79754543304443,0.6259999871253967,0.6439999938011169,0.6380000114440918,0.7799999713897705,0.6899999976158142,0.6539999842643738
66.80776023864746,0.628000020980835,0.6439999938011169,0.6340000033378601,0.7400000095367432,0.6740000247955322,0.656000018119812
66.81739568710327,0.628000020980835,0.6439999938011169,0.6359999775886536,0.7360000014305115,0.6579999923706055,0.656000018119812
66.827383518219,0.628000020980835,0.6439999938011169,0.6359999775886536,0.7300000190734863,0.6579999923706055,0.6759999990463257
66.83747982978821,0.6299999952316284,0.6439999938011169,0.6359999775886536,0.7319999933242798,0.656000018119812,0.6600000262260437
66.84816455841064,0.6299999952316284,0.6439999938011169,0.6359999775886536,0.7419999837875366,0.656000018119812,0.6579999923706055
66.85906910896301,0.6299999952316284,0.6420000195503235,0.6359999775886536,0.75,0.6620000004768372,0.6579999923706055
66.86761975288391,0.6299999952316284,0.6420000195503235,0.6359999775886536,0.7519999742507935,0.671999990940094,0.6600000262260437
66.87742495536804,0.6299999952316284,0.6420000195503235,0.6359999775886536,0.7519999742507935,0.671999990940094,0.6600000262260437
66.88775563240051,0.6299999952316284,0.6420000195503235,0.6340000033378601,0.75,0.6700000166893005,0.6600000262260437
66.89798283576965,0.6299999952316284,0.6420000195503235,0.6340000033378601,0.7480000257492065,0.6679999828338623,0.6600000262260437
66.90745782852173,0.6320000290870667,0.6420000195503235,0.6340000033378601,0.7480000257492065,0.6679999828338623,0.6600000262260437
66.91747760772705,0.6320000290870667,0.6420000195503235,0.6340000033378601,0.7480000257492065,0.6639999747276306,0.6600000262260437
66.92740082740784,0.6320000290870667,0.6420000195503235,0.6340000033378601,0.7480000257492065,0.6620000004768372,0.6600000262260437
66.93742203712463,0.6320000290870667,0.6420000195503235,0.6340000033378601,0.7480000257492065,0.6600000262260437,0.6600000262260437
66.94757127761841,0.6320000290870667,0.6439999938011169,0.6340000033378601,0.7459999918937683,0.6600000262260437,0.6600000262260437
66.95744061470032,0.6320000290870667,0.6439999938011169,0.6340000033378601,0.7459999918937683,0.6600000262260437,0.6600000262260437
66.96740484237671,0.6320000290870667,0.6439999938011169,0.6340000033378601,0.7459999918937683,0.6600000262260437,0.6600000262260437
66.97772479057312,0.6320000290870667,0.6439999938011169,0.6340000033378601,0.7440000176429749,0.6620000004768372,0.6600000262260437
66.98786973953247,0.6320000290870667,0.6439999938011169,0.6340000033378601,0.7440000176429749,0.6620000004768372,0.6600000262260437
66.99761009216309,0.6320000290870667,0.6439999938011169,0.6340000033378601,0.7440000176429749,0.6620000004768372,0.6600000262260437
67.0076150894165,0.6320000290870667,0.6439999938011169,0.6359999775886536,0.7419999837875366,0.6600000262260437,0.6600000262260437
67.01770114898682,0.6320000290870667,0.6439999938011169,0.6359999775886536,0.7419999837875366,0.6579999923706055,0.6600000262260437
67.02787280082703,0.6320000290870667,0.6439999938011169,0.6359999775886536,0.7419999837875366,0.6600000262260437,0.6600000262260437
67.03743410110474,0.6320000290870667,0.6439999938011169,0.6359999775886536,0.7419999837875366,0.6579999923706055,0.6600000262260437
67.0474796295166,0.6320000290870667,0.6439999938011169,0.6359999775886536,0.7419999837875366,0.6579999923706055,0.6600000262260437
67.05739855766296,0.6320000290870667,0.6439999938011169,0.6359999775886536,0.7400000095367432,0.6579999923706055,0.6600000262260437
67.06748962402344,0.6320000290870667,0.6439999938011169,0.6359999775886536,0.7400000095367432,0.6579999923706055,0.6600000262260437
67.07803583145142,0.6320000290870667,0.6439999938011169,0.6359999775886536,0.7379999756813049,0.6579999923706055,0.6600000262260437
67.08750033378601,0.6320000290870667,0.6439999938011169,0.6359999775886536,0.7379999756813049,0.6579999923706055,0.6600000262260437
67.09747648239136,0.6320000290870667,0.6439999938011169,0.6359999775886536,0.7379999756813049,0.6579999923706055,0.6600000262260437
67.10874152183533,0.6320000290870667,0.6439999938011169,0.6359999775886536,0.7379999756813049,0.6579999923706055,0.6600000262260437
67.1176438331604,0.6320000290870667,0.6439999938011169,0.6359999775886536,0.7379999756813049,0.6579999923706055,0.6600000262260437
67.12762713432312,0.6320000290870667,0.6439999938011169,0.6359999775886536,0.7379999756813049,0.6579999923706055,0.6600000262260437
67.13789677619934,0.6320000290870667,0.6439999938011169,0.6380000114440918,0.7360000014305115,0.6579999923706055,0.6600000262260437
67.14758849143982,0.6320000290870667,0.6439999938011169,0.6380000114440918,0.734000027179718,0.6579999923706055,0.6600000262260437
67.15744352340698,0.6320000290870667,0.6439999938011169,0.6380000114440918,0.7319999933242798,0.6579999923706055,0.6600000262260437
67.16743278503418,0.6320000290870667,0.6439999938011169,0.6380000114440918,0.7319999933242798,0.6579999923706055,0.6600000262260437
67.17765140533447,0.6320000290870667,0.6439999938011169,0.6380000114440918,0.7319999933242798,0.6579999923706055,0.6600000262260437
67.18744897842407,0.6299999952316284,0.6439999938011169,0.6380000114440918,0.7300000190734863,0.6579999923706055,0.6600000262260437
67.1980996131897,0.6320000290870667,0.6439999938011169,0.6480000019073486,0.7239999771118164,0.6499999761581421,0.6740000247955322
67.2074568271637,0.6340000033378601,0.6439999938011169,0.6520000100135803,0.7179999947547913,0.6480000019073486,0.6840000152587891
67.2174768447876,0.6359999775886536,0.6439999938011169,0.6660000085830688,0.7139999866485596,0.6460000276565552,0.7279999852180481
67.22805714607239,0.6299999952316284,0.6420000195503235,0.671999990940094,0.7020000219345093,0.6480000019073486,0.7319999933242798
67.2379219532013,0.6439999938011169,0.6399999856948853,0.6740000247955322,0.7020000219345093,0.6439999938011169,0.7279999852180481
67.24782204627991,0.6520000100135803,0.6399999856948853,0.6800000071525574,0.6980000138282776,0.6520000100135803,0.7239999771118164
67.25771069526672,0.6499999761581421,0.6399999856948853,0.6880000233650208,0.7160000205039978,0.6600000262260437,0.7179999947547913
67.26751351356506,0.6620000004768372,0.6399999856948853,0.7059999704360962,0.7319999933242798,0.7400000095367432,0.7160000205039978
67.27751803398132,0.6800000071525574,0.6380000114440918,0.7160000205039978,0.7440000176429749,0.7699999809265137,0.7120000123977661
67.2875816822052,0.6919999718666077,0.6380000114440918,0.7200000286102295,0.7620000243186951,0.7879999876022339,0.7120000123977661
67.2974636554718,0.7020000219345093,0.6399999856948853,0.7279999852180481,0.7940000295639038,0.8080000281333923,0.7120000123977661
67.30758857727051,0.7059999704360962,0.6399999856948853,0.7319999933242798,0.8159999847412109,0.8220000267028809,0.7139999866485596
67.31792044639587,0.7120000123977661,0.6420000195503235,0.7360000014305115,0.8299999833106995,0.8379999995231628,0.7139999866485596
67.32793283462524,0.7179999947547913,0.6420000195503235,0.7400000095367432,0.843999981880188,0.8519999980926514,0.7139999866485596
67.33741879463196,0.722000002861023,0.6420000195503235,0.7419999837875366,0.8500000238418579,0.8579999804496765,0.7120000123977661
67.34785604476929,0.7260000109672546,0.6420000195503235,0.7459999918937683,0.8579999804496765,0.8659999966621399,0.7120000123977661
67.35824251174927,0.7279999852180481,0.6420000195503235,0.7480000257492065,0.8619999885559082,0.8700000047683716,0.7120000123977661
67.36763882637024,0.7300000190734863,0.6439999938011169,0.7519999742507935,0.8640000224113464,0.8740000128746033,0.7099999785423279
67.37771916389465,0.7319999933242798,0.6439999938011169,0.7540000081062317,0.8640000224113464,0.8759999871253967,0.7080000042915344
67.38775992393494,0.7319999933242798,0.6439999938011169,0.7540000081062317,0.8640000224113464,0.8759999871253967,0.7080000042915344
67.39747452735901,0.7319999933242798,0.6439999938011169,0.7540000081062317,0.8619999885559082,0.8759999871253967,0.7059999704360962
67.40752172470093,0.7319999933242798,0.6439999938011169,0.7540000081062317,0.8600000143051147,0.8759999871253967,0.7059999704360962
67.41769480705261,0.734000027179718,0.6439999938011169,0.7540000081062317,0.8560000061988831,0.8740000128746033,0.7059999704360962
67.42739081382751,0.734000027179718,0.6439999938011169,0.7540000081062317,0.8519999980926514,0.871999979019165,0.7039999961853027
67.43962287902832,0.734000027179718,0.6439999938011169,0.7519999742507935,0.8479999899864197,0.871999979019165,0.7039999961853027
67.44754123687744,0.734000027179718,0.6439999938011169,0.7519999742507935,0.8420000076293945,0.8679999709129333,0.7020000219345093
67.45828080177307,0.734000027179718,0.6439999938011169,0.7519999742507935,0.8399999737739563,0.8659999966621399,0.699999988079071
67.46771740913391,0.734000027179718,0.6439999938011169,0.7519999742507935,0.8360000252723694,0.8640000224113464,0.6980000138282776
67.47759962081909,0.7360000014305115,0.6439999938011169,0.7519999742507935,0.8320000171661377,0.8619999885559082,0.6959999799728394
67.48750805854797,0.7360000014305115,0.6439999938011169,0.7519999742507935,0.8320000171661377,0.8600000143051147,0.6959999799728394
67.49754214286804,0.7379999756813049,0.6439999938011169,0.7519999742507935,0.8299999833106995,0.8560000061988831,0.6940000057220459
67.50747156143188,0.7379999756813049,0.6439999938011169,0.7540000081062317,0.8299999833106995,0.8539999723434448,0.6919999718666077
67.51750326156616,0.7400000095367432,0.6439999938011169,0.7540000081062317,0.8299999833106995,0.8519999980926514,0.6919999718666077
67.52758407592773,0.7419999837875366,0.6439999938011169,0.7559999823570251,0.8320000171661377,0.8519999980926514,0.6899999976158142
67.53759741783142,0.7440000176429749,0.6439999938011169,0.7559999823570251,0.8320000171661377,0.8500000238418579,0.6899999976158142
67.54752731323242,0.7459999918937683,0.6439999938011169,0.7580000162124634,0.8360000252723694,0.8500000238418579,0.6899999976158142
67.55813765525818,0.7459999918937683,0.6439999938011169,0.7599999904632568,0.8420000076293945,0.8519999980926514,0.6899999976158142
67.56798124313354,0.7459999918937683,0.6439999938011169,0.7599999904632568,0.843999981880188,0.8539999723434448,0.6899999976158142
67.57818174362183,0.7480000257492065,0.6439999938011169,0.7620000243186951,0.8479999899864197,0.8579999804496765,0.6919999718666077
67.58813524246216,0.7480000257492065,0.6439999938011169,0.7639999985694885,0.8519999980926514,0.8600000143051147,0.6919999718666077
67.59739017486572,0.75,0.6439999938011169,0.765999972820282,0.8579999804496765,0.8659999966621399,0.6940000057220459
67.6076066493988,0.75,0.6439999938011169,0.765999972820282,0.8619999885559082,0.8700000047683716,0.6940000057220459
67.61754631996155,0.7519999742507935,0.6439999938011169,0.7680000066757202,0.8659999966621399,0.8759999871253967,0.6959999799728394
67.62741374969482,0.7519999742507935,0.6439999938011169,0.7699999809265137,0.8700000047683716,0.8820000290870667,0.6959999799728394
67.63740277290344,0.7519999742507935,0.6439999938011169,0.7699999809265137,0.8740000128746033,0.8859999775886536,0.6959999799728394
67.6475715637207,0.7540000081062317,0.6439999938011169,0.7720000147819519,0.8759999871253967,0.8899999856948853,0.6959999799728394
67.65913248062134,0.7540000081062317,0.6439999938011169,0.7720000147819519,0.8799999952316284,0.8939999938011169,0.6959999799728394
67.66848921775818,0.7519999742507935,0.6439999938011169,0.7720000147819519,0.8820000290870667,0.8980000019073486,0.6959999799728394
67.6782066822052,0.7519999742507935,0.6439999938011169,0.7739999890327454,0.8859999775886536,0.9020000100135804,0.6959999799728394
67.6876950263977,0.7519999742507935,0.6439999938011169,0.7739999890327454,0.8899999856948853,0.906000018119812,0.6940000057220459
67.69751381874084,0.75,0.6460000276565552,0.7739999890327454,0.8920000195503235,0.9100000262260436,0.6940000057220459
67.70752763748169,0.75,0.6460000276565552,0.7739999890327454,0.8980000019073486,0.9160000085830688,0.6919999718666077
67.71764254570007,0.75,0.6460000276565552,0.7760000228881836,0.9039999842643738,0.9200000166893004,0.6899999976158142
67.72749781608582,0.7480000257492065,0.6460000276565552,0.7760000228881836,0.9120000004768372,0.9259999990463256,0.6840000152587891
67.73756623268127,0.7480000257492065,0.6480000019073486,0.7760000228881836,0.9200000166893004,0.9319999814033508,0.6819999814033508
67.74735617637634,0.7480000257492065,0.6499999761581421,0.777999997138977,0.9279999732971193,0.9359999895095824,0.6800000071525574
67.7574553489685,0.7480000257492065,0.6520000100135803,0.777999997138977,0.9359999895095824,0.9399999976158142,0.6779999732971191
67.76918292045593,0.7480000257492065,0.6520000100135803,0.777999997138977,0.9399999976158142,0.944000005722046,0.6740000247955322
67.77745723724365,0.7480000257492065,0.6539999842643738,0.7799999713897705,0.9480000138282776,0.9480000138282776,0.671999990940094
67.78746747970581,0.7459999918937683,0.6539999842643738,0.7799999713897705,0.9539999961853028,0.9520000219345092,0.6679999828338623
67.79746890068054,0.7459999918937683,0.6539999842643738,0.7799999713897705,0.9580000042915344,0.9559999704360962,0.6660000085830688
67.80753993988037,0.7459999918937683,0.656000018119812,0.7820000052452087,0.9660000205039978,0.959999978542328,0.6620000004768372
67.81747126579285,0.7459999918937683,0.656000018119812,0.7820000052452087,0.972000002861023,0.962000012397766,0.6600000262260437
67.82752227783203,0.7459999918937683,0.656000018119812,0.7820000052452087,0.977999985218048,0.9639999866485596,0.656000018119812
67.83740949630737,0.7459999918937683,0.656000018119812,0.7839999794960022,0.9860000014305116,0.9679999947547911,0.656000018119812
67.8474977016449,0.7459999918937683,0.6579999923706055,0.7839999794960022,0.9900000095367432,0.9679999947547911,0.6539999842643738
67.85749983787537,0.7440000176429749,0.6579999923706055,0.7839999794960022,0.9959999918937684,0.9700000286102296,0.6520000100135803
67.86748790740967,0.7440000176429749,0.6579999923706055,0.7839999794960022,1.0019999742507937,0.972000002861023,0.6520000100135803
67.87909603118896,0.7419999837875366,0.656000018119812,0.7839999794960022,1.0099999904632568,0.9739999771118164,0.6520000100135803
67.88773584365845,0.7400000095367432,0.6579999923706055,0.7839999794960022,1.0199999809265137,0.9760000109672546,0.6520000100135803
67.89749765396118,0.7360000014305115,0.6700000166893005,0.7839999794960022,1.0260000228881836,0.9760000109672546,0.6539999842643738
67.90747308731079,0.7300000190734863,0.6759999990463257,0.7820000052452087,1.034000039100647,0.977999985218048,0.6539999842643738
67.91737222671509,0.7260000109672546,0.6840000152587891,0.7799999713897705,1.0440000295639038,0.977999985218048,0.6539999842643738
67.9274480342865,0.722000002861023,0.6899999976158142,0.777999997138977,1.0499999523162842,0.977999985218048,0.6539999842643738
67.93740797042847,0.7099999785423279,0.6959999799728394,0.7720000147819519,1.055999994277954,0.9760000109672546,0.6539999842643738
67.94754028320312,0.699999988079071,0.699999988079071,0.7680000066757202,1.062000036239624,0.9760000109672546,0.6520000100135803
67.95748853683472,0.6840000152587891,0.7059999704360962,0.7559999823570251,1.0700000524520874,0.9739999771118164,0.6520000100135803
67.96765112876892,0.6660000085830688,0.7099999785423279,0.7419999837875366,1.0759999752044678,0.9700000286102296,0.6520000100135803
67.97763419151306,0.6579999923706055,0.7120000123977661,0.7279999852180481,1.0779999494552612,0.9639999866485596,0.6520000100135803
67.98788213729858,0.6480000019073486,0.7160000205039978,0.7099999785423279,1.0820000171661377,0.9279999732971193,0.6520000100135803
67.99758791923523,0.6460000276565552,0.722000002861023,0.6980000138282776,1.0839999914169312,0.8640000224113464,0.6499999761581421
68.0077850818634,0.6439999938011169,0.7260000109672546,0.6859999895095825,1.0839999914169312,0.8019999861717224,0.6499999761581421
68.01759362220764,0.6399999856948853,0.7260000109672546,0.6800000071525574,1.0859999656677246,0.777999997138977,0.6499999761581421
68.02764248847961,0.6380000114440918,0.7239999771118164,0.6759999990463257,1.0859999656677246,0.7720000147819519,0.6499999761581421
68.03744792938232,0.6359999775886536,0.6959999799728394,0.6679999828338623,1.0800000429153442,0.7720000147819519,0.6499999761581421
68.04734468460083,0.6340000033378601,0.6600000262260437,0.6620000004768372,1.0700000524520874,0.7680000066757202,0.6499999761581421
68.057537317276,0.6359999775886536,0.6579999923706055,0.656000018119812,1.055999994277954,0.7599999904632568,0.6499999761581421
68.06748723983765,0.6399999856948853,0.6539999842643738,0.6380000114440918,1.02400004863739,0.7360000014305115,0.6520000100135803
68.07769012451172,0.6439999938011169,0.6499999761581421,0.6299999952316284,0.9940000176429749,0.7200000286102295,0.6520000100135803
68.087406873703,0.6380000114440918,0.6460000276565552,0.628000020980835,0.9539999961853028,0.722000002861023,0.6539999842643738
68.09746193885803,0.628000020980835,0.6420000195503235,0.628000020980835,0.8960000276565552,0.7139999866485596,0.6539999842643738
68.10746002197266,0.628000020980835,0.6420000195503235,0.6320000290870667,0.8040000200271606,0.7120000123977661,0.656000018119812
68.11758422851562,0.628000020980835,0.6420000195503235,0.6320000290870667,0.7260000109672546,0.6859999895095825,0.656000018119812
68.12793111801147,0.6299999952316284,0.6420000195503235,0.6340000033378601,0.7120000123977661,0.6700000166893005,0.6579999923706055
68.1374192237854,0.6299999952316284,0.6420000195503235,0.6359999775886536,0.722000002861023,0.6579999923706055,0.6679999828338623
68.14755392074585,0.6299999952316284,0.6420000195503235,0.6340000033378601,0.7419999837875366,0.6639999747276306,0.6579999923706055
68.15847969055176,0.6299999952316284,0.6420000195503235,0.6340000033378601,0.7559999823570251,0.6740000247955322,0.6579999923706055
68.16753482818604,0.6299999952316284,0.6420000195503235,0.6320000290870667,0.7580000162124634,0.6800000071525574,0.6579999923706055
68.1780948638916,0.6299999952316284,0.6420000195503235,0.6320000290870667,0.7580000162124634,0.6800000071525574,0.6579999923706055
68.1874029636383,0.6299999952316284,0.6420000195503235,0.6320000290870667,0.7559999823570251,0.6779999732971191,0.6579999923706055
68.19738292694092,0.6299999952316284,0.6420000195503235,0.6320000290870667,0.7540000081062317,0.6759999990463257,0.6579999923706055
68.20734024047852,0.6299999952316284,0.6420000195503235,0.6320000290870667,0.7540000081062317,0.6759999990463257,0.6579999923706055
68.21770644187927,0.6299999952316284,0.6420000195503235,0.6299999952316284,0.7540000081062317,0.6779999732971191,0.6600000262260437
68.22783303260803,0.6299999952316284,0.6420000195503235,0.6299999952316284,0.7540000081062317,0.6779999732971191,0.6579999923706055
68.23741054534912,0.6299999952316284,0.6420000195503235,0.6299999952316284,0.7540000081062317,0.6779999732971191,0.6600000262260437
68.24742650985718,0.6299999952316284,0.6420000195503235,0.6320000290870667,0.7519999742507935,0.6779999732971191,0.6579999923706055
68.25764656066895,0.6320000290870667,0.6420000195503235,0.6320000290870667,0.7519999742507935,0.6759999990463257,0.6600000262260437
68.26757740974426,0.6299999952316284,0.6420000195503235,0.6320000290870667,0.75,0.6759999990463257,0.6600000262260437
68.27769112586975,0.6320000290870667,0.6420000195503235,0.6320000290870667,0.75,0.6759999990463257,0.6600000262260437
68.28747200965881,0.6299999952316284,0.6420000195503235,0.6320000290870667,0.7480000257492065,0.6759999990463257,0.6600000262260437
68.2975594997406,0.6299999952316284,0.6420000195503235,0.6320000290870667,0.7480000257492065,0.6759999990463257,0.6600000262260437
68.30764174461365,0.6299999952316284,0.6420000195503235,0.6320000290870667,0.7459999918937683,0.6759999990463257,0.6600000262260437
68.31746792793274,0.6299999952316284,0.6420000195503235,0.6320000290870667,0.7440000176429749,0.6759999990463257,0.6600000262260437
68.3278558254242,0.6299999952316284,0.6420000195503235,0.6320000290870667,0.7419999837875366,0.6759999990463257,0.6600000262260437
68.33782577514648,0.6299999952316284,0.6420000195503235,0.6320000290870667,0.7400000095367432,0.6759999990463257,0.6600000262260437
68.34769892692566,0.6299999952316284,0.6420000195503235,0.6320000290870667,0.7400000095367432,0.6759999990463257,0.6600000262260437
68.35768151283264,0.6299999952316284,0.6420000195503235,0.6320000290870667,0.7379999756813049,0.6759999990463257,0.6600000262260437
68.36741352081299,0.6320000290870667,0.6420000195503235,0.6320000290870667,0.7360000014305115,0.6759999990463257,0.6600000262260437
68.37735414505005,0.6320000290870667,0.6420000195503235,0.6320000290870667,0.7360000014305115,0.6759999990463257,0.6600000262260437
68.38774561882019,0.6320000290870667,0.6420000195503235,0.6320000290870667,0.7360000014305115,0.6759999990463257,0.6600000262260437
68.39751172065735,0.6320000290870667,0.6420000195503235,0.6340000033378601,0.734000027179718,0.671999990940094,0.6600000262260437
68.40773487091064,0.6320000290870667,0.6420000195503235,0.6340000033378601,0.734000027179718,0.6679999828338623,0.6600000262260437
68.41752910614014,0.6320000290870667,0.6420000195503235,0.6340000033378601,0.7319999933242798,0.6700000166893005,0.6600000262260437
68.42744612693787,0.6320000290870667,0.6420000195503235,0.6320000290870667,0.7319999933242798,0.671999990940094,0.6600000262260437
68.43945741653442,0.6320000290870667,0.6420000195503235,0.6320000290870667,0.7300000190734863,0.6740000247955322,0.6600000262260437
68.44774603843689,0.6320000290870667,0.6420000195503235,0.6340000033378601,0.7300000190734863,0.6660000085830688,0.6579999923706055
68.45751929283142,0.6320000290870667,0.6420000195503235,0.6420000195503235,0.7279999852180481,0.656000018119812,0.6740000247955322
68.467613697052,0.6340000033378601,0.6420000195503235,0.6460000276565552,0.7239999771118164,0.6520000100135803,0.6859999895095825
68.47744274139404,0.6380000114440918,0.6420000195503235,0.6499999761581421,0.7179999947547913,0.6480000019073486,0.7120000123977661
68.48744654655457,0.6420000195503235,0.6420000195503235,0.6539999842643738,0.7080000042915344,0.6439999938011169,0.7200000286102295
68.49752616882324,0.628000020980835,0.6420000195503235,0.6700000166893005,0.6980000138282776,0.6480000019073486,0.7300000190734863
68.50787162780762,0.6420000195503235,0.6399999856948853,0.6800000071525574,0.6980000138282776,0.6380000114440918,0.7279999852180481
68.51742339134216,0.6579999923706055,0.6420000195503235,0.6859999895095825,0.6919999718666077,0.6439999938011169,0.7260000109672546
68.52758574485779,0.6620000004768372,0.6420000195503235,0.6980000138282776,0.7260000109672546,0.6499999761581421,0.7160000205039978
68.53751182556152,0.6700000166893005,0.6420000195503235,0.7099999785423279,0.7319999933242798,0.7179999947547913,0.7120000123977661
68.5474693775177,0.6919999718666077,0.6420000195503235,0.722000002861023,0.7480000257492065,0.7620000243186951,0.7099999785423279
68.55879354476929,0.7080000042915344,0.6399999856948853,0.7300000190734863,0.8040000200271606,0.7960000038146973,0.7059999704360962
68.56756925582886,0.7139999866485596,0.6399999856948853,0.7360000014305115,0.8259999752044678,0.8180000185966492,0.7039999961853027
68.57765078544617,0.7200000286102295,0.6420000195503235,0.7419999837875366,0.8460000157356262,0.8460000157356262,0.7039999961853027
68.58754086494446,0.7239999771118164,0.6420000195503235,0.7459999918937683,0.8579999804496765,0.8619999885559082,0.7039999961853027
68.5977041721344,0.7279999852180481,0.6439999938011169,0.7519999742507935,0.8700000047683716,0.8740000128746033,0.7020000219345093
68.6077229976654,0.7300000190734863,0.6460000276565552,0.7559999823570251,0.8799999952316284,0.8820000290870667,0.6959999799728394
68.6174488067627,0.7319999933242798,0.6460000276565552,0.7580000162124634,0.8840000033378601,0.8880000114440918,0.6940000057220459
68.62756872177124,0.7319999933242798,0.6460000276565552,0.7599999904632568,0.8859999775886536,0.8920000195503235,0.6940000057220459
68.63876628875732,0.734000027179718,0.6480000019073486,0.7599999904632568,0.8880000114440918,0.8939999938011169,0.6919999718666077
68.64761805534363,0.734000027179718,0.6480000019073486,0.7620000243186951,0.8880000114440918,0.8960000276565552,0.6899999976158142
68.65736150741577,0.7360000014305115,0.6480000019073486,0.7620000243186951,0.8880000114440918,0.8960000276565552,0.6880000233650208
68.66776943206787,0.7360000014305115,0.6480000019073486,0.7620000243186951,0.8880000114440918,0.8960000276565552,0.6859999895095825
68.67776942253113,0.7379999756813049,0.6480000019073486,0.7620000243186951,0.8859999775886536,0.8960000276565552,0.6840000152587891
68.68756580352783,0.7379999756813049,0.6480000019073486,0.7620000243186951,0.8840000033378601,0.8939999938011169,0.6819999814033508
68.6974241733551,0.7379999756813049,0.6480000019073486,0.7620000243186951,0.8820000290870667,0.8920000195503235,0.6819999814033508
68.7075834274292,0.7379999756813049,0.6480000019073486,0.7620000243186951,0.8799999952316284,0.8899999856948853,0.6800000071525574
68.71759581565857,0.7379999756813049,0.6480000019073486,0.7620000243186951,0.8799999952316284,0.8899999856948853,0.6779999732971191
68.727454662323,0.7379999756813049,0.6480000019073486,0.7620000243186951,0.878000020980835,0.8899999856948853,0.6779999732971191
68.737478017807,0.7379999756813049,0.6480000019073486,0.7620000243186951,0.8759999871253967,0.8899999856948853,0.6779999732971191
68.74816179275513,0.7379999756813049,0.6480000019073486,0.7620000243186951,0.8759999871253967,0.8899999856948853,0.6779999732971191
68.75763154029846,0.7400000095367432,0.6460000276565552,0.7620000243186951,0.8759999871253967,0.8899999856948853,0.6779999732971191
68.76779389381409,0.7400000095367432,0.6480000019073486,0.7620000243186951,0.8759999871253967,0.8899999856948853,0.6779999732971191
68.77782726287842,0.7400000095367432,0.6460000276565552,0.7620000243186951,0.8759999871253967,0.8920000195503235,0.6779999732971191
68.78762674331665,0.7400000095367432,0.6480000019073486,0.7620000243186951,0.8759999871253967,0.8920000195503235,0.6800000071525574
68.79738068580627,0.7400000095367432,0.6460000276565552,0.7620000243186951,0.878000020980835,0.8939999938011169,0.6819999814033508
68.80777668952942,0.7400000095367432,0.6460000276565552,0.7639999985694885,0.8820000290870667,0.8960000276565552,0.6840000152587891
68.81746315956116,0.7400000095367432,0.6460000276565552,0.7639999985694885,0.8840000033378601,0.8980000019073486,0.6840000152587891
68.8274393081665,0.7419999837875366,0.6460000276565552,0.765999972820282,0.8859999775886536,0.8999999761581421,0.6859999895095825
68.83746218681335,0.7419999837875366,0.6460000276565552,0.765999972820282,0.8899999856948853,0.9039999842643738,0.6880000233650208
68.84895491600037,0.7419999837875366,0.6460000276565552,0.7680000066757202,0.8920000195503235,0.9079999923706056,0.6880000233650208
68.85754084587097,0.7419999837875366,0.6480000019073486,0.7680000066757202,0.8960000276565552,0.9120000004768372,0.6880000233650208
68.86964082717896,0.7419999837875366,0.6480000019073486,0.7699999809265137,0.8999999761581421,0.9179999828338624,0.6899999976158142
68.87753224372864,0.7419999837875366,0.6480000019073486,0.7699999809265137,0.9020000100135804,0.921999990940094,0.6899999976158142
68.88754200935364,0.7419999837875366,0.6480000019073486,0.7699999809265137,0.906000018119812,0.9259999990463256,0.6899999976158142
68.89761543273926,0.7419999837875366,0.6480000019073486,0.7699999809265137,0.9079999923706056,0.9279999732971193,0.6899999976158142
68.90833401679993,0.7419999837875366,0.6480000019073486,0.7720000147819519,0.9139999747276306,0.9319999814033508,0.6899999976158142
68.91756939888,0.7419999837875366,0.6499999761581421,0.7720000147819519,0.9160000085830688,0.9340000152587892,0.6899999976158142
68.92757630348206,0.7419999837875366,0.6499999761581421,0.7720000147819519,0.9200000166893004,0.9359999895095824,0.6880000233650208
68.93740963935852,0.7400000095367432,0.6499999761581421,0.7720000147819519,0.9240000247955322,0.9380000233650208,0.6880000233650208
68.94747996330261,0.7400000095367432,0.6499999761581421,0.7720000147819519,0.9279999732971193,0.9399999976158142,0.6859999895095825
68.95746636390686,0.7400000095367432,0.6499999761581421,0.7720000147819519,0.9319999814033508,0.944000005722046,0.6819999814033508
68.96732807159424,0.7379999756813049,0.6520000100135803,0.7739999890327454,0.9380000233650208,0.9480000138282776,0.6800000071525574
68.9775550365448,0.7379999756813049,0.6520000100135803,0.7739999890327454,0.9419999718666076,0.949999988079071,0.6779999732971191
68.9882402420044,0.7360000014305115,0.6520000100135803,0.7760000228881836,0.9480000138282776,0.9539999961853028,0.6740000247955322
68.99750328063965,0.7360000014305115,0.6520000100135803,0.7760000228881836,0.9539999961853028,0.9580000042915344,0.6700000166893005
69.00746941566467,0.7360000014305115,0.6520000100135803,0.7760000228881836,0.959999978542328,0.959999978542328,0.6679999828338623
69.01771259307861,0.734000027179718,0.6539999842643738,0.777999997138977,0.9660000205039978,0.962000012397766,0.6639999747276306
69.0285496711731,0.734000027179718,0.656000018119812,0.777999997138977,0.9700000286102296,0.9639999866485596,0.6600000262260437
69.03743100166321,0.7319999933242798,0.6579999923706055,0.777999997138977,0.977999985218048,0.9660000205039978,0.656000018119812
69.04750275611877,0.7319999933242798,0.6620000004768372,0.777999997138977,0.984000027179718,0.9679999947547911,0.656000018119812
69.05743741989136,0.7300000190734863,0.6660000085830688,0.777999997138977,0.9900000095367432,0.9700000286102296,0.6539999842643738
69.06739282608032,0.7279999852180481,0.671999990940094,0.7799999713897705,0.9959999918937684,0.9700000286102296,0.6539999842643738
69.07781481742859,0.7260000109672546,0.6740000247955322,0.7799999713897705,1.0,0.972000002861023,0.6539999842643738
69.08754444122314,0.7239999771118164,0.6819999814033508,0.7799999713897705,1.0099999904632568,0.972000002861023,0.6539999842643738
69.09747123718262,0.7200000286102295,0.6880000233650208,0.777999997138977,1.0199999809265137,0.9739999771118164,0.6539999842643738
69.10738515853882,0.7160000205039978,0.6919999718666077,0.777999997138977,1.0260000228881836,0.9739999771118164,0.6539999842643738
69.11751770973206,0.7120000123977661,0.6980000138282776,0.7760000228881836,1.031999945640564,0.9739999771118164,0.656000018119812
69.12753677368164,0.7059999704360962,0.7020000219345093,0.7720000147819519,1.037999987602234,0.9739999771118164,0.656000018119812
69.1417019367218,0.6919999718666077,0.7080000042915344,0.765999972820282,1.0440000295639038,0.9739999771118164,0.656000018119812
69.14744997024536,0.6840000152587891,0.7120000123977661,0.7580000162124634,1.0499999523162842,0.972000002861023,0.656000018119812
69.1575698852539,0.6740000247955322,0.7160000205039978,0.75,1.0540000200271606,0.9700000286102296,0.656000018119812
69.16756176948547,0.6620000004768372,0.7200000286102295,0.734000027179718,1.059999942779541,0.9660000205039978,0.656000018119812
69.17760992050171,0.6539999842643738,0.7239999771118164,0.7200000286102295,1.0640000104904177,0.962000012397766,0.656000018119812
69.18740153312683,0.6480000019073486,0.7279999852180481,0.7039999961853027,1.0679999589920044,0.9539999961853028,0.656000018119812
69.19752764701843,0.6439999938011169,0.7319999933242798,0.6959999799728394,1.0720000267028809,0.9079999923706056,0.6539999842643738
69.20761156082153,0.6399999856948853,0.734000027179718,0.6859999895095825,1.0720000267028809,0.8539999723434448,0.6539999842643738
69.2174174785614,0.6380000114440918,0.7360000014305115,0.6779999732971191,1.0740000009536743,0.7979999780654907,0.6539999842643738
69.22758650779724,0.6340000033378601,0.7360000014305115,0.6700000166893005,1.0740000009536743,0.7799999713897705,0.6539999842643738
69.23840689659119,0.6340000033378601,0.7319999933242798,0.6660000085830688,1.0720000267028809,0.777999997138977,0.6520000100135803
69.24753212928772,0.6320000290870667,0.7099999785423279,0.6620000004768372,1.0679999589920044,0.7720000147819519,0.6520000100135803
69.25900840759277,0.6320000290870667,0.6880000233650208,0.6579999923706055,1.062000036239624,0.765999972820282,0.6520000100135803
69.26789808273315,0.6359999775886536,0.6639999747276306,0.6399999856948853,1.0399999618530271,0.7419999837875366,0.6520000100135803
69.27755808830261,0.6439999938011169,0.6600000262260437,0.628000020980835,1.00600004196167,0.7300000190734863,0.6539999842643738
69.28821563720703,0.6399999856948853,0.6579999923706055,0.628000020980835,0.9739999771118164,0.7200000286102295,0.6539999842643738
69.29752922058105,0.628000020980835,0.6539999842643738,0.6259999871253967,0.9259999990463256,0.7020000219345093,0.656000018119812
69.30745124816895,0.628000020980835,0.6499999761581421,0.6259999871253967,0.8880000114440918,0.6959999799728394,0.656000018119812
69.31747126579285,0.6259999871253967,0.6460000276565552,0.6299999952316284,0.7720000147819519,0.6959999799728394,0.656000018119812
69.3273184299469,0.6259999871253967,0.6420000195503235,0.6299999952316284,0.722000002861023,0.6819999814033508,0.656000018119812
69.33739566802979,0.628000020980835,0.6439999938011169,0.6299999952316284,0.722000002861023,0.6660000085830688,0.6639999747276306
69.34779047966003,0.628000020980835,0.6439999938011169,0.6299999952316284,0.7360000014305115,0.6679999828338623,0.6600000262260437
69.3579969406128,0.628000020980835,0.6439999938011169,0.6299999952316284,0.7620000243186951,0.6819999814033508,0.6579999923706055
69.36762356758118,0.628000020980835,0.6439999938011169,0.6299999952316284,0.765999972820282,0.6859999895095825,0.6579999923706055
69.3778350353241,0.628000020980835,0.6439999938011169,0.6299999952316284,0.7639999985694885,0.6859999895095825,0.6579999923706055
69.38942551612854,0.628000020980835,0.6439999938011169,0.6299999952316284,0.7599999904632568,0.6859999895095825,0.6600000262260437
69.39825057983398,0.628000020980835,0.6439999938011169,0.6299999952316284,0.7580000162124634,0.6840000152587891,0.6600000262260437
69.40823721885681,0.628000020980835,0.6439999938011169,0.628000020980835,0.7580000162124634,0.6840000152587891,0.6600000262260437
69.41793155670166,0.6299999952316284,0.6439999938011169,0.628000020980835,0.7580000162124634,0.6840000152587891,0.6600000262260437
69.4279215335846,0.628000020980835,0.6439999938011169,0.628000020980835,0.7599999904632568,0.6859999895095825,0.6600000262260437
69.4384253025055,0.6299999952316284,0.6439999938011169,0.628000020980835,0.7599999904632568,0.6859999895095825,0.6600000262260437
69.44814610481262,0.6299999952316284,0.6439999938011169,0.628000020980835,0.7599999904632568,0.6859999895095825,0.6600000262260437
69.45832371711731,0.6299999952316284,0.6439999938011169,0.628000020980835,0.7580000162124634,0.6859999895095825,0.6600000262260437
69.4679365158081,0.6299999952316284,0.6439999938011169,0.628000020980835,0.7559999823570251,0.6859999895095825,0.6600000262260437
69.47783493995667,0.6299999952316284,0.6439999938011169,0.628000020980835,0.7540000081062317,0.6859999895095825,0.6600000262260437
69.487295627594,0.628000020980835,0.6439999938011169,0.628000020980835,0.7519999742507935,0.6840000152587891,0.6600000262260437
69.49727940559387,0.6299999952316284,0.6439999938011169,0.628000020980835,0.7519999742507935,0.6840000152587891,0.6600000262260437
69.50730204582214,0.6299999952316284,0.6420000195503235,0.628000020980835,0.75,0.6840000152587891,0.6600000262260437
69.51728415489197,0.6299999952316284,0.6420000195503235,0.628000020980835,0.75,0.6840000152587891,0.6600000262260437
69.52735424041748,0.6299999952316284,0.6439999938011169,0.628000020980835,0.7480000257492065,0.6840000152587891,0.6600000262260437
69.53754544258118,0.6299999952316284,0.6439999938011169,0.628000020980835,0.7440000176429749,0.6840000152587891,0.6600000262260437
69.54722476005554,0.6299999952316284,0.6439999938011169,0.628000020980835,0.7419999837875366,0.6840000152587891,0.6600000262260437
69.55750107765198,0.628000020980835,0.6439999938011169,0.628000020980835,0.7400000095367432,0.6800000071525574,0.6600000262260437
69.56728339195251,0.6299999952316284,0.6439999938011169,0.628000020980835,0.7400000095367432,0.6800000071525574,0.6600000262260437
69.57722282409668,0.6299999952316284,0.6439999938011169,0.628000020980835,0.7379999756813049,0.6800000071525574,0.6600000262260437
69.58720469474792,0.6299999952316284,0.6439999938011169,0.6299999952316284,0.7379999756813049,0.6800000071525574,0.6600000262260437
69.5973334312439,0.6299999952316284,0.6439999938011169,0.6299999952316284,0.7379999756813049,0.6819999814033508,0.6600000262260437
69.60734581947327,0.6299999952316284,0.6439999938011169,0.6299999952316284,0.7379999756813049,0.6840000152587891,0.6600000262260437
69.61759328842163,0.6299999952316284,0.6439999938011169,0.6299999952316284,0.7400000095367432,0.6840000152587891,0.6600000262260437
69.62771344184875,0.6299999952316284,0.6439999938011169,0.6320000290870667,0.7400000095367432,0.6859999895095825,0.6600000262260437
69.63895153999329,0.6299999952316284,0.6439999938011169,0.6320000290870667,0.7400000095367432,0.6859999895095825,0.6600000262260437
69.6478660106659,0.6299999952316284,0.6439999938011169,0.6320000290870667,0.7400000095367432,0.6840000152587891,0.6600000262260437
69.65858864784241,0.6299999952316284,0.6439999938011169,0.6399999856948853,0.7360000014305115,0.6579999923706055,0.671999990940094
69.66799116134644,0.6320000290870667,0.6439999938011169,0.6460000276565552,0.7319999933242798,0.6539999842643738,0.6880000233650208
69.67855858802795,0.6359999775886536,0.6439999938011169,0.6520000100135803,0.7239999771118164,0.6480000019073486,0.7179999947547913
69.69135093688965,0.6380000114440918,0.6420000195503235,0.6539999842643738,0.7080000042915344,0.6439999938011169,0.7200000286102295
69.69820761680603,0.6320000290870667,0.6399999856948853,0.6660000085830688,0.6959999799728394,0.6420000195503235,0.7300000190734863
69.70842742919922,0.6359999775886536,0.6380000114440918,0.6819999814033508,0.6959999799728394,0.6380000114440918,0.7300000190734863
69.71790623664856,0.6600000262260437,0.6399999856948853,0.6859999895095825,0.6919999718666077,0.6380000114440918,0.7239999771118164
69.72786116600037,0.671999990940094,0.6399999856948853,0.699999988079071,0.7179999947547913,0.6420000195503235,0.7120000123977661
69.73799896240234,0.6840000152587891,0.6399999856948853,0.7160000205039978,0.7300000190734863,0.6959999799728394,0.7039999961853027
69.74802446365356,0.6980000138282776,0.6380000114440918,0.722000002861023,0.7419999837875366,0.7200000286102295,0.6980000138282776
69.75790739059448,0.7099999785423279,0.6380000114440918,0.7279999852180481,0.7699999809265137,0.7559999823570251,0.6959999799728394
69.76809334754944,0.7179999947547913,0.6399999856948853,0.734000027179718,0.8119999766349792,0.7839999794960022,0.6959999799728394
69.77810716629028,0.722000002861023,0.6420000195503235,0.7379999756813049,0.8259999752044678,0.8040000200271606,0.6940000057220459
69.78808832168579,0.7260000109672546,0.6420000195503235,0.7419999837875366,0.8399999737739563,0.8159999847412109,0.6940000057220459
69.79805016517639,0.7279999852180481,0.6420000195503235,0.7440000176429749,0.843999981880188,0.8240000009536743,0.6919999718666077
69.80806374549866,0.7300000190734863,0.6420000195503235,0.7480000257492065,0.8479999899864197,0.8299999833106995,0.6899999976158142
69.81834030151367,0.734000027179718,0.6420000195503235,0.75,0.8539999723434448,0.8360000252723694,0.6899999976158142
69.82771253585815,0.7360000014305115,0.6420000195503235,0.7519999742507935,0.8539999723434448,0.8379999995231628,0.6880000233650208
69.83735942840576,0.7360000014305115,0.6420000195503235,0.7540000081062317,0.8539999723434448,0.8379999995231628,0.6859999895095825
69.8473858833313,0.7379999756813049,0.6420000195503235,0.7540000081062317,0.8539999723434448,0.8360000252723694,0.6840000152587891
69.85730695724487,0.7379999756813049,0.6420000195503235,0.7540000081062317,0.8539999723434448,0.8339999914169312,0.6819999814033508
69.86731815338135,0.7400000095367432,0.6420000195503235,0.7540000081062317,0.8539999723434448,0.8320000171661377,0.6819999814033508
69.8773832321167,0.7400000095367432,0.6420000195503235,0.7559999823570251,0.8519999980926514,0.8299999833106995,0.6819999814033508
69.88762736320496,0.7419999837875366,0.6420000195503235,0.7559999823570251,0.8519999980926514,0.828000009059906,0.6800000071525574
69.8975932598114,0.7440000176429749,0.6439999938011169,0.7559999823570251,0.8519999980926514,0.828000009059906,0.6800000071525574
69.90742802619934,0.7440000176429749,0.6439999938011169,0.7559999823570251,0.8519999980926514,0.8259999752044678,0.6800000071525574
69.91739130020142,0.7459999918937683,0.6439999938011169,0.7580000162124634,0.8519999980926514,0.8259999752044678,0.6800000071525574
69.92724990844727,0.7480000257492065,0.6439999938011169,0.7580000162124634,0.8519999980926514,0.8240000009536743,0.6800000071525574
69.938068151474,0.7480000257492065,0.6439999938011169,0.7580000162124634,0.8500000238418579,0.8240000009536743,0.6800000071525574
69.94721341133118,0.75,0.6439999938011169,0.7599999904632568,0.8519999980926514,0.8240000009536743,0.6779999732971191
69.95730066299438,0.75,0.6439999938011169,0.7599999904632568,0.8519999980926514,0.8240000009536743,0.6779999732971191
69.96741247177124,0.7519999742507935,0.6439999938011169,0.7620000243186951,0.8519999980926514,0.8240000009536743,0.6779999732971191
69.97771263122559,0.7519999742507935,0.6439999938011169,0.7639999985694885,0.8519999980926514,0.8240000009536743,0.6800000071525574
69.98840165138245,0.7540000081062317,0.6439999938011169,0.7639999985694885,0.8539999723434448,0.8259999752044678,0.6800000071525574
69.997478723526,0.7559999823570251,0.6439999938011169,0.765999972820282,0.8539999723434448,0.828000009059906,0.6800000071525574
70.00748205184937,0.7559999823570251,0.6439999938011169,0.765999972820282,0.8560000061988831,0.828000009059906,0.6800000071525574
70.01748013496399,0.7559999823570251,0.6439999938011169,0.765999972820282,0.8579999804496765,0.8320000171661377,0.6800000071525574
70.02761793136597,0.7559999823570251,0.6439999938011169,0.7680000066757202,0.8600000143051147,0.8339999914169312,0.6819999814033508
70.03739356994629,0.7559999823570251,0.6439999938011169,0.7680000066757202,0.8619999885559082,0.8379999995231628,0.6819999814033508
70.04736542701721,0.7580000162124634,0.6439999938011169,0.7699999809265137,0.8640000224113464,0.8420000076293945,0.6819999814033508
70.05749320983887,0.7580000162124634,0.6439999938011169,0.7699999809265137,0.8640000224113464,0.843999981880188,0.6819999814033508
70.06753277778625,0.7580000162124634,0.6439999938011169,0.7699999809265137,0.8640000224113464,0.8460000157356262,0.6840000152587891
70.07746243476868,0.7580000162124634,0.6439999938011169,0.7699999809265137,0.8640000224113464,0.8479999899864197,0.6840000152587891
70.0880856513977,0.7580000162124634,0.6439999938011169,0.7699999809265137,0.8640000224113464,0.8479999899864197,0.6859999895095825
70.09741950035095,0.7580000162124634,0.6439999938011169,0.7699999809265137,0.8640000224113464,0.8479999899864197,0.6880000233650208
70.10735368728638,0.7580000162124634,0.6439999938011169,0.7699999809265137,0.8640000224113464,0.8500000238418579,0.6880000233650208
70.11793255805969,0.7559999823570251,0.6439999938011169,0.7699999809265137,0.8659999966621399,0.8519999980926514,0.6880000233650208
70.12775611877441,0.7559999823570251,0.6439999938011169,0.7699999809265137,0.8679999709129333,0.8539999723434448,0.6899999976158142
70.13752245903015,0.7559999823570251,0.6439999938011169,0.7720000147819519,0.871999979019165,0.8579999804496765,0.6899999976158142
70.14744567871094,0.7540000081062317,0.6439999938011169,0.7720000147819519,0.8759999871253967,0.8640000224113464,0.6899999976158142
70.15751051902771,0.7540000081062317,0.6439999938011169,0.7720000147819519,0.878000020980835,0.8700000047683716,0.6919999718666077
70.16753721237183,0.7540000081062317,0.6460000276565552,0.7720000147819519,0.8820000290870667,0.8759999871253967,0.6919999718666077
70.17741847038269,0.7540000081062317,0.6460000276565552,0.7739999890327454,0.8859999775886536,0.8799999952316284,0.6919999718666077
70.1873710155487,0.7540000081062317,0.6460000276565552,0.7739999890327454,0.8920000195503235,0.8859999775886536,0.6899999976158142
70.19754672050476,0.7519999742507935,0.6460000276565552,0.7739999890327454,0.8960000276565552,0.8899999856948853,0.6880000233650208
70.2075023651123,0.7519999742507935,0.6460000276565552,0.7739999890327454,0.9020000100135804,0.8920000195503235,0.6859999895095825
70.21760201454163,0.7519999742507935,0.6480000019073486,0.7760000228881836,0.9079999923706056,0.8960000276565552,0.6840000152587891
70.22795581817627,0.7519999742507935,0.6499999761581421,0.7760000228881836,0.9139999747276306,0.9020000100135804,0.6819999814033508
70.23853588104248,0.7519999742507935,0.6499999761581421,0.777999997138977,0.9200000166893004,0.906000018119812,0.6800000071525574
70.24760580062866,0.7519999742507935,0.6499999761581421,0.777999997138977,0.9279999732971193,0.9100000262260436,0.6759999990463257
70.25746822357178,0.7519999742507935,0.6499999761581421,0.777999997138977,0.9340000152587892,0.9139999747276306,0.6740000247955322
70.2675552368164,0.7540000081062317,0.6520000100135803,0.7799999713897705,0.9419999718666076,0.9200000166893004,0.671999990940094
70.27738237380981,0.7540000081062317,0.6539999842643738,0.7820000052452087,0.9480000138282776,0.9259999990463256,0.6700000166893005
70.28746676445007,0.7540000081062317,0.6539999842643738,0.7820000052452087,0.9539999961853028,0.9300000071525574,0.6679999828338623
70.29737162590027,0.7540000081062317,0.6539999842643738,0.7820000052452087,0.959999978542328,0.9359999895095824,0.6639999747276306
70.30754470825195,0.7540000081062317,0.656000018119812,0.7839999794960022,0.9660000205039978,0.9399999976158142,0.6600000262260437
70.31732320785522,0.7519999742507935,0.656000018119812,0.7839999794960022,0.972000002861023,0.9459999799728394,0.6579999923706055
70.32787370681763,0.7519999742507935,0.656000018119812,0.7839999794960022,0.977999985218048,0.9520000219345092,0.6579999923706055
70.33832216262817,0.7519999742507935,0.6579999923706055,0.7860000133514404,0.984000027179718,0.9580000042915344,0.656000018119812
70.34741401672363,0.75,0.6600000262260437,0.7860000133514404,0.9900000095367432,0.962000012397766,0.656000018119812
70.35764241218567,0.7480000257492065,0.6620000004768372,0.7860000133514404,0.9940000176429749,0.9639999866485596,0.6539999842643738
70.36751914024353,0.7480000257492065,0.6620000004768372,0.7860000133514404,0.9980000257492064,0.9660000205039978,0.6539999842643738
70.37744379043579,0.7440000176429749,0.6639999747276306,0.7860000133514404,1.00600004196167,0.9700000286102296,0.6539999842643738
70.38802337646484,0.7419999837875366,0.6620000004768372,0.7860000133514404,1.0099999904632568,0.972000002861023,0.6539999842643738
70.3975670337677,0.7360000014305115,0.6620000004768372,0.7860000133514404,1.0160000324249268,0.9739999771118164,0.6539999842643738
70.4074764251709,0.7319999933242798,0.6620000004768372,0.7860000133514404,1.0199999809265137,0.977999985218048,0.6539999842643738
70.41779017448425,0.7319999933242798,0.6620000004768372,0.7860000133514404,1.0199999809265137,0.977999985218048,0.6539999842643738
70.42805075645447,0.7260000109672546,0.6620000004768372,0.7860000133514404,1.02400004863739,0.977999985218048,0.6539999842643738
70.43908715248108,0.7099999785423279,0.6660000085830688,0.7820000052452087,1.0360000133514404,0.9800000190734864,0.6539999842643738
70.44771099090576,0.6959999799728394,0.6700000166893005,0.7799999713897705,1.0399999618530271,0.9800000190734864,0.6539999842643738
70.45850133895874,0.6840000152587891,0.6740000247955322,0.777999997138977,1.0440000295639038,0.9800000190734864,0.6539999842643738
70.46773290634155,0.6639999747276306,0.6819999814033508,0.7699999809265137,1.0499999523162842,0.977999985218048,0.6539999842643738
70.47810125350952,0.6499999761581421,0.6899999976158142,0.7620000243186951,1.0540000200271606,0.9739999771118164,0.6520000100135803
70.48934483528137,0.6399999856948853,0.699999988079071,0.7480000257492065,1.0579999685287476,0.9679999947547911,0.6520000100135803
70.49886322021484,0.6359999775886536,0.7039999961853027,0.734000027179718,1.0579999685287476,0.949999988079071,0.6520000100135803
70.50813055038452,0.6359999775886536,0.7120000123977661,0.7160000205039978,1.0579999685287476,0.8700000047683716,0.6520000100135803
70.51870012283325,0.6359999775886536,0.7160000205039978,0.7059999704360962,1.0579999685287476,0.8199999928474426,0.6520000100135803
70.52875852584839,0.6359999775886536,0.722000002861023,0.6919999718666077,1.055999994277954,0.7699999809265137,0.6520000100135803
70.54348874092102,0.6359999775886536,0.722000002861023,0.6859999895095825,1.0520000457763672,0.7559999823570251,0.6539999842643738
70.54913020133972,0.6359999775886536,0.7139999866485596,0.6779999732971191,1.0420000553131104,0.7400000095367432,0.6539999842643738
70.55781078338623,0.6359999775886536,0.6660000085830688,0.6740000247955322,1.027999997138977,0.7379999756813049,0.6539999842643738
70.56742405891418,0.6359999775886536,0.6579999923706055,0.6700000166893005,1.0160000324249268,0.7300000190734863,0.6539999842643738
70.57755041122437,0.6380000114440918,0.6579999923706055,0.6539999842643738,0.9980000257492064,0.7279999852180481,0.656000018119812
70.58749723434448,0.6359999775886536,0.656000018119812,0.6420000195503235,0.972000002861023,0.7279999852180481,0.656000018119812
70.59735774993896,0.6320000290870667,0.6539999842643738,0.6380000114440918,0.9520000219345092,0.7319999933242798,0.656000018119812
70.60739779472351,0.6299999952316284,0.6520000100135803,0.6359999775886536,0.9160000085830688,0.7319999933242798,0.656000018119812
70.61737203598022,0.628000020980835,0.6480000019073486,0.6380000114440918,0.8799999952316284,0.7300000190734863,0.656000018119812
70.62731099128723,0.628000020980835,0.6460000276565552,0.6399999856948853,0.8080000281333923,0.722000002861023,0.656000018119812
70.63829231262207,0.6259999871253967,0.6439999938011169,0.6399999856948853,0.7179999947547913,0.6880000233650208,0.656000018119812
70.64733362197876,0.628000020980835,0.6439999938011169,0.6380000114440918,0.7039999961853027,0.6579999923706055,0.656000018119812
70.65758299827576,0.6299999952316284,0.6439999938011169,0.6380000114440918,0.7039999961853027,0.6579999923706055,0.656000018119812
70.66839861869812,0.6320000290870667,0.6439999938011169,0.6380000114440918,0.7039999961853027,0.6579999923706055,0.6579999923706055
70.67739272117615,0.6320000290870667,0.6439999938011169,0.6399999856948853,0.7080000042915344,0.6579999923706055,0.6600000262260437
70.68739032745361,0.6320000290870667,0.6460000276565552,0.6380000114440918,0.7160000205039978,0.6579999923706055,0.6579999923706055
70.69731378555298,0.6320000290870667,0.6460000276565552,0.6380000114440918,0.7239999771118164,0.6579999923706055,0.6579999923706055
70.70727872848511,0.6320000290870667,0.6460000276565552,0.6380000114440918,0.7300000190734863,0.6579999923706055,0.6579999923706055
70.71739912033081,0.6320000290870667,0.6460000276565552,0.6380000114440918,0.734000027179718,0.6579999923706055,0.6579999923706055
70.72732400894165,0.6320000290870667,0.6460000276565552,0.6380000114440918,0.734000027179718,0.6579999923706055,0.6579999923706055
70.73732686042786,0.6320000290870667,0.6460000276565552,0.6359999775886536,0.734000027179718,0.6579999923706055,0.6600000262260437
70.7476053237915,0.6320000290870667,0.6460000276565552,0.6380000114440918,0.7360000014305115,0.6579999923706055,0.6600000262260437
70.75742769241333,0.6320000290870667,0.6460000276565552,0.6380000114440918,0.734000027179718,0.6579999923706055,0.6600000262260437
70.76790571212769,0.6320000290870667,0.6460000276565552,0.6380000114440918,0.734000027179718,0.6579999923706055,0.6600000262260437
70.77753686904907,0.6320000290870667,0.6460000276565552,0.6380000114440918,0.734000027179718,0.6579999923706055,0.6579999923706055
70.78862476348877,0.6320000290870667,0.6460000276565552,0.6380000114440918,0.734000027179718,0.6579999923706055,0.6600000262260437
70.79750061035156,0.6320000290870667,0.6460000276565552,0.6359999775886536,0.734000027179718,0.6579999923706055,0.6600000262260437
70.80755829811096,0.6320000290870667,0.6460000276565552,0.6359999775886536,0.7319999933242798,0.6579999923706055,0.6600000262260437
70.8173816204071,0.6320000290870667,0.6460000276565552,0.6359999775886536,0.7319999933242798,0.656000018119812,0.6600000262260437
70.827392578125,0.6320000290870667,0.6460000276565552,0.6359999775886536,0.7319999933242798,0.656000018119812,0.6600000262260437
70.83739566802979,0.6320000290870667,0.6460000276565552,0.6359999775886536,0.7300000190734863,0.656000018119812,0.6600000262260437
70.8476574420929,0.6320000290870667,0.6460000276565552,0.6359999775886536,0.7300000190734863,0.6579999923706055,0.6600000262260437
70.85755324363708,0.6320000290870667,0.6460000276565552,0.6359999775886536,0.7279999852180481,0.6579999923706055,0.6600000262260437
70.86731362342834,0.6320000290870667,0.6460000276565552,0.6380000114440918,0.7279999852180481,0.6579999923706055,0.6600000262260437
70.87769031524658,0.6320000290870667,0.6460000276565552,0.6359999775886536,0.7279999852180481,0.6579999923706055,0.6600000262260437
70.89024901390076,0.6320000290870667,0.6460000276565552,0.6359999775886536,0.7279999852180481,0.6579999923706055,0.6600000262260437
70.89796471595764,0.6320000290870667,0.6460000276565552,0.6359999775886536,0.7260000109672546,0.6579999923706055,0.6600000262260437
70.90737557411194,0.6320000290870667,0.6460000276565552,0.6359999775886536,0.7239999771118164,0.6579999923706055,0.6600000262260437
70.91731667518616,0.6320000290870667,0.6460000276565552,0.6359999775886536,0.7239999771118164,0.6579999923706055,0.6600000262260437
70.92744064331055,0.6320000290870667,0.6460000276565552,0.6380000114440918,0.7239999771118164,0.6579999923706055,0.6600000262260437
70.93818712234497,0.6320000290870667,0.6460000276565552,0.6380000114440918,0.7239999771118164,0.656000018119812,0.6600000262260437
70.94757628440857,0.6320000290870667,0.6460000276565552,0.6380000114440918,0.7239999771118164,0.6579999923706055,0.6600000262260437
70.9577431678772,0.6320000290870667,0.6460000276565552,0.6380000114440918,0.7239999771118164,0.656000018119812,0.6600000262260437
70.96747922897339,0.6320000290870667,0.6460000276565552,0.6380000114440918,0.7239999771118164,0.656000018119812,0.6600000262260437
70.97746324539185,0.6320000290870667,0.6460000276565552,0.6380000114440918,0.7239999771118164,0.6579999923706055,0.6600000262260437
70.98752689361572,0.6320000290870667,0.6460000276565552,0.6380000114440918,0.7239999771118164,0.6579999923706055,0.6600000262260437
70.99886393547058,0.6320000290870667,0.6460000276565552,0.6380000114440918,0.7239999771118164,0.6579999923706055,0.6600000262260437
71.00922155380249,0.6320000290870667,0.6460000276565552,0.6380000114440918,0.722000002861023,0.6579999923706055,0.6600000262260437
71.01737570762634,0.6320000290870667,0.6460000276565552,0.6380000114440918,0.722000002861023,0.6579999923706055,0.6600000262260437
71.02750897407532,0.6320000290870667,0.6460000276565552,0.6380000114440918,0.722000002861023,0.6579999923706055,0.6600000262260437
71.03737354278564,0.6320000290870667,0.6460000276565552,0.6420000195503235,0.7200000286102295,0.656000018119812,0.6600000262260437
71.04733753204346,0.6320000290870667,0.6460000276565552,0.6480000019073486,0.7120000123977661,0.6520000100135803,0.6679999828338623
71.05737686157227,0.6320000290870667,0.6460000276565552,0.6499999761581421,0.7039999961853027,0.6499999761581421,0.6759999990463257
71.06769609451294,0.6320000290870667,0.6460000276565552,0.6579999923706055,0.7039999961853027,0.6460000276565552,0.7160000205039978
71.07748818397522,0.628000020980835,0.6460000276565552,0.6679999828338623,0.6980000138282776,0.6499999761581421,0.7279999852180481
71.08744692802429,0.6420000195503235,0.6460000276565552,0.6740000247955322,0.6880000233650208,0.6420000195503235,0.7260000109672546
71.10179114341736,0.6539999842643738,0.6460000276565552,0.6840000152587891,0.7039999961853027,0.6539999842643738,0.722000002861023
71.10768818855286,0.6539999842643738,0.6460000276565552,0.6840000152587891,0.7039999961853027,0.6539999842643738,0.722000002861023
71.11742925643921,0.6660000085830688,0.6460000276565552,0.7080000042915344,0.7459999918937683,0.7379999756813049,0.7099999785423279
71.12773275375366,0.6779999732971191,0.6460000276565552,0.7139999866485596,0.7639999985694885,0.7599999904632568,0.7099999785423279
71.13848114013672,0.6959999799728394,0.6460000276565552,0.722000002861023,0.7960000038146973,0.7820000052452087,0.7080000042915344
71.14761877059937,0.7039999961853027,0.6439999938011169,0.7300000190734863,0.828000009059906,0.8080000281333923,0.7059999704360962
71.15751099586487,0.7120000123977661,0.6480000019073486,0.734000027179718,0.8479999899864197,0.8240000009536743,0.7059999704360962
71.16743493080139,0.7160000205039978,0.6480000019073486,0.7400000095367432,0.8659999966621399,0.8500000238418579,0.7059999704360962
71.17746782302856,0.7179999947547913,0.6499999761581421,0.7440000176429749,0.8759999871253967,0.8640000224113464,0.7039999961853027
71.1874532699585,0.722000002861023,0.6520000100135803,0.7480000257492065,0.8859999775886536,0.8740000128746033,0.7039999961853027
71.19741940498352,0.7239999771118164,0.6539999842643738,0.7519999742507935,0.8960000276565552,0.8840000033378601,0.7020000219345093
71.20753908157349,0.7260000109672546,0.6539999842643738,0.7540000081062317,0.9020000100135804,0.8899999856948853,0.7020000219345093
71.21883296966553,0.7260000109672546,0.6539999842643738,0.7559999823570251,0.906000018119812,0.8960000276565552,0.7020000219345093
71.22748565673828,0.7279999852180481,0.6539999842643738,0.7559999823570251,0.906000018119812,0.8999999761581421,0.699999988079071
71.2385082244873,0.7279999852180481,0.656000018119812,0.7559999823570251,0.9039999842643738,0.8999999761581421,0.6980000138282776
71.24762463569641,0.7279999852180481,0.656000018119812,0.7580000162124634,0.9020000100135804,0.9020000100135804,0.6959999799728394
71.2574872970581,0.7279999852180481,0.656000018119812,0.7580000162124634,0.8999999761581421,0.9020000100135804,0.6959999799728394
71.26732444763184,0.7300000190734863,0.656000018119812,0.7580000162124634,0.8960000276565552,0.9039999842643738,0.6940000057220459
71.2774817943573,0.7300000190734863,0.656000018119812,0.7580000162124634,0.8920000195503235,0.9020000100135804,0.6919999718666077
71.28732752799988,0.7300000190734863,0.656000018119812,0.7580000162124634,0.8899999856948853,0.9020000100135804,0.6899999976158142
71.29743695259094,0.7319999933242798,0.656000018119812,0.7580000162124634,0.8899999856948853,0.8999999761581421,0.6859999895095825
71.3074803352356,0.7319999933242798,0.656000018119812,0.7580000162124634,0.8899999856948853,0.8980000019073486,0.6840000152587891
71.3175880908966,0.734000027179718,0.656000018119812,0.7580000162124634,0.8899999856948853,0.8960000276565552,0.6819999814033508
71.32735109329224,0.734000027179718,0.656000018119812,0.7599999904632568,0.8899999856948853,0.8939999938011169,0.6800000071525574
71.33792972564697,0.7360000014305115,0.656000018119812,0.7599999904632568,0.8920000195503235,0.8920000195503235,0.6779999732971191
71.34765434265137,0.7379999756813049,0.656000018119812,0.7599999904632568,0.8939999938011169,0.8899999856948853,0.6759999990463257
71.35843753814697,0.7400000095367432,0.656000018119812,0.7620000243186951,0.8980000019073486,0.8880000114440918,0.6740000247955322
71.36867308616638,0.7400000095367432,0.656000018119812,0.7620000243186951,0.8999999761581421,0.8880000114440918,0.6740000247955322
71.37773084640503,0.7419999837875366,0.656000018119812,0.7620000243186951,0.9039999842643738,0.8880000114440918,0.671999990940094
71.38736295700073,0.7440000176429749,0.656000018119812,0.7639999985694885,0.906000018119812,0.8880000114440918,0.671999990940094
71.39752173423767,0.7459999918937683,0.6579999923706055,0.765999972820282,0.9120000004768372,0.8899999856948853,0.671999990940094
71.40757298469543,0.7459999918937683,0.6579999923706055,0.7680000066757202,0.9179999828338624,0.8920000195503235,0.671999990940094
71.41733932495117,0.7480000257492065,0.6579999923706055,0.7680000066757202,0.921999990940094,0.8939999938011169,0.671999990940094
71.42772316932678,0.7480000257492065,0.6600000262260437,0.7699999809265137,0.9259999990463256,0.8960000276565552,0.6740000247955322
71.4374430179596,0.75,0.6600000262260437,0.7699999809265137,0.9279999732971193,0.8980000019073486,0.6740000247955322
71.44736790657043,0.75,0.6620000004768372,0.7720000147819519,0.9319999814033508,0.9020000100135804,0.6759999990463257
71.45830917358398,0.7519999742507935,0.6639999747276306,0.7720000147819519,0.9359999895095824,0.9039999842643738,0.6759999990463257
71.46763563156128,0.7519999742507935,0.6660000085830688,0.7739999890327454,0.9399999976158142,0.906000018119812,0.6759999990463257
71.47731351852417,0.7519999742507935,0.6679999828338623,0.7739999890327454,0.9419999718666076,0.9079999923706056,0.6779999732971191
71.4889976978302,0.7540000081062317,0.6700000166893005,0.7760000228881836,0.944000005722046,0.9120000004768372,0.6779999732971191
71.49746441841125,0.7540000081062317,0.671999990940094,0.7760000228881836,0.9459999799728394,0.9139999747276306,0.6779999732971191
71.5074474811554,0.7540000081062317,0.6740000247955322,0.777999997138977,0.9480000138282776,0.9160000085830688,0.6779999732971191
71.5173864364624,0.7540000081062317,0.6740000247955322,0.777999997138977,0.949999988079071,0.9179999828338624,0.6779999732971191
71.52755236625671,0.7540000081062317,0.6759999990463257,0.777999997138977,0.9520000219345092,0.9179999828338624,0.6759999990463257
71.53740763664246,0.7540000081062317,0.6779999732971191,0.777999997138977,0.9539999961853028,0.9200000166893004,0.6759999990463257
71.54756259918213,0.7540000081062317,0.6779999732971191,0.777999997138977,0.9559999704360962,0.921999990940094,0.6740000247955322
71.55742740631104,0.7540000081062317,0.6819999814033508,0.777999997138977,0.959999978542328,0.9240000247955322,0.671999990940094
71.56790208816528,0.7540000081062317,0.6819999814033508,0.7799999713897705,0.962000012397766,0.9240000247955322,0.6700000166893005
71.57759714126587,0.7540000081062317,0.6840000152587891,0.7799999713897705,0.9639999866485596,0.9279999732971193,0.6700000166893005
71.58883452415466,0.7519999742507935,0.6880000233650208,0.7799999713897705,0.9660000205039978,0.9300000071525574,0.6679999828338623
71.59801459312439,0.7519999742507935,0.6899999976158142,0.7799999713897705,0.9700000286102296,0.9340000152587892,0.6679999828338623
71.60738682746887,0.7519999742507935,0.6919999718666077,0.7799999713897705,0.972000002861023,0.9359999895095824,0.6660000085830688
71.61811876296997,0.7519999742507935,0.6919999718666077,0.7799999713897705,0.9739999771118164,0.9359999895095824,0.6639999747276306
71.6285548210144,0.7519999742507935,0.6940000057220459,0.7799999713897705,0.977999985218048,0.9380000233650208,0.6600000262260437
71.63924860954285,0.75,0.6959999799728394,0.7820000052452087,0.9819999933242798,0.9399999976158142,0.6579999923706055
71.64775013923645,0.75,0.6959999799728394,0.7820000052452087,0.9860000014305116,0.9419999718666076,0.6579999923706055
71.65798234939575,0.75,0.699999988079071,0.7820000052452087,0.9879999756813048,0.944000005722046,0.6579999923706055
71.66767001152039,0.75,0.7020000219345093,0.7820000052452087,0.9919999837875366,0.9459999799728394,0.6579999923706055
71.67765212059021,0.7480000257492065,0.7039999961853027,0.7820000052452087,0.9940000176429749,0.9480000138282776,0.656000018119812
71.6885232925415,0.7480000257492065,0.7059999704360962,0.7820000052452087,0.9980000257492064,0.9520000219345092,0.656000018119812
71.69784212112427,0.7480000257492065,0.7059999704360962,0.7839999794960022,1.003999948501587,0.9539999961853028,0.656000018119812
71.71054649353027,0.7480000257492065,0.7080000042915344,0.7839999794960022,1.0080000162124634,0.9580000042915344,0.656000018119812
71.72327995300293,0.7459999918937683,0.7099999785423279,0.7839999794960022,1.0119999647140503,0.959999978542328,0.656000018119812
71.72786736488342,0.7459999918937683,0.7120000123977661,0.7839999794960022,1.0199999809265137,0.962000012397766,0.6539999842643738
71.73952794075012,0.7440000176429749,0.7120000123977661,0.7839999794960022,1.0260000228881836,0.9660000205039978,0.656000018119812
71.74859189987183,0.7440000176429749,0.7139999866485596,0.7839999794960022,1.0299999713897705,0.9660000205039978,0.6539999842643738
71.7580156326294,0.7419999837875366,0.7160000205039978,0.7839999794960022,1.0360000133514404,0.9679999947547911,0.6539999842643738
71.7675530910492,0.7379999756813049,0.7179999947547913,0.7839999794960022,1.0440000295639038,0.9700000286102296,0.6539999842643738
71.7775411605835,0.7360000014305115,0.7179999947547913,0.7839999794960022,1.0479999780654907,0.9700000286102296,0.6539999842643738
71.78751373291016,0.7300000190734863,0.7200000286102295,0.7820000052452087,1.0540000200271606,0.972000002861023,0.6539999842643738
71.79832983016968,0.7279999852180481,0.722000002861023,0.7799999713897705,1.0579999685287476,0.972000002861023,0.6539999842643738
71.80747389793396,0.7200000286102295,0.7239999771118164,0.777999997138977,1.0640000104904177,0.972000002861023,0.6539999842643738
71.8174307346344,0.7080000042915344,0.7260000109672546,0.7720000147819519,1.0700000524520874,0.9700000286102296,0.656000018119812
71.82775282859802,0.6980000138282776,0.7279999852180481,0.765999972820282,1.0740000009536743,0.9700000286102296,0.6539999842643738
71.83763313293457,0.6840000152587891,0.7300000190734863,0.7580000162124634,1.0779999494552612,0.9679999947547911,0.6539999842643738
71.84757423400879,0.6700000166893005,0.7319999933242798,0.75,1.0820000171661377,0.9639999866485596,0.6539999842643738
71.8573899269104,0.6600000262260437,0.7319999933242798,0.734000027179718,1.0859999656677246,0.9580000042915344,0.6520000100135803
71.86759853363037,0.6499999761581421,0.734000027179718,0.7160000205039978,1.0880000591278076,0.9300000071525574,0.6520000100135803
71.87754893302917,0.6480000019073486,0.734000027179718,0.7059999704360962,1.0880000591278076,0.8659999966621399,0.6520000100135803
71.88749647140503,0.6460000276565552,0.7360000014305115,0.6940000057220459,1.090000033378601,0.800000011920929,0.6520000100135803
71.89760112762451,0.6460000276565552,0.7360000014305115,0.6859999895095825,1.090000033378601,0.7680000066757202,0.6520000100135803
71.91009068489075,0.6420000195503235,0.7360000014305115,0.6800000071525574,1.090000033378601,0.75,0.6520000100135803
71.91833925247192,0.6380000114440918,0.7279999852180481,0.6740000247955322,1.0859999656677246,0.7419999837875366,0.6520000100135803
71.92962503433228,0.6380000114440918,0.7020000219345093,0.6679999828338623,1.0820000171661377,0.7400000095367432,0.6520000100135803
71.93890023231506,0.6359999775886536,0.6660000085830688,0.6579999923706055,1.0679999589920044,0.7319999933242798,0.6520000100135803
71.94784021377563,0.6399999856948853,0.6600000262260437,0.6399999856948853,1.0440000295639038,0.7260000109672546,0.6520000100135803
71.95774054527283,0.6439999938011169,0.6600000262260437,0.6320000290870667,1.0219999551773071,0.7179999947547913,0.6539999842643738
71.96750283241272,0.6399999856948853,0.656000018119812,0.628000020980835,0.984000027179718,0.722000002861023,0.6539999842643738
71.97765445709229,0.6320000290870667,0.6539999842643738,0.628000020980835,0.9580000042915344,0.7160000205039978,0.656000018119812
71.9874312877655,0.628000020980835,0.6499999761581421,0.628000020980835,0.9079999923706056,0.7120000123977661,0.656000018119812
71.99744391441345,0.628000020980835,0.6460000276565552,0.6320000290870667,0.8240000009536743,0.7120000123977661,0.6579999923706055
72.00757956504822,0.6259999871253967,0.6439999938011169,0.6320000290870667,0.7559999823570251,0.6959999799728394,0.6579999923706055
72.01803207397461,0.628000020980835,0.6439999938011169,0.6299999952316284,0.7139999866485596,0.6800000071525574,0.6579999923706055
72.02847456932068,0.6299999952316284,0.6439999938011169,0.6320000290870667,0.7099999785423279,0.6600000262260437,0.6660000085830688
72.03852605819702,0.6320000290870667,0.6439999938011169,0.6340000033378601,0.7179999947547913,0.6579999923706055,0.6639999747276306
72.04781770706177,0.6320000290870667,0.6439999938011169,0.6340000033378601,0.7319999933242798,0.6579999923706055,0.6620000004768372
72.05744123458862,0.6320000290870667,0.6439999938011169,0.6340000033378601,0.7440000176429749,0.6600000262260437,0.6620000004768372
72.06760621070862,0.6320000290870667,0.6439999938011169,0.6320000290870667,0.75,0.6700000166893005,0.6620000004768372
72.07771754264832,0.6320000290870667,0.6439999938011169,0.6320000290870667,0.75,0.671999990940094,0.6620000004768372
72.08730840682983,0.6320000290870667,0.6439999938011169,0.6320000290870667,0.7480000257492065,0.671999990940094,0.6620000004768372
72.09751033782959,0.6320000290870667,0.6439999938011169,0.6320000290870667,0.7480000257492065,0.6700000166893005,0.6620000004768372
72.10755515098572,0.6320000290870667,0.6439999938011169,0.6320000290870667,0.7480000257492065,0.6700000166893005,0.6620000004768372
72.11752915382385,0.6320000290870667,0.6439999938011169,0.6320000290870667,0.7480000257492065,0.6700000166893005,0.6620000004768372
72.12791085243225,0.6320000290870667,0.6439999938011169,0.6320000290870667,0.7459999918937683,0.6660000085830688,0.6620000004768372
72.13771605491638,0.6320000290870667,0.6439999938011169,0.6320000290870667,0.7459999918937683,0.6660000085830688,0.6620000004768372
72.14740777015686,0.6320000290870667,0.6439999938011169,0.6320000290870667,0.7440000176429749,0.6639999747276306,0.6620000004768372
72.15789151191711,0.6320000290870667,0.6439999938011169,0.6320000290870667,0.7440000176429749,0.6639999747276306,0.6620000004768372
72.16754007339478,0.6320000290870667,0.6439999938011169,0.6320000290870667,0.7440000176429749,0.6660000085830688,0.6620000004768372
72.17777228355408,0.6340000033378601,0.6439999938011169,0.6320000290870667,0.7440000176429749,0.6660000085830688,0.6620000004768372
72.18753981590271,0.6340000033378601,0.6439999938011169,0.6320000290870667,0.7440000176429749,0.6660000085830688,0.6620000004768372
72.19753861427307,0.6340000033378601,0.6439999938011169,0.6320000290870667,0.7419999837875366,0.6660000085830688,0.6620000004768372
72.20785641670227,0.6340000033378601,0.6439999938011169,0.6320000290870667,0.7419999837875366,0.6660000085830688,0.6620000004768372
72.21765494346619,0.6320000290870667,0.6439999938011169,0.6320000290870667,0.7419999837875366,0.6660000085830688,0.6620000004768372
72.2274694442749,0.6340000033378601,0.6439999938011169,0.6320000290870667,0.7400000095367432,0.6660000085830688,0.6620000004768372
72.23929810523987,0.6340000033378601,0.6439999938011169,0.6340000033378601,0.7400000095367432,0.6639999747276306,0.6620000004768372
72.24870347976685,0.6340000033378601,0.6439999938011169,0.6340000033378601,0.7379999756813049,0.6660000085830688,0.6620000004768372
72.25754809379578,0.6320000290870667,0.6439999938011169,0.6340000033378601,0.7379999756813049,0.6660000085830688,0.6620000004768372
72.26788973808289,0.6320000290870667,0.6439999938011169,0.6340000033378601,0.7360000014305115,0.6639999747276306,0.6620000004768372
72.27741694450378,0.6320000290870667,0.6439999938011169,0.6340000033378601,0.7360000014305115,0.6639999747276306,0.6620000004768372
72.2877414226532,0.6320000290870667,0.6439999938011169,0.6340000033378601,0.7360000014305115,0.6639999747276306,0.6620000004768372
72.2977545261383,0.6320000290870667,0.6439999938011169,0.6340000033378601,0.7360000014305115,0.6620000004768372,0.6620000004768372
72.3080735206604,0.6320000290870667,0.6439999938011169,0.6340000033378601,0.734000027179718,0.6579999923706055,0.6620000004768372
72.31749391555786,0.6320000290870667,0.6439999938011169,0.6340000033378601,0.7319999933242798,0.6579999923706055,0.6620000004768372
72.32741403579712,0.6320000290870667,0.6439999938011169,0.6340000033378601,0.7300000190734863,0.6579999923706055,0.6620000004768372
72.33741784095764,0.6320000290870667,0.6439999938011169,0.6359999775886536,0.7300000190734863,0.6579999923706055,0.6620000004768372
72.34753155708313,0.6340000033378601,0.6439999938011169,0.6359999775886536,0.7319999933242798,0.6579999923706055,0.6620000004768372
72.36037993431091,0.6340000033378601,0.6439999938011169,0.6359999775886536,0.7319999933242798,0.6579999923706055,0.6620000004768372
72.36897397041321,0.6340000033378601,0.6439999938011169,0.6359999775886536,0.7300000190734863,0.6579999923706055,0.6620000004768372
72.37756609916687,0.6340000033378601,0.6439999938011169,0.6359999775886536,0.7279999852180481,0.6579999923706055,0.6600000262260437
72.38848328590393,0.6320000290870667,0.6439999938011169,0.6420000195503235,0.7300000190734863,0.656000018119812,0.6679999828338623
72.39738154411316,0.6340000033378601,0.6439999938011169,0.6460000276565552,0.7260000109672546,0.6520000100135803,0.6880000233650208
72.40742182731628,0.6380000114440918,0.6439999938011169,0.6520000100135803,0.7260000109672546,0.6480000019073486,0.7139999866485596
72.41761779785156,0.6439999938011169,0.6420000195503235,0.656000018119812,0.7099999785423279,0.6439999938011169,0.7239999771118164
72.4279477596283,0.6399999856948853,0.6380000114440918,0.6779999732971191,0.699999988079071,0.6380000114440918,0.7279999852180481
72.43733549118042,0.6620000004768372,0.6380000114440918,0.6859999895095825,0.6959999799728394,0.6359999775886536,0.7260000109672546
72.44734191894531,0.6700000166893005,0.6399999856948853,0.6980000138282776,0.722000002861023,0.6480000019073486,0.7179999947547913
72.45743417739868,0.6819999814033508,0.6380000114440918,0.7120000123977661,0.7319999933242798,0.6840000152587891,0.7099999785423279
72.46739721298218,0.7020000219345093,0.6399999856948853,0.7179999947547913,0.7379999756813049,0.7139999866485596,0.7059999704360962
72.48218989372253,0.7200000286102295,0.6399999856948853,0.7279999852180481,0.765999972820282,0.75,0.6980000138282776
72.48750424385071,0.7239999771118164,0.6399999856948853,0.7319999933242798,0.7879999876022339,0.7599999904632568,0.6980000138282776
72.4975516796112,0.7319999933242798,0.6420000195503235,0.7379999756813049,0.8240000009536743,0.7799999713897705,0.6959999799728394
72.50899529457092,0.7379999756813049,0.6439999938011169,0.7440000176429749,0.8379999995231628,0.7960000038146973,0.6959999799728394
72.51758122444153,0.7419999837875366,0.6439999938011169,0.75,0.8460000157356262,0.8040000200271606,0.6940000057220459
72.52752375602722,0.7459999918937683,0.6460000276565552,0.7540000081062317,0.8500000238418579,0.8100000023841858,0.6919999718666077
72.53755855560303,0.7480000257492065,0.6460000276565552,0.7559999823570251,0.8519999980926514,0.8119999766349792,0.6899999976158142
72.54733276367188,0.75,0.6460000276565552,0.7580000162124634,0.8539999723434448,0.8140000104904175,0.6880000233650208
72.55768489837646,0.7519999742507935,0.6460000276565552,0.7580000162124634,0.8519999980926514,0.8140000104904175,0.6840000152587891
72.5674660205841,0.7519999742507935,0.6460000276565552,0.7580000162124634,0.8519999980926514,0.8119999766349792,0.6819999814033508
72.57796144485474,0.7540000081062317,0.6460000276565552,0.7580000162124634,0.8500000238418579,0.8100000023841858,0.6800000071525574
72.58912396430969,0.7540000081062317,0.6460000276565552,0.7580000162124634,0.8460000157356262,0.8080000281333923,0.6800000071525574
72.5974338054657,0.7540000081062317,0.6460000276565552,0.7580000162124634,0.843999981880188,0.8059999942779541,0.6779999732971191
72.608083486557,0.7540000081062317,0.6460000276565552,0.7599999904632568,0.8399999737739563,0.8019999861717224,0.6759999990463257
72.61787819862366,0.7559999823570251,0.6460000276565552,0.7599999904632568,0.8399999737739563,0.800000011920929,0.6759999990463257
72.6281316280365,0.7559999823570251,0.6460000276565552,0.7599999904632568,0.8379999995231628,0.7979999780654907,0.6759999990463257
72.63757562637329,0.7559999823570251,0.6460000276565552,0.7599999904632568,0.8360000252723694,0.7979999780654907,0.6740000247955322
72.64736461639404,0.7559999823570251,0.6460000276565552,0.7599999904632568,0.8360000252723694,0.7960000038146973,0.6740000247955322
72.65741109848022,0.7580000162124634,0.6460000276565552,0.7620000243186951,0.8360000252723694,0.7960000038146973,0.6740000247955322
72.66789293289185,0.7580000162124634,0.6460000276565552,0.7620000243186951,0.8360000252723694,0.7960000038146973,0.6740000247955322
72.67762184143066,0.7599999904632568,0.6460000276565552,0.7639999985694885,0.8379999995231628,0.7960000038146973,0.6740000247955322
72.68751001358032,0.7599999904632568,0.6460000276565552,0.7639999985694885,0.8379999995231628,0.7979999780654907,0.6740000247955322
72.69824266433716,0.7599999904632568,0.6460000276565552,0.7639999985694885,0.8379999995231628,0.7960000038146973,0.6740000247955322
72.70880055427551,0.7599999904632568,0.6460000276565552,0.765999972820282,0.8399999737739563,0.7979999780654907,0.6740000247955322
72.71869373321533,0.7620000243186951,0.6460000276565552,0.765999972820282,0.8399999737739563,0.7979999780654907,0.6740000247955322
72.72757601737976,0.7620000243186951,0.6460000276565552,0.7680000066757202,0.843999981880188,0.800000011920929,0.6759999990463257
72.73777294158936,0.7620000243186951,0.6460000276565552,0.7680000066757202,0.8460000157356262,0.8040000200271606,0.6779999732971191
72.74742317199707,0.7620000243186951,0.6460000276565552,0.7699999809265137,0.8479999899864197,0.8080000281333923,0.6779999732971191
72.75755763053894,0.7620000243186951,0.6460000276565552,0.7699999809265137,0.8500000238418579,0.8119999766349792,0.6800000071525574
72.76766633987427,0.7620000243186951,0.6460000276565552,0.7720000147819519,0.8519999980926514,0.8159999847412109,0.6800000071525574
72.77752017974854,0.7620000243186951,0.6460000276565552,0.7720000147819519,0.8539999723434448,0.8199999928474426,0.6800000071525574
72.78780722618103,0.7639999985694885,0.6460000276565552,0.7720000147819519,0.8560000061988831,0.8220000267028809,0.6800000071525574
72.79751014709473,0.7639999985694885,0.6460000276565552,0.7720000147819519,0.8560000061988831,0.8220000267028809,0.6800000071525574
72.80926966667175,0.7639999985694885,0.6480000019073486,0.7739999890327454,0.8579999804496765,0.8259999752044678,0.6800000071525574
72.81779861450195,0.7639999985694885,0.6480000019073486,0.7739999890327454,0.8600000143051147,0.8259999752044678,0.6800000071525574
72.82766056060791,0.7639999985694885,0.6480000019073486,0.7760000228881836,0.8640000224113464,0.828000009059906,0.6800000071525574
72.83887767791748,0.7639999985694885,0.6499999761581421,0.7760000228881836,0.8659999966621399,0.8299999833106995,0.6800000071525574
72.84765601158142,0.7639999985694885,0.6499999761581421,0.7760000228881836,0.8700000047683716,0.8299999833106995,0.6779999732971191
72.85759615898132,0.7620000243186951,0.6520000100135803,0.7760000228881836,0.8759999871253967,0.8339999914169312,0.6779999732971191
72.86763548851013,0.7620000243186951,0.6520000100135803,0.7760000228881836,0.8799999952316284,0.8360000252723694,0.6800000071525574
72.87743163108826,0.7599999904632568,0.6520000100135803,0.7760000228881836,0.8859999775886536,0.8460000157356262,0.6800000071525574
72.88746190071106,0.7599999904632568,0.6539999842643738,0.777999997138977,0.8920000195503235,0.8560000061988831,0.6800000071525574
72.89782094955444,0.7599999904632568,0.6539999842643738,0.777999997138977,0.8960000276565552,0.8640000224113464,0.6800000071525574
72.90750241279602,0.7580000162124634,0.6539999842643738,0.777999997138977,0.9020000100135804,0.8700000047683716,0.6800000071525574
72.91741514205933,0.7580000162124634,0.6539999842643738,0.777999997138977,0.9079999923706056,0.8799999952316284,0.6800000071525574
72.92762637138367,0.7580000162124634,0.656000018119812,0.7799999713897705,0.9120000004768372,0.8840000033378601,0.6800000071525574
72.93802523612976,0.7559999823570251,0.656000018119812,0.7799999713897705,0.9179999828338624,0.8899999856948853,0.6779999732971191
72.94754981994629,0.7559999823570251,0.656000018119812,0.7799999713897705,0.9240000247955322,0.8939999938011169,0.6779999732971191
72.95882534980774,0.7559999823570251,0.656000018119812,0.7799999713897705,0.9319999814033508,0.8980000019073486,0.6740000247955322
72.96794033050537,0.7559999823570251,0.6579999923706055,0.7820000052452087,0.9380000233650208,0.9039999842643738,0.671999990940094
72.9775505065918,0.7559999823570251,0.6579999923706055,0.7820000052452087,0.9419999718666076,0.9100000262260436,0.671999990940094
72.98748588562012,0.7559999823570251,0.6620000004768372,0.7820000052452087,0.9480000138282776,0.9139999747276306,0.6700000166893005
72.99750351905823,0.7559999823570251,0.6639999747276306,0.7820000052452087,0.9539999961853028,0.9179999828338624,0.6679999828338623
73.00750589370728,0.7559999823570251,0.6700000166893005,0.7820000052452087,0.959999978542328,0.9240000247955322,0.6660000085830688
73.01750349998474,0.7559999823570251,0.671999990940094,0.7839999794960022,0.9660000205039978,0.9279999732971193,0.6620000004768372
73.02745413780212,0.7540000081062317,0.6759999990463257,0.7839999794960022,0.972000002861023,0.9319999814033508,0.6600000262260437
73.03820896148682,0.7540000081062317,0.6779999732971191,0.7839999794960022,0.977999985218048,0.9380000233650208,0.6579999923706055
73.04822850227356,0.7540000081062317,0.6800000071525574,0.7839999794960022,0.9819999933242798,0.9419999718666076,0.6579999923706055
73.05828619003296,0.7519999742507935,0.6819999814033508,0.7860000133514404,0.9900000095367432,0.9459999799728394,0.656000018119812
73.0676417350769,0.7519999742507935,0.6859999895095825,0.7860000133514404,0.9980000257492064,0.9520000219345092,0.6539999842643738
73.07901549339294,0.75,0.6880000233650208,0.7860000133514404,1.003999948501587,0.9559999704360962,0.6539999842643738
73.08835649490356,0.75,0.6919999718666077,0.7860000133514404,1.0119999647140503,0.9580000042915344,0.6539999842643738
73.0976312160492,0.7480000257492065,0.6980000138282776,0.7860000133514404,1.0180000066757202,0.962000012397766,0.6539999842643738
73.10755157470703,0.7459999918937683,0.699999988079071,0.7860000133514404,1.027999997138977,0.9639999866485596,0.6539999842643738
73.11754131317139,0.7400000095367432,0.7039999961853027,0.7860000133514404,1.0360000133514404,0.9660000205039978,0.6539999842643738
73.1274585723877,0.7360000014305115,0.7080000042915344,0.7839999794960022,1.0420000553131104,0.9660000205039978,0.6539999842643738
73.13744401931763,0.7300000190734863,0.7120000123977661,0.7839999794960022,1.0499999523162842,0.9679999947547911,0.6539999842643738
73.1475248336792,0.7239999771118164,0.7160000205039978,0.7820000052452087,1.055999994277954,0.9679999947547911,0.6539999842643738
73.15907692909241,0.7160000205039978,0.7179999947547913,0.777999997138977,1.062000036239624,0.9679999947547911,0.6539999842643738
73.16851210594177,0.7039999961853027,0.7200000286102295,0.7720000147819519,1.0679999589920044,0.9679999947547911,0.6539999842643738
73.17751336097717,0.6919999718666077,0.7239999771118164,0.765999972820282,1.0720000267028809,0.9660000205039978,0.6539999842643738
73.18750429153442,0.6759999990463257,0.7260000109672546,0.7559999823570251,1.0779999494552612,0.962000012397766,0.6539999842643738
73.19752764701843,0.6600000262260437,0.7279999852180481,0.7440000176429749,1.0820000171661377,0.9580000042915344,0.6539999842643738
73.20773911476135,0.6520000100135803,0.7300000190734863,0.7319999933242798,1.0839999914169312,0.949999988079071,0.6539999842643738
73.21763920783997,0.6460000276565552,0.7319999933242798,0.7179999947547913,1.0880000591278076,0.9240000247955322,0.6520000100135803
73.22754383087158,0.6439999938011169,0.734000027179718,0.7080000042915344,1.090000033378601,0.8600000143051147,0.6520000100135803
73.23755216598511,0.6439999938011169,0.7379999756813049,0.6940000057220459,1.090000033378601,0.8059999942779541,0.6520000100135803
73.24764251708984,0.6439999938011169,0.7379999756813049,0.6859999895095825,1.090000033378601,0.7699999809265137,0.6520000100135803
73.25768280029297,0.6399999856948853,0.7379999756813049,0.6800000071525574,1.090000033378601,0.7580000162124634,0.6520000100135803
73.26750063896179,0.6399999856948853,0.7319999933242798,0.671999990940094,1.0839999914169312,0.7440000176429749,0.6520000100135803
73.27860379219055,0.6359999775886536,0.7039999961853027,0.6639999747276306,1.0740000009536743,0.7279999852180481,0.6539999842643738
73.28914141654968,0.6359999775886536,0.6840000152587891,0.6499999761581421,1.062000036239624,0.7200000286102295,0.6539999842643738
73.29757261276245,0.6399999856948853,0.6620000004768372,0.6380000114440918,1.037999987602234,0.7160000205039978,0.6539999842643738
73.30775809288025,0.6359999775886536,0.6639999747276306,0.6299999952316284,1.0140000581741333,0.7260000109672546,0.6539999842643738
73.31760048866272,0.6299999952316284,0.6600000262260437,0.628000020980835,0.9760000109672546,0.722000002861023,0.656000018119812
73.32762551307678,0.628000020980835,0.656000018119812,0.628000020980835,0.9399999976158142,0.7099999785423279,0.656000018119812
73.33852195739746,0.628000020980835,0.6520000100135803,0.628000020980835,0.9020000100135804,0.7080000042915344,0.656000018119812
73.34761667251587,0.628000020980835,0.6480000019073486,0.6340000033378601,0.8159999847412109,0.7080000042915344,0.656000018119812
73.35748314857483,0.6259999871253967,0.6460000276565552,0.6340000033378601,0.7519999742507935,0.6880000233650208,0.656000018119812
73.3675172328949,0.628000020980835,0.6439999938011169,0.6320000290870667,0.7279999852180481,0.6679999828338623,0.6579999923706055
73.37777495384216,0.6299999952316284,0.6460000276565552,0.6359999775886536,0.722000002861023,0.6600000262260437,0.6620000004768372
73.38744139671326,0.6320000290870667,0.6460000276565552,0.6359999775886536,0.7260000109672546,0.6579999923706055,0.6740000247955322
73.402583360672,0.6320000290870667,0.6460000276565552,0.6359999775886536,0.734000027179718,0.6579999923706055,0.6620000004768372
73.40802049636841,0.6299999952316284,0.6439999938011169,0.6359999775886536,0.7459999918937683,0.6579999923706055,0.6600000262260437
73.41754579544067,0.6320000290870667,0.6439999938011169,0.6359999775886536,0.7519999742507935,0.6620000004768372,0.6600000262260437
73.4274697303772,0.6320000290870667,0.6439999938011169,0.6359999775886536,0.7540000081062317,0.6639999747276306,0.6620000004768372
73.43753457069397,0.6320000290870667,0.6439999938011169,0.6359999775886536,0.7519999742507935,0.6639999747276306,0.6620000004768372
73.44741654396057,0.6320000290870667,0.6439999938011169,0.6359999775886536,0.7519999742507935,0.6639999747276306,0.6620000004768372
73.45748329162598,0.6320000290870667,0.6439999938011169,0.6359999775886536,0.7519999742507935,0.6639999747276306,0.6620000004768372
73.46896553039551,0.6320000290870667,0.6439999938011169,0.6359999775886536,0.75,0.6620000004768372,0.6620000004768372
73.47864937782288,0.6320000290870667,0.6439999938011169,0.6359999775886536,0.75,0.6600000262260437,0.6620000004768372
73.48743486404419,0.6320000290870667,0.6439999938011169,0.6359999775886536,0.75,0.6600000262260437,0.6620000004768372
73.49745392799377,0.6320000290870667,0.6439999938011169,0.6359999775886536,0.7480000257492065,0.6600000262260437,0.6620000004768372
73.50736832618713,0.6320000290870667,0.6439999938011169,0.6340000033378601,0.7480000257492065,0.6600000262260437,0.6620000004768372
73.51774168014526,0.6320000290870667,0.6439999938011169,0.6340000033378601,0.7459999918937683,0.6600000262260437,0.6620000004768372
73.52771019935608,0.6320000290870667,0.6439999938011169,0.6340000033378601,0.7440000176429749,0.6600000262260437,0.6620000004768372
73.53765416145325,0.6320000290870667,0.6439999938011169,0.6340000033378601,0.7440000176429749,0.6600000262260437,0.6620000004768372
73.54775881767273,0.6320000290870667,0.6439999938011169,0.6340000033378601,0.7440000176429749,0.6600000262260437,0.6620000004768372
73.55742812156677,0.6320000290870667,0.6439999938011169,0.6340000033378601,0.7440000176429749,0.6600000262260437,0.6620000004768372
73.5674512386322,0.6320000290870667,0.6439999938011169,0.6340000033378601,0.7440000176429749,0.6600000262260437,0.6620000004768372
73.57756114006042,0.6320000290870667,0.6439999938011169,0.6340000033378601,0.7419999837875366,0.6600000262260437,0.6620000004768372
73.58750915527344,0.6320000290870667,0.6439999938011169,0.6340000033378601,0.7419999837875366,0.6600000262260437,0.6620000004768372
73.59750962257385,0.6320000290870667,0.6439999938011169,0.6359999775886536,0.7419999837875366,0.6600000262260437,0.6620000004768372
73.60745191574097,0.6320000290870667,0.6439999938011169,0.6340000033378601,0.7400000095367432,0.6600000262260437,0.6620000004768372
73.61759495735168,0.6340000033378601,0.6439999938011169,0.6340000033378601,0.7379999756813049,0.6600000262260437,0.6620000004768372
73.62734365463257,0.6320000290870667,0.6439999938011169,0.6340000033378601,0.7379999756813049,0.6600000262260437,0.6620000004768372
73.6388726234436,0.6340000033378601,0.6439999938011169,0.6340000033378601,0.7379999756813049,0.6600000262260437,0.6620000004768372
73.64854979515076,0.6320000290870667,0.6439999938011169,0.6340000033378601,0.7360000014305115,0.6579999923706055,0.6620000004768372
73.65745210647583,0.6320000290870667,0.6439999938011169,0.6359999775886536,0.7360000014305115,0.6600000262260437,0.6620000004768372
73.66739463806152,0.6320000290870667,0.6439999938011169,0.6359999775886536,0.7360000014305115,0.6600000262260437,0.6620000004768372
73.67746567726135,0.6320000290870667,0.6439999938011169,0.6359999775886536,0.734000027179718,0.6600000262260437,0.6620000004768372
73.68785834312439,0.6340000033378601,0.6439999938011169,0.6359999775886536,0.7319999933242798,0.6579999923706055,0.6620000004768372
73.69828176498413,0.6340000033378601,0.6439999938011169,0.6359999775886536,0.734000027179718,0.6579999923706055,0.6620000004768372
73.70789003372192,0.6340000033378601,0.6439999938011169,0.6359999775886536,0.7319999933242798,0.6579999923706055,0.6620000004768372
73.71770453453064,0.6340000033378601,0.6439999938011169,0.6359999775886536,0.7319999933242798,0.6579999923706055,0.6620000004768372
73.72756791114807,0.6340000033378601,0.6439999938011169,0.6359999775886536,0.7319999933242798,0.6579999923706055,0.6620000004768372
73.73752212524414,0.6340000033378601,0.6439999938011169,0.6359999775886536,0.7319999933242798,0.6579999923706055,0.6620000004768372
73.74753737449646,0.6340000033378601,0.6439999938011169,0.6359999775886536,0.7319999933242798,0.6579999923706055,0.6620000004768372
73.75759720802307,0.6340000033378601,0.6439999938011169,0.6359999775886536,0.734000027179718,0.6600000262260437,0.6620000004768372
73.76740860939026,0.6320000290870667,0.6439999938011169,0.6399999856948853,0.7300000190734863,0.6579999923706055,0.6660000085830688
73.77748823165894,0.6340000033378601,0.6439999938011169,0.6420000195503235,0.7239999771118164,0.6539999842643738,0.6800000071525574
73.78760933876038,0.6359999775886536,0.6439999938011169,0.656000018119812,0.7260000109672546,0.6480000019073486,0.7120000123977661
73.79750680923462,0.6340000033378601,0.6439999938011169,0.6600000262260437,0.7039999961853027,0.6480000019073486,0.7260000109672546
73.80758929252625,0.6420000195503235,0.6399999856948853,0.6819999814033508,0.6959999799728394,0.6439999938011169,0.7279999852180481
73.81772255897522,0.6499999761581421,0.6399999856948853,0.6959999799728394,0.6980000138282776,0.6800000071525574,0.7239999771118164
73.82765460014343,0.6499999761581421,0.6420000195503235,0.6980000138282776,0.7260000109672546,0.6779999732971191,0.7179999947547913
73.83734083175659,0.6600000262260437,0.6399999856948853,0.7099999785423279,0.7319999933242798,0.7360000014305115,0.7139999866485596
73.84815669059753,0.6679999828338623,0.6399999856948853,0.7160000205039978,0.7400000095367432,0.7480000257492065,0.7120000123977661
73.85788774490356,0.6800000071525574,0.6380000114440918,0.722000002861023,0.7459999918937683,0.7699999809265137,0.7120000123977661
73.86762619018555,0.6899999976158142,0.6380000114440918,0.7260000109672546,0.7540000081062317,0.7799999713897705,0.7139999866485596
73.87747001647949,0.699999988079071,0.6380000114440918,0.7300000190734863,0.7620000243186951,0.7919999957084656,0.7160000205039978
73.88756680488586,0.7059999704360962,0.6399999856948853,0.734000027179718,0.7799999713897705,0.8059999942779541,0.7160000205039978
73.89761281013489,0.7120000123977661,0.6399999856948853,0.7360000014305115,0.7940000295639038,0.8100000023841858,0.7139999866485596
73.90765595436096,0.7179999947547913,0.6420000195503235,0.7400000095367432,0.8100000023841858,0.8180000185966492,0.7139999866485596
73.91750693321228,0.7239999771118164,0.6420000195503235,0.7419999837875366,0.8180000185966492,0.8240000009536743,0.7120000123977661
73.92747378349304,0.7279999852180481,0.6420000195503235,0.7459999918937683,0.8240000009536743,0.8299999833106995,0.7120000123977661
73.93916988372803,0.7319999933242798,0.6420000195503235,0.7480000257492065,0.828000009059906,0.8339999914169312,0.7099999785423279
73.94759631156921,0.7319999933242798,0.6420000195503235,0.75,0.828000009059906,0.8360000252723694,0.7099999785423279
73.95759344100952,0.7360000014305115,0.6420000195503235,0.7519999742507935,0.828000009059906,0.8360000252723694,0.7059999704360962
73.96755480766296,0.7379999756813049,0.6420000195503235,0.7519999742507935,0.8259999752044678,0.8360000252723694,0.7039999961853027
73.97912859916687,0.7400000095367432,0.6420000195503235,0.7540000081062317,0.8259999752044678,0.8339999914169312,0.7020000219345093
73.98843383789062,0.7419999837875366,0.6420000195503235,0.7540000081062317,0.8240000009536743,0.8339999914169312,0.6980000138282776
73.99763035774231,0.7419999837875366,0.6420000195503235,0.7559999823570251,0.8240000009536743,0.8320000171661377,0.6959999799728394
74.00749397277832,0.7440000176429749,0.6420000195503235,0.7559999823570251,0.8220000267028809,0.8299999833106995,0.6940000057220459
74.01743221282959,0.7459999918937683,0.6420000195503235,0.7559999823570251,0.8199999928474426,0.8299999833106995,0.6919999718666077
74.02760004997253,0.7459999918937683,0.6420000195503235,0.7559999823570251,0.8199999928474426,0.828000009059906,0.6919999718666077
74.03759050369263,0.7480000257492065,0.6420000195503235,0.7559999823570251,0.8159999847412109,0.8259999752044678,0.6899999976158142
74.04748916625977,0.75,0.6420000195503235,0.7580000162124634,0.8159999847412109,0.8240000009536743,0.6899999976158142
74.05811095237732,0.75,0.6439999938011169,0.7580000162124634,0.8140000104904175,0.8220000267028809,0.6880000233650208
74.06752681732178,0.7519999742507935,0.6439999938011169,0.7580000162124634,0.8140000104904175,0.8199999928474426,0.6880000233650208
74.07748699188232,0.7519999742507935,0.6439999938011169,0.7599999904632568,0.8140000104904175,0.8199999928474426,0.6880000233650208
74.08903527259827,0.7540000081062317,0.6439999938011169,0.7599999904632568,0.8159999847412109,0.8199999928474426,0.6859999895095825
74.09852313995361,0.7540000081062317,0.6439999938011169,0.7620000243186951,0.8180000185966492,0.8199999928474426,0.6859999895095825
74.10756850242615,0.7559999823570251,0.6439999938011169,0.7620000243186951,0.8199999928474426,0.8220000267028809,0.6859999895095825
74.11740183830261,0.7559999823570251,0.6439999938011169,0.7639999985694885,0.8240000009536743,0.8240000009536743,0.6859999895095825
74.12767195701599,0.7580000162124634,0.6439999938011169,0.765999972820282,0.8259999752044678,0.8240000009536743,0.6859999895095825
74.13754630088806,0.7580000162124634,0.6439999938011169,0.765999972820282,0.828000009059906,0.828000009059906,0.6859999895095825
74.14752268791199,0.7580000162124634,0.6439999938011169,0.7680000066757202,0.8299999833106995,0.8299999833106995,0.6859999895095825
74.1578631401062,0.7580000162124634,0.6439999938011169,0.7680000066757202,0.8360000252723694,0.8339999914169312,0.6880000233650208
74.16752028465271,0.7580000162124634,0.6439999938011169,0.7699999809265137,0.8399999737739563,0.8360000252723694,0.6880000233650208
74.17760872840881,0.7580000162124634,0.6439999938011169,0.7699999809265137,0.8420000076293945,0.8399999737739563,0.6880000233650208
74.18757605552673,0.7599999904632568,0.6439999938011169,0.7720000147819519,0.8460000157356262,0.843999981880188,0.6880000233650208
74.19746041297913,0.7599999904632568,0.6439999938011169,0.7720000147819519,0.8500000238418579,0.8479999899864197,0.6880000233650208
74.2087972164154,0.7599999904632568,0.6439999938011169,0.7720000147819519,0.8519999980926514,0.8500000238418579,0.6880000233650208
74.21769857406616,0.7599999904632568,0.6439999938011169,0.7739999890327454,0.8539999723434448,0.8539999723434448,0.6880000233650208
74.22769927978516,0.7599999904632568,0.6460000276565552,0.7739999890327454,0.8579999804496765,0.8560000061988831,0.6880000233650208
74.23756575584412,0.7580000162124634,0.6460000276565552,0.7739999890327454,0.8619999885559082,0.8600000143051147,0.6899999976158142
74.24751853942871,0.7580000162124634,0.6460000276565552,0.7739999890327454,0.8659999966621399,0.8659999966621399,0.6919999718666077
74.25772023200989,0.7559999823570251,0.6460000276565552,0.7739999890327454,0.8700000047683716,0.8700000047683716,0.6940000057220459
74.26762843132019,0.7559999823570251,0.6460000276565552,0.7739999890327454,0.8740000128746033,0.8759999871253967,0.6959999799728394
74.27758765220642,0.7540000081062317,0.6460000276565552,0.7739999890327454,0.8759999871253967,0.8799999952316284,0.6980000138282776
74.28792667388916,0.7540000081062317,0.6460000276565552,0.7760000228881836,0.878000020980835,0.8859999775886536,0.6980000138282776
74.29757976531982,0.7540000081062317,0.6480000019073486,0.7760000228881836,0.8820000290870667,0.8899999856948853,0.699999988079071
74.30759954452515,0.7519999742507935,0.6480000019073486,0.7760000228881836,0.8859999775886536,0.8920000195503235,0.699999988079071
74.31812644004822,0.7519999742507935,0.6480000019073486,0.7760000228881836,0.8880000114440918,0.8960000276565552,0.6980000138282776
74.32767271995544,0.75,0.6499999761581421,0.7760000228881836,0.8920000195503235,0.8980000019073486,0.6980000138282776
74.33815002441406,0.75,0.6499999761581421,0.7760000228881836,0.8960000276565552,0.9020000100135804,0.6980000138282776
74.34757971763611,0.7480000257492065,0.6499999761581421,0.7760000228881836,0.8999999761581421,0.9079999923706056,0.6980000138282776
74.3575325012207,0.7459999918937683,0.6499999761581421,0.7760000228881836,0.9039999842643738,0.9120000004768372,0.6980000138282776
74.3674545288086,0.7459999918937683,0.6499999761581421,0.777999997138977,0.9079999923706056,0.9160000085830688,0.6980000138282776
74.3773922920227,0.7459999918937683,0.6499999761581421,0.777999997138977,0.9120000004768372,0.9200000166893004,0.6959999799728394
74.38770174980164,0.7440000176429749,0.6499999761581421,0.777999997138977,0.9160000085830688,0.9240000247955322,0.6959999799728394
74.39806485176086,0.7440000176429749,0.6499999761581421,0.777999997138977,0.9200000166893004,0.9279999732971193,0.6919999718666077
74.40962815284729,0.7440000176429749,0.6499999761581421,0.777999997138977,0.9240000247955322,0.9319999814033508,0.6899999976158142
74.41754865646362,0.7440000176429749,0.6499999761581421,0.7799999713897705,0.9300000071525574,0.9380000233650208,0.6859999895095825
74.42765498161316,0.7419999837875366,0.6520000100135803,0.7799999713897705,0.9359999895095824,0.9419999718666076,0.6840000152587891
74.43864727020264,0.7419999837875366,0.6520000100135803,0.7799999713897705,0.9399999976158142,0.9459999799728394,0.6819999814033508
74.44755816459656,0.7419999837875366,0.6520000100135803,0.7820000052452087,0.944000005722046,0.949999988079071,0.6779999732971191
74.45776057243347,0.7419999837875366,0.6539999842643738,0.7820000052452087,0.949999988079071,0.9539999961853028,0.6740000247955322
74.46773934364319,0.7419999837875366,0.6539999842643738,0.7820000052452087,0.9580000042915344,0.959999978542328,0.671999990940094
74.47774577140808,0.7419999837875366,0.656000018119812,0.7839999794960022,0.9639999866485596,0.9639999866485596,0.6679999828338623
74.48803091049194,0.7419999837875366,0.656000018119812,0.7839999794960022,0.9700000286102296,0.9660000205039978,0.6660000085830688
74.49753046035767,0.7419999837875366,0.6579999923706055,0.7839999794960022,0.9800000190734864,0.9700000286102296,0.6600000262260437
74.50742888450623,0.7419999837875366,0.6579999923706055,0.7860000133514404,0.9860000014305116,0.972000002861023,0.6579999923706055
74.51781725883484,0.7419999837875366,0.6579999923706055,0.7860000133514404,0.9919999837875366,0.9739999771118164,0.656000018119812
74.53000664710999,0.7400000095367432,0.6579999923706055,0.7860000133514404,1.0019999742507937,0.9760000109672546,0.6539999842643738
74.53779649734497,0.7379999756813049,0.6579999923706055,0.7860000133514404,1.00600004196167,0.977999985218048,0.6520000100135803
74.54763770103455,0.734000027179718,0.6579999923706055,0.7860000133514404,1.0140000581741333,0.9800000190734864,0.6520000100135803
74.55776286125183,0.7279999852180481,0.6639999747276306,0.7860000133514404,1.02400004863739,0.9819999933242798,0.6520000100135803
74.56742596626282,0.7239999771118164,0.6679999828338623,0.7860000133514404,1.031999945640564,0.9819999933242798,0.6520000100135803
74.57745790481567,0.7179999947547913,0.6759999990463257,0.7839999794960022,1.0399999618530271,0.9819999933242798,0.6520000100135803
74.58749461174011,0.7059999704360962,0.6800000071525574,0.7820000052452087,1.0479999780654907,0.984000027179718,0.6520000100135803
74.59760594367981,0.6899999976158142,0.6859999895095825,0.7760000228881836,1.0579999685287476,0.9819999933242798,0.6520000100135803
74.6073408126831,0.6660000085830688,0.6940000057220459,0.7639999985694885,1.065999984741211,0.9800000190734864,0.6520000100135803
74.6173369884491,0.6539999842643738,0.6980000138282776,0.75,1.0720000267028809,0.977999985218048,0.6520000100135803
74.62763357162476,0.6399999856948853,0.7039999961853027,0.7319999933242798,1.0759999752044678,0.9679999947547911,0.6499999761581421
74.63996148109436,0.6380000114440918,0.7080000042915344,0.7160000205039978,1.0800000429153442,0.9319999814033508,0.6499999761581421
74.64782166481018,0.6380000114440918,0.7179999947547913,0.7020000219345093,1.0839999914169312,0.8379999995231628,0.6480000019073486
74.65852928161621,0.6399999856948853,0.722000002861023,0.6859999895095825,1.0859999656677246,0.777999997138977,0.6480000019073486
74.66875219345093,0.6399999856948853,0.722000002861023,0.6800000071525574,1.0859999656677246,0.7680000066757202,0.6480000019073486
74.67777681350708,0.6399999856948853,0.7020000219345093,0.6740000247955322,1.0820000171661377,0.7620000243186951,0.6499999761581421
74.6875901222229,0.6380000114440918,0.6579999923706055,0.6679999828338623,1.0740000009536743,0.7580000162124634,0.6499999761581421
74.6974720954895,0.6359999775886536,0.656000018119812,0.6600000262260437,1.055999994277954,0.7519999742507935,0.6520000100135803
74.7075457572937,0.6380000114440918,0.6539999842643738,0.6439999938011169,1.0219999551773071,0.7360000014305115,0.6520000100135803
74.71760416030884,0.6399999856948853,0.6480000019073486,0.6380000114440918,0.9900000095367432,0.7279999852180481,0.6520000100135803
74.72751784324646,0.6399999856948853,0.6460000276565552,0.6320000290870667,0.9539999961853028,0.7179999947547913,0.6539999842643738
74.73741364479065,0.6380000114440918,0.6439999938011169,0.6320000290870667,0.9160000085830688,0.7239999771118164,0.6539999842643738
74.74752855300903,0.6299999952316284,0.6399999856948853,0.6340000033378601,0.8500000238418579,0.7099999785423279,0.656000018119812
74.75883054733276,0.628000020980835,0.6399999856948853,0.6380000114440918,0.7360000014305115,0.6880000233650208,0.656000018119812
74.76761960983276,0.628000020980835,0.6399999856948853,0.6359999775886536,0.7179999947547913,0.6679999828338623,0.656000018119812
74.77785110473633,0.6299999952316284,0.6420000195503235,0.6380000114440918,0.7179999947547913,0.6579999923706055,0.6620000004768372
74.78755164146423,0.6320000290870667,0.6420000195503235,0.6380000114440918,0.7200000286102295,0.656000018119812,0.6700000166893005
74.79754614830017,0.6320000290870667,0.6420000195503235,0.6380000114440918,0.734000027179718,0.656000018119812,0.6600000262260437
74.80747652053833,0.6320000290870667,0.6420000195503235,0.6380000114440918,0.75,0.6579999923706055,0.6579999923706055
74.81747722625732,0.6320000290870667,0.6420000195503235,0.6380000114440918,0.7540000081062317,0.6639999747276306,0.6579999923706055
74.82765865325928,0.6320000290870667,0.6420000195503235,0.6380000114440918,0.7540000081062317,0.6660000085830688,0.6579999923706055
74.83752512931824,0.6320000290870667,0.6420000195503235,0.6380000114440918,0.75,0.6639999747276306,0.6579999923706055
74.84747099876404,0.6320000290870667,0.6420000195503235,0.6380000114440918,0.75,0.6639999747276306,0.6579999923706055
74.8588638305664,0.6320000290870667,0.6420000195503235,0.6359999775886536,0.7480000257492065,0.6639999747276306,0.6600000262260437
74.86773633956909,0.6320000290870667,0.6420000195503235,0.6359999775886536,0.7480000257492065,0.6639999747276306,0.6600000262260437
74.87760066986084,0.6320000290870667,0.6420000195503235,0.6359999775886536,0.7480000257492065,0.6600000262260437,0.6600000262260437
74.8879086971283,0.6320000290870667,0.6420000195503235,0.6380000114440918,0.7480000257492065,0.6600000262260437,0.6600000262260437
74.8977746963501,0.6320000290870667,0.6420000195503235,0.6380000114440918,0.7480000257492065,0.6600000262260437,0.6600000262260437
74.9077308177948,0.6320000290870667,0.6420000195503235,0.6359999775886536,0.7459999918937683,0.6579999923706055,0.6600000262260437
74.91747212409973,0.6320000290870667,0.6420000195503235,0.6359999775886536,0.7459999918937683,0.6600000262260437,0.6600000262260437
74.92759728431702,0.6320000290870667,0.6420000195503235,0.6359999775886536,0.7440000176429749,0.6620000004768372,0.6600000262260437
74.93749403953552,0.6320000290870667,0.6420000195503235,0.6359999775886536,0.7440000176429749,0.6620000004768372,0.6600000262260437
74.94745659828186,0.6320000290870667,0.6420000195503235,0.6359999775886536,0.7440000176429749,0.6620000004768372,0.6600000262260437
74.95872592926025,0.6320000290870667,0.6420000195503235,0.6359999775886536,0.7419999837875366,0.6620000004768372,0.6600000262260437
74.96817922592163,0.6320000290870667,0.6420000195503235,0.6359999775886536,0.7419999837875366,0.6620000004768372,0.6600000262260437
74.97752094268799,0.6320000290870667,0.6420000195503235,0.6359999775886536,0.7419999837875366,0.6620000004768372,0.6600000262260437
74.98744297027588,0.6320000290870667,0.6420000195503235,0.6359999775886536,0.7400000095367432,0.6620000004768372,0.6600000262260437
74.99772953987122,0.6320000290870667,0.6420000195503235,0.6359999775886536,0.7400000095367432,0.6620000004768372,0.6600000262260437
75.00746488571167,0.6320000290870667,0.6420000195503235,0.6359999775886536,0.7379999756813049,0.6620000004768372,0.6600000262260437
75.01746487617493,0.6320000290870667,0.6420000195503235,0.6359999775886536,0.7379999756813049,0.6620000004768372,0.6600000262260437
75.02753329277039,0.6320000290870667,0.6420000195503235,0.6359999775886536,0.7379999756813049,0.6620000004768372,0.6600000262260437
75.03770041465759,0.6320000290870667,0.6439999938011169,0.6359999775886536,0.7379999756813049,0.6620000004768372,0.6600000262260437
75.0474944114685,0.6320000290870667,0.6420000195503235,0.6359999775886536,0.7360000014305115,0.6600000262260437,0.6600000262260437
75.05743980407715,0.6320000290870667,0.6420000195503235,0.6359999775886536,0.734000027179718,0.6600000262260437,0.6600000262260437
75.0675060749054,0.6320000290870667,0.6439999938011169,0.6380000114440918,0.734000027179718,0.6600000262260437,0.6600000262260437
75.07750082015991,0.6320000290870667,0.6420000195503235,0.6380000114440918,0.7319999933242798,0.6600000262260437,0.6600000262260437
75.08752131462097,0.6320000290870667,0.6420000195503235,0.6359999775886536,0.7300000190734863,0.6600000262260437,0.6600000262260437
75.0974931716919,0.6320000290870667,0.6420000195503235,0.6359999775886536,0.7300000190734863,0.6600000262260437,0.6600000262260437
75.10764622688293,0.6320000290870667,0.6420000195503235,0.6359999775886536,0.7260000109672546,0.6600000262260437,0.6600000262260437
75.11783123016357,0.6320000290870667,0.6420000195503235,0.6380000114440918,0.7260000109672546,0.6600000262260437,0.6600000262260437
75.1275942325592,0.6320000290870667,0.6439999938011169,0.6380000114440918,0.7260000109672546,0.6620000004768372,0.6600000262260437
75.13742232322693,0.6320000290870667,0.6420000195503235,0.6380000114440918,0.7260000109672546,0.6639999747276306,0.6600000262260437
75.14789056777954,0.6320000290870667,0.6420000195503235,0.6380000114440918,0.7260000109672546,0.6579999923706055,0.6600000262260437
75.1585578918457,0.6340000033378601,0.6420000195503235,0.6460000276565552,0.7200000286102295,0.6499999761581421,0.671999990940094
75.16817331314087,0.6340000033378601,0.6420000195503235,0.6499999761581421,0.7080000042915344,0.6480000019073486,0.6819999814033508
75.17797684669495,0.6380000114440918,0.6420000195503235,0.6520000100135803,0.7099999785423279,0.6460000276565552,0.7080000042915344
75.18758177757263,0.6299999952316284,0.6420000195503235,0.6639999747276306,0.699999988079071,0.6499999761581421,0.7279999852180481
75.19770574569702,0.6299999952316284,0.6420000195503235,0.6639999747276306,0.6959999799728394,0.6520000100135803,0.7260000109672546
75.21013522148132,0.6539999842643738,0.6420000195503235,0.6759999990463257,0.6899999976158142,0.6539999842643738,0.7239999771118164
75.21754312515259,0.656000018119812,0.6420000195503235,0.6840000152587891,0.7139999866485596,0.6600000262260437,0.7179999947547913
75.22794461250305,0.6579999923706055,0.6439999938011169,0.6940000057220459,0.7279999852180481,0.7200000286102295,0.7160000205039978
75.23748135566711,0.6740000247955322,0.6439999938011169,0.7080000042915344,0.7440000176429749,0.7459999918937683,0.7120000123977661
75.24763131141663,0.6859999895095825,0.6439999938011169,0.7139999866485596,0.7639999985694885,0.765999972820282,0.7099999785423279
75.25755596160889,0.699999988079071,0.6439999938011169,0.722000002861023,0.7860000133514404,0.7820000052452087,0.7099999785423279
75.26826429367065,0.7080000042915344,0.6420000195503235,0.7260000109672546,0.8119999766349792,0.7919999957084656,0.7099999785423279
75.28238892555237,0.7160000205039978,0.6420000195503235,0.7319999933242798,0.8299999833106995,0.8119999766349792,0.7099999785423279
75.28774452209473,0.722000002861023,0.6439999938011169,0.7379999756813049,0.8500000238418579,0.8259999752044678,0.7080000042915344
75.29743981361389,0.7279999852180481,0.6460000276565552,0.7440000176429749,0.8619999885559082,0.8399999737739563,0.7059999704360962
75.30756735801697,0.7319999933242798,0.6460000276565552,0.7459999918937683,0.8700000047683716,0.8479999899864197,0.7059999704360962
75.32109212875366,0.734000027179718,0.6480000019073486,0.7519999742507935,0.8759999871253967,0.8579999804496765,0.7039999961853027
75.32780694961548,0.7360000014305115,0.6499999761581421,0.7540000081062317,0.878000020980835,0.8619999885559082,0.7039999961853027
75.3374080657959,0.7379999756813049,0.6499999761581421,0.7559999823570251,0.8820000290870667,0.8659999966621399,0.699999988079071
75.34753465652466,0.7379999756813049,0.6499999761581421,0.7559999823570251,0.8820000290870667,0.8679999709129333,0.6980000138282776
75.35752201080322,0.7379999756813049,0.6499999761581421,0.7559999823570251,0.8820000290870667,0.8679999709129333,0.6980000138282776
75.36758875846863,0.7379999756813049,0.6499999761581421,0.7580000162124634,0.8799999952316284,0.8679999709129333,0.6959999799728394
75.37779593467712,0.7379999756813049,0.6499999761581421,0.7559999823570251,0.878000020980835,0.8700000047683716,0.6959999799728394
75.38747644424438,0.7379999756813049,0.6499999761581421,0.7580000162124634,0.878000020980835,0.8700000047683716,0.6959999799728394
75.39750170707703,0.7379999756813049,0.6499999761581421,0.7559999823570251,0.8740000128746033,0.8700000047683716,0.6959999799728394
75.4075837135315,0.7379999756813049,0.6499999761581421,0.7559999823570251,0.871999979019165,0.8700000047683716,0.6959999799728394
75.41771841049194,0.7379999756813049,0.6499999761581421,0.7559999823570251,0.871999979019165,0.8700000047683716,0.6959999799728394
75.42797136306763,0.7379999756813049,0.6480000019073486,0.7540000081062317,0.8679999709129333,0.8700000047683716,0.6959999799728394
75.43800163269043,0.7379999756813049,0.6480000019073486,0.7540000081062317,0.8679999709129333,0.871999979019165,0.6959999799728394
75.44837522506714,0.7379999756813049,0.6480000019073486,0.7540000081062317,0.8659999966621399,0.871999979019165,0.6940000057220459
75.45773577690125,0.7379999756813049,0.6480000019073486,0.7540000081062317,0.8659999966621399,0.871999979019165,0.6940000057220459
75.46741676330566,0.7400000095367432,0.6480000019073486,0.7559999823570251,0.8659999966621399,0.871999979019165,0.6919999718666077
75.47738289833069,0.7400000095367432,0.6480000019073486,0.7559999823570251,0.8659999966621399,0.8740000128746033,0.6919999718666077
75.48737263679504,0.7419999837875366,0.6480000019073486,0.7580000162124634,0.8679999709129333,0.8740000128746033,0.6899999976158142
75.49828743934631,0.7419999837875366,0.6480000019073486,0.7580000162124634,0.8679999709129333,0.8759999871253967,0.6899999976158142
75.50780248641968,0.7440000176429749,0.6480000019073486,0.7599999904632568,0.8700000047683716,0.8759999871253967,0.6880000233650208
75.51756548881531,0.7440000176429749,0.6480000019073486,0.7620000243186951,0.8700000047683716,0.8759999871253967,0.6880000233650208
75.52739095687866,0.7459999918937683,0.6480000019073486,0.7620000243186951,0.871999979019165,0.878000020980835,0.6880000233650208
75.53894877433777,0.7459999918937683,0.6499999761581421,0.7639999985694885,0.8740000128746033,0.8799999952316284,0.6880000233650208
75.54753184318542,0.7480000257492065,0.6499999761581421,0.7639999985694885,0.8759999871253967,0.8840000033378601,0.6880000233650208
75.55787992477417,0.7480000257492065,0.6499999761581421,0.765999972820282,0.878000020980835,0.8859999775886536,0.6880000233650208
75.56741857528687,0.75,0.6499999761581421,0.7680000066757202,0.8820000290870667,0.8880000114440918,0.6880000233650208
75.57747268676758,0.75,0.6499999761581421,0.7680000066757202,0.8840000033378601,0.8899999856948853,0.6880000233650208
75.5874445438385,0.75,0.6499999761581421,0.7680000066757202,0.8880000114440918,0.8939999938011169,0.6880000233650208
75.59750843048096,0.7519999742507935,0.6520000100135803,0.7699999809265137,0.8920000195503235,0.8980000019073486,0.6859999895095825
75.60895490646362,0.7519999742507935,0.6520000100135803,0.7720000147819519,0.8980000019073486,0.9039999842643738,0.6859999895095825
75.6178994178772,0.7519999742507935,0.6520000100135803,0.7720000147819519,0.9020000100135804,0.9100000262260436,0.6840000152587891
75.62740206718445,0.7519999742507935,0.6520000100135803,0.7720000147819519,0.9079999923706056,0.9139999747276306,0.6840000152587891
75.63741254806519,0.7519999742507935,0.6520000100135803,0.7739999890327454,0.9139999747276306,0.9200000166893004,0.6819999814033508
75.64781975746155,0.7519999742507935,0.6520000100135803,0.7739999890327454,0.921999990940094,0.9259999990463256,0.6800000071525574
75.6578917503357,0.7519999742507935,0.6539999842643738,0.7760000228881836,0.9279999732971193,0.9319999814033508,0.6779999732971191
75.66774582862854,0.7519999742507935,0.6539999842643738,0.7760000228881836,0.9359999895095824,0.9380000233650208,0.6779999732971191
75.67747855186462,0.7519999742507935,0.6520000100135803,0.777999997138977,0.944000005722046,0.944000005722046,0.6759999990463257
75.68759512901306,0.7519999742507935,0.6539999842643738,0.777999997138977,0.949999988079071,0.9480000138282776,0.6740000247955322
75.6974413394928,0.7519999742507935,0.6539999842643738,0.777999997138977,0.9580000042915344,0.9520000219345092,0.6679999828338623
75.70770454406738,0.75,0.6539999842643738,0.7799999713897705,0.962000012397766,0.9559999704360962,0.6679999828338623
75.71742248535156,0.75,0.6579999923706055,0.7799999713897705,0.9679999947547911,0.959999978542328,0.6660000085830688
75.72806882858276,0.75,0.6620000004768372,0.7799999713897705,0.9700000286102296,0.962000012397766,0.6600000262260437
75.73758482933044,0.75,0.6639999747276306,0.7799999713897705,0.972000002861023,0.962000012397766,0.6600000262260437
75.74754929542542,0.7480000257492065,0.6660000085830688,0.7799999713897705,0.9760000109672546,0.962000012397766,0.6600000262260437
75.75791001319885,0.7459999918937683,0.6679999828338623,0.7799999713897705,0.9760000109672546,0.9639999866485596,0.6600000262260437
75.76759696006775,0.7459999918937683,0.6700000166893005,0.7799999713897705,0.977999985218048,0.9639999866485596,0.6600000262260437
75.77741360664368,0.7440000176429749,0.671999990940094,0.7799999713897705,0.9800000190734864,0.9639999866485596,0.6579999923706055
75.78743934631348,0.7440000176429749,0.671999990940094,0.7799999713897705,0.9800000190734864,0.9660000205039978,0.6579999923706055
75.79733443260193,0.7419999837875366,0.6740000247955322,0.7799999713897705,0.984000027179718,0.9660000205039978,0.6579999923706055
75.80747270584106,0.7400000095367432,0.6759999990463257,0.7799999713897705,0.9879999756813048,0.9660000205039978,0.656000018119812
75.8176941871643,0.7400000095367432,0.6800000071525574,0.7799999713897705,0.9919999837875366,0.9660000205039978,0.656000018119812
75.82734847068787,0.7379999756813049,0.6840000152587891,0.7799999713897705,0.9980000257492064,0.9660000205039978,0.656000018119812
75.83762049674988,0.7360000014305115,0.6880000233650208,0.777999997138977,1.003999948501587,0.9660000205039978,0.656000018119812
75.84761452674866,0.734000027179718,0.6919999718666077,0.777999997138977,1.0080000162124634,0.9679999947547911,0.656000018119812
75.85974645614624,0.7300000190734863,0.6959999799728394,0.777999997138977,1.0180000066757202,0.9679999947547911,0.656000018119812
75.86780643463135,0.7260000109672546,0.6980000138282776,0.7760000228881836,1.0219999551773071,0.9679999947547911,0.656000018119812
75.87768936157227,0.7239999771118164,0.7020000219345093,0.7760000228881836,1.0299999713897705,0.9679999947547911,0.656000018119812
75.88740134239197,0.7200000286102295,0.7039999961853027,0.7739999890327454,1.034000039100647,0.9679999947547911,0.656000018119812
75.89736676216125,0.7160000205039978,0.7080000042915344,0.7739999890327454,1.037999987602234,0.9679999947547911,0.656000018119812
75.90772294998169,0.7139999866485596,0.7099999785423279,0.7720000147819519,1.0440000295639038,0.9700000286102296,0.656000018119812
75.91758179664612,0.7099999785423279,0.7120000123977661,0.7699999809265137,1.0479999780654907,0.9700000286102296,0.656000018119812
75.92747282981873,0.7020000219345093,0.7120000123977661,0.7680000066757202,1.0520000457763672,0.9700000286102296,0.656000018119812
75.93732142448425,0.6940000057220459,0.7139999866485596,0.765999972820282,1.055999994277954,0.9700000286102296,0.656000018119812
75.9474880695343,0.6899999976158142,0.7160000205039978,0.7639999985694885,1.059999942779541,0.972000002861023,0.656000018119812
75.95784020423889,0.6819999814033508,0.7200000286102295,0.7599999904632568,1.0640000104904177,0.972000002861023,0.656000018119812
75.9675772190094,0.671999990940094,0.722000002861023,0.7559999823570251,1.0679999589920044,0.972000002861023,0.656000018119812
75.9776029586792,0.6679999828338623,0.7239999771118164,0.75,1.0720000267028809,0.972000002861023,0.656000018119812
75.98768281936646,0.6600000262260437,0.7260000109672546,0.7419999837875366,1.0740000009536743,0.972000002861023,0.656000018119812
75.99779295921326,0.6539999842643738,0.7260000109672546,0.7360000014305115,1.0779999494552612,0.972000002861023,0.656000018119812
76.00817561149597,0.6480000019073486,0.7279999852180481,0.7260000109672546,1.0820000171661377,0.9679999947547911,0.656000018119812
76.01741337776184,0.6439999938011169,0.7300000190734863,0.7179999947547913,1.0859999656677246,0.9480000138282776,0.6539999842643738
76.02818298339844,0.6420000195503235,0.7319999933242798,0.7099999785423279,1.0880000591278076,0.8999999761581421,0.6520000100135803
76.03745865821838,0.6399999856948853,0.734000027179718,0.7020000219345093,1.090000033378601,0.8500000238418579,0.6520000100135803
76.0475697517395,0.6380000114440918,0.734000027179718,0.6899999976158142,1.0920000076293943,0.8059999942779541,0.6520000100135803
76.05759072303772,0.6359999775886536,0.7360000014305115,0.6819999814033508,1.0920000076293943,0.7820000052452087,0.6520000100135803
76.06909942626953,0.6340000033378601,0.734000027179718,0.6779999732971191,1.0920000076293943,0.7699999809265137,0.6520000100135803
76.07834601402283,0.6320000290870667,0.7279999852180481,0.671999990940094,1.0920000076293943,0.765999972820282,0.6499999761581421
76.08743286132812,0.6320000290870667,0.6940000057220459,0.6660000085830688,1.0880000591278076,0.765999972820282,0.6499999761581421
76.097736120224,0.6320000290870667,0.6620000004768372,0.6600000262260437,1.0759999752044678,0.7599999904632568,0.6520000100135803
76.10862064361572,0.6320000290870667,0.6600000262260437,0.656000018119812,1.059999942779541,0.7440000176429749,0.6520000100135803
76.11771082878113,0.6359999775886536,0.6600000262260437,0.6380000114440918,1.02400004863739,0.7279999852180481,0.6539999842643738
76.12739610671997,0.6420000195503235,0.6539999842643738,0.6299999952316284,0.9940000176429749,0.7179999947547913,0.6539999842643738
76.1376166343689,0.6380000114440918,0.6499999761581421,0.628000020980835,0.949999988079071,0.722000002861023,0.6539999842643738
76.14736247062683,0.6340000033378601,0.6480000019073486,0.628000020980835,0.9079999923706056,0.7200000286102295,0.656000018119812
76.15804529190063,0.628000020980835,0.6439999938011169,0.6299999952316284,0.8019999861717224,0.7139999866485596,0.656000018119812
76.16760516166687,0.6299999952316284,0.6439999938011169,0.6320000290870667,0.734000027179718,0.6919999718666077,0.6579999923706055
76.1776990890503,0.6299999952316284,0.6439999938011169,0.6299999952316284,0.7239999771118164,0.6759999990463257,0.6600000262260437
76.1877691745758,0.6320000290870667,0.6439999938011169,0.6320000290870667,0.7239999771118164,0.6600000262260437,0.671999990940094
76.19799900054932,0.6320000290870667,0.6439999938011169,0.6320000290870667,0.7319999933242798,0.6600000262260437,0.6620000004768372
76.20787620544434,0.6320000290870667,0.6439999938011169,0.6320000290870667,0.75,0.6700000166893005,0.6620000004768372
76.21771478652954,0.6320000290870667,0.6439999938011169,0.6320000290870667,0.7580000162124634,0.6800000071525574,0.6620000004768372
76.22770690917969,0.6320000290870667,0.6439999938011169,0.6320000290870667,0.7599999904632568,0.6819999814033508,0.6620000004768372
76.23756003379822,0.6320000290870667,0.6439999938011169,0.6320000290870667,0.7580000162124634,0.6800000071525574,0.6620000004768372
76.24749779701233,0.6320000290870667,0.6439999938011169,0.6320000290870667,0.7559999823570251,0.6779999732971191,0.6620000004768372
76.25737142562866,0.6320000290870667,0.6439999938011169,0.6320000290870667,0.7559999823570251,0.6779999732971191,0.6620000004768372
76.26748991012573,0.6320000290870667,0.6439999938011169,0.6320000290870667,0.7559999823570251,0.6779999732971191,0.6620000004768372
76.27749681472778,0.6320000290870667,0.6439999938011169,0.6320000290870667,0.7540000081062317,0.6759999990463257,0.6620000004768372
76.28769111633301,0.6320000290870667,0.6439999938011169,0.6320000290870667,0.7540000081062317,0.6679999828338623,0.6620000004768372
76.30273485183716,0.6320000290870667,0.6439999938011169,0.6320000290870667,0.7540000081062317,0.6660000085830688,0.6620000004768372
76.30829668045044,0.6320000290870667,0.6439999938011169,0.6320000290870667,0.7540000081062317,0.6660000085830688,0.6620000004768372
76.31918406486511,0.6320000290870667,0.6439999938011169,0.6320000290870667,0.7519999742507935,0.6660000085830688,0.6620000004768372
76.32806539535522,0.6320000290870667,0.6439999938011169,0.6320000290870667,0.7519999742507935,0.6660000085830688,0.6620000004768372
76.33743381500244,0.6320000290870667,0.6439999938011169,0.6320000290870667,0.75,0.6660000085830688,0.6620000004768372
76.34754157066345,0.6320000290870667,0.6439999938011169,0.6320000290870667,0.75,0.6660000085830688,0.6620000004768372
76.3574366569519,0.6320000290870667,0.6439999938011169,0.6320000290870667,0.7480000257492065,0.6660000085830688,0.6620000004768372
76.36758470535278,0.6320000290870667,0.6439999938011169,0.6320000290870667,0.7480000257492065,0.6679999828338623,0.6620000004768372
76.37745523452759,0.6320000290870667,0.6439999938011169,0.6320000290870667,0.7480000257492065,0.6679999828338623,0.6620000004768372
76.38749933242798,0.6320000290870667,0.6439999938011169,0.6320000290870667,0.7480000257492065,0.6679999828338623,0.6620000004768372
76.39754366874695,0.6320000290870667,0.6439999938011169,0.6320000290870667,0.7459999918937683,0.6679999828338623,0.6620000004768372
76.4076464176178,0.6320000290870667,0.6439999938011169,0.6320000290870667,0.7459999918937683,0.6679999828338623,0.6620000004768372
76.41922616958618,0.6320000290870667,0.6439999938011169,0.6320000290870667,0.7459999918937683,0.6679999828338623,0.6620000004768372
76.42770457267761,0.6320000290870667,0.6439999938011169,0.6320000290870667,0.7459999918937683,0.6679999828338623,0.6620000004768372
76.43764090538025,0.6320000290870667,0.6439999938011169,0.6320000290870667,0.7440000176429749,0.6679999828338623,0.6620000004768372
76.44764971733093,0.6320000290870667,0.6439999938011169,0.6320000290870667,0.7419999837875366,0.6679999828338623,0.6620000004768372
76.45777320861816,0.6320000290870667,0.6439999938011169,0.6340000033378601,0.7419999837875366,0.6660000085830688,0.6620000004768372
76.46729564666748,0.6320000290870667,0.6439999938011169,0.6340000033378601,0.7419999837875366,0.6660000085830688,0.6620000004768372
76.47732448577881,0.6320000290870667,0.6439999938011169,0.6340000033378601,0.7400000095367432,0.6639999747276306,0.6620000004768372
76.48741245269775,0.6320000290870667,0.6439999938011169,0.6359999775886536,0.7400000095367432,0.6639999747276306,0.6620000004768372
76.49741721153259,0.6320000290870667,0.6439999938011169,0.6359999775886536,0.7379999756813049,0.6639999747276306,0.6620000004768372
76.50770139694214,0.6320000290870667,0.6439999938011169,0.6359999775886536,0.7379999756813049,0.6639999747276306,0.6620000004768372
76.5175085067749,0.6320000290870667,0.6439999938011169,0.6359999775886536,0.7379999756813049,0.6660000085830688,0.6620000004768372
76.5277247428894,0.6320000290870667,0.6439999938011169,0.6359999775886536,0.7379999756813049,0.6660000085830688,0.6620000004768372
76.53764462471008,0.6299999952316284,0.6439999938011169,0.6359999775886536,0.7419999837875366,0.6620000004768372,0.6620000004768372
76.54756212234497,0.6320000290870667,0.6439999938011169,0.6420000195503235,0.7379999756813049,0.6539999842643738,0.6759999990463257
76.55838561058044,0.6320000290870667,0.6439999938011169,0.6460000276565552,0.7300000190734863,0.6520000100135803,0.6880000233650208
76.56744623184204,0.6380000114440918,0.6439999938011169,0.6579999923706055,0.722000002861023,0.6480000019073486,0.7179999947547913
76.57748341560364,0.6359999775886536,0.6399999856948853,0.6740000247955322,0.7080000042915344,0.6439999938011169,0.7260000109672546
76.58753156661987,0.656000018119812,0.6399999856948853,0.6800000071525574,0.7059999704360962,0.6480000019073486,0.7239999771118164
76.59759044647217,0.6579999923706055,0.6399999856948853,0.6899999976158142,0.734000027179718,0.6539999842643738,0.7200000286102295
76.60734748840332,0.6620000004768372,0.6399999856948853,0.7020000219345093,0.7419999837875366,0.6980000138282776,0.7160000205039978
76.6176176071167,0.6800000071525574,0.6380000114440918,0.7139999866485596,0.75,0.7459999918937683,0.7120000123977661
76.62912058830261,0.6980000138282776,0.6380000114440918,0.722000002861023,0.765999972820282,0.7720000147819519,0.7099999785423279
76.63940024375916,0.7080000042915344,0.6380000114440918,0.7260000109672546,0.7839999794960022,0.7940000295639038,0.7080000042915344
76.64768886566162,0.7179999947547913,0.6399999856948853,0.7319999933242798,0.8199999928474426,0.8159999847412109,0.7080000042915344
76.65885472297668,0.7239999771118164,0.6420000195503235,0.7379999756813049,0.8339999914169312,0.8299999833106995,0.7059999704360962
76.66771912574768,0.7319999933242798,0.6420000195503235,0.7440000176429749,0.8479999899864197,0.843999981880188,0.7039999961853027
76.67752623558044,0.7379999756813049,0.6439999938011169,0.75,0.8560000061988831,0.8519999980926514,0.699999988079071
76.687673330307,0.7419999837875366,0.6439999938011169,0.7540000081062317,0.8600000143051147,0.8560000061988831,0.6980000138282776
76.69751977920532,0.7440000176429749,0.6460000276565552,0.7559999823570251,0.8619999885559082,0.8600000143051147,0.6980000138282776
76.70739960670471,0.7459999918937683,0.6480000019073486,0.7580000162124634,0.8640000224113464,0.8600000143051147,0.6940000057220459
76.71739792823792,0.7480000257492065,0.6480000019073486,0.7580000162124634,0.8640000224113464,0.8600000143051147,0.6919999718666077
76.72744512557983,0.75,0.6480000019073486,0.7599999904632568,0.8600000143051147,0.8560000061988831,0.6899999976158142
76.7375590801239,0.75,0.6480000019073486,0.7599999904632568,0.8579999804496765,0.8519999980926514,0.6880000233650208
76.74749684333801,0.7519999742507935,0.6480000019073486,0.7599999904632568,0.8560000061988831,0.8479999899864197,0.6840000152587891
76.75881004333496,0.7540000081062317,0.6480000019073486,0.7620000243186951,0.8539999723434448,0.843999981880188,0.6819999814033508
76.76773023605347,0.7540000081062317,0.6480000019073486,0.7620000243186951,0.8519999980926514,0.8420000076293945,0.6800000071525574
76.77797031402588,0.7540000081062317,0.6480000019073486,0.7620000243186951,0.8519999980926514,0.8399999737739563,0.6779999732971191
76.78894209861755,0.7559999823570251,0.6480000019073486,0.7620000243186951,0.8500000238418579,0.8339999914169312,0.6759999990463257
76.79742765426636,0.7559999823570251,0.6480000019073486,0.7620000243186951,0.8500000238418579,0.8299999833106995,0.6759999990463257
76.80768013000488,0.7580000162124634,0.6480000019073486,0.7639999985694885,0.8479999899864197,0.8259999752044678,0.6759999990463257
76.81744003295898,0.7580000162124634,0.6480000019073486,0.7639999985694885,0.8479999899864197,0.8240000009536743,0.6759999990463257
76.82742428779602,0.7580000162124634,0.6480000019073486,0.7639999985694885,0.8460000157356262,0.8220000267028809,0.6759999990463257
76.83737301826477,0.7580000162124634,0.6480000019073486,0.7639999985694885,0.8460000157356262,0.8220000267028809,0.6759999990463257
76.84763479232788,0.7580000162124634,0.6480000019073486,0.7639999985694885,0.8460000157356262,0.8220000267028809,0.6759999990463257
76.86025500297546,0.7580000162124634,0.6480000019073486,0.7639999985694885,0.843999981880188,0.8240000009536743,0.6759999990463257
76.8679039478302,0.7580000162124634,0.6480000019073486,0.765999972820282,0.843999981880188,0.8240000009536743,0.6759999990463257
76.87797355651855,0.7599999904632568,0.6480000019073486,0.765999972820282,0.843999981880188,0.8259999752044678,0.6779999732971191
76.88774156570435,0.7599999904632568,0.6499999761581421,0.765999972820282,0.8460000157356262,0.828000009059906,0.6779999732971191
76.8976514339447,0.7599999904632568,0.6480000019073486,0.7680000066757202,0.8479999899864197,0.8299999833106995,0.6779999732971191
76.9074559211731,0.7599999904632568,0.6499999761581421,0.7680000066757202,0.8500000238418579,0.8320000171661377,0.6800000071525574
76.91763067245483,0.7599999904632568,0.6499999761581421,0.7699999809265137,0.8519999980926514,0.8360000252723694,0.6800000071525574
76.92747902870178,0.7620000243186951,0.6499999761581421,0.7699999809265137,0.8560000061988831,0.8399999737739563,0.6800000071525574
76.93743062019348,0.7620000243186951,0.6499999761581421,0.7699999809265137,0.8579999804496765,0.843999981880188,0.6800000071525574
76.94763207435608,0.7620000243186951,0.6520000100135803,0.7720000147819519,0.8600000143051147,0.8460000157356262,0.6819999814033508
76.9574465751648,0.7620000243186951,0.6520000100135803,0.7720000147819519,0.8640000224113464,0.8519999980926514,0.6819999814033508
76.96759080886841,0.7620000243186951,0.6520000100135803,0.7739999890327454,0.8659999966621399,0.8539999723434448,0.6819999814033508
76.97741436958313,0.7620000243186951,0.6520000100135803,0.7739999890327454,0.8659999966621399,0.8579999804496765,0.6819999814033508
76.9894688129425,0.7620000243186951,0.6520000100135803,0.7739999890327454,0.8700000047683716,0.8600000143051147,0.6840000152587891
76.9976532459259,0.7620000243186951,0.6520000100135803,0.7739999890327454,0.871999979019165,0.8619999885559082,0.6840000152587891
77.0084719657898,0.7620000243186951,0.6520000100135803,0.7739999890327454,0.8759999871253967,0.8619999885559082,0.6859999895095825
77.01882648468018,0.7620000243186951,0.6520000100135803,0.7739999890327454,0.878000020980835,0.8640000224113464,0.6859999895095825
77.02762365341187,0.7599999904632568,0.6539999842643738,0.7760000228881836,0.8799999952316284,0.8679999709129333,0.6859999895095825
77.037437915802,0.7599999904632568,0.6539999842643738,0.7760000228881836,0.8820000290870667,0.8679999709129333,0.6859999895095825
77.04782295227051,0.7599999904632568,0.6539999842643738,0.7760000228881836,0.8840000033378601,0.8700000047683716,0.6859999895095825
77.05746459960938,0.7599999904632568,0.6539999842643738,0.7760000228881836,0.8859999775886536,0.8700000047683716,0.6859999895095825
77.06744074821472,0.7599999904632568,0.6539999842643738,0.7760000228881836,0.8899999856948853,0.871999979019165,0.6819999814033508
77.07751178741455,0.7599999904632568,0.6539999842643738,0.777999997138977,0.8920000195503235,0.871999979019165,0.6819999814033508
77.08744812011719,0.7599999904632568,0.656000018119812,0.777999997138977,0.8939999938011169,0.8759999871253967,0.6800000071525574
77.09749364852905,0.7599999904632568,0.656000018119812,0.777999997138977,0.8999999761581421,0.8759999871253967,0.6779999732971191
77.10826110839844,0.7599999904632568,0.656000018119812,0.777999997138977,0.906000018119812,0.8799999952316284,0.6779999732971191
77.12770390510559,0.7599999904632568,0.656000018119812,0.777999997138977,0.9120000004768372,0.8840000033378601,0.6759999990463257
77.12930607795715,0.7599999904632568,0.656000018119812,0.777999997138977,0.9139999747276306,0.8859999775886536,0.6740000247955322
77.13779616355896,0.7580000162124634,0.656000018119812,0.7799999713897705,0.921999990940094,0.8920000195503235,0.6740000247955322
77.14752173423767,0.7580000162124634,0.656000018119812,0.7799999713897705,0.9279999732971193,0.8960000276565552,0.671999990940094
77.15744066238403,0.7580000162124634,0.656000018119812,0.7799999713897705,0.9319999814033508,0.8999999761581421,0.671999990940094
77.16737222671509,0.7580000162124634,0.6579999923706055,0.7820000052452087,0.9399999976158142,0.9039999842643738,0.6700000166893005
77.17756366729736,0.7580000162124634,0.6579999923706055,0.7820000052452087,0.944000005722046,0.9079999923706056,0.6700000166893005
77.18749523162842,0.7580000162124634,0.6579999923706055,0.7820000052452087,0.9480000138282776,0.9139999747276306,0.6679999828338623
77.19739580154419,0.7580000162124634,0.6600000262260437,0.7839999794960022,0.9539999961853028,0.9179999828338624,0.6660000085830688
77.20751667022705,0.7580000162124634,0.6600000262260437,0.7839999794960022,0.962000012397766,0.921999990940094,0.6620000004768372
77.21862196922302,0.7580000162124634,0.6639999747276306,0.7839999794960022,0.9700000286102296,0.9279999732971193,0.6600000262260437
77.22771692276001,0.7580000162124634,0.6679999828338623,0.7839999794960022,0.977999985218048,0.9300000071525574,0.656000018119812
77.23782730102539,0.7580000162124634,0.6740000247955322,0.7860000133514404,0.984000027179718,0.9340000152587892,0.656000018119812
77.24749803543091,0.7580000162124634,0.6779999732971191,0.7860000133514404,0.9919999837875366,0.9380000233650208,0.656000018119812
77.25769138336182,0.7580000162124634,0.6819999814033508,0.7860000133514404,1.0,0.9419999718666076,0.6539999842643738
77.2674241065979,0.7559999823570251,0.6859999895095825,0.7860000133514404,1.0099999904632568,0.9459999799728394,0.6539999842643738
77.27759742736816,0.7559999823570251,0.6899999976158142,0.7860000133514404,1.0160000324249268,0.9480000138282776,0.6539999842643738
77.28740572929382,0.7540000081062317,0.6940000057220459,0.7860000133514404,1.0219999551773071,0.949999988079071,0.6539999842643738
77.29733157157898,0.75,0.6980000138282776,0.7860000133514404,1.031999945640564,0.9520000219345092,0.6539999842643738
77.30757904052734,0.7459999918937683,0.699999988079071,0.7860000133514404,1.037999987602234,0.9520000219345092,0.6539999842643738
77.31758069992065,0.7400000095367432,0.7039999961853027,0.7839999794960022,1.0460000038146973,0.9539999961853028,0.6539999842643738
77.32787084579468,0.7360000014305115,0.7059999704360962,0.7839999794960022,1.0540000200271606,0.9539999961853028,0.6539999842643738
77.3388397693634,0.7300000190734863,0.7099999785423279,0.7820000052452087,1.059999942779541,0.9539999961853028,0.6539999842643738
77.34756302833557,0.722000002861023,0.7139999866485596,0.777999997138977,1.065999984741211,0.949999988079071,0.6539999842643738
77.36043763160706,0.7120000123977661,0.7160000205039978,0.7720000147819519,1.0720000267028809,0.9480000138282776,0.6539999842643738
77.36752414703369,0.6980000138282776,0.7179999947547913,0.7639999985694885,1.0800000429153442,0.9399999976158142,0.6539999842643738
77.37771916389465,0.6859999895095825,0.722000002861023,0.7540000081062317,1.0839999914169312,0.9340000152587892,0.6539999842643738
77.38743662834167,0.6660000085830688,0.7260000109672546,0.734000027179718,1.0880000591278076,0.9240000247955322,0.6539999842643738
77.39755582809448,0.6499999761581421,0.7300000190734863,0.7160000205039978,1.0920000076293943,0.8939999938011169,0.6539999842643738
77.40742683410645,0.6439999938011169,0.7319999933242798,0.7059999704360962,1.093999981880188,0.8479999899864197,0.6539999842643738
77.41759419441223,0.6420000195503235,0.7360000014305115,0.6980000138282776,1.093999981880188,0.777999997138977,0.6520000100135803
77.42750692367554,0.6420000195503235,0.7379999756813049,0.6880000233650208,1.0959999561309814,0.7480000257492065,0.6539999842643738
77.43778443336487,0.6439999938011169,0.7379999756813049,0.6840000152587891,1.093999981880188,0.7319999933242798,0.6539999842643738
77.44776344299316,0.6420000195503235,0.734000027179718,0.6759999990463257,1.090000033378601,0.7200000286102295,0.6539999842643738
77.4575686454773,0.6420000195503235,0.7260000109672546,0.6660000085830688,1.0839999914169312,0.7099999785423279,0.6539999842643738
77.46764016151428,0.6399999856948853,0.6819999814033508,0.6420000195503235,1.0720000267028809,0.7120000123977661,0.6539999842643738
77.47758793830872,0.6359999775886536,0.6660000085830688,0.6320000290870667,1.0520000457763672,0.722000002861023,0.6539999842643738
77.48806619644165,0.6320000290870667,0.6620000004768372,0.6299999952316284,1.0299999713897705,0.7160000205039978,0.6539999842643738
77.49764060974121,0.628000020980835,0.6620000004768372,0.628000020980835,0.9959999918937684,0.6959999799728394,0.656000018119812
77.50760698318481,0.628000020980835,0.656000018119812,0.628000020980835,0.9660000205039978,0.6899999976158142,0.656000018119812
77.51740002632141,0.6259999871253967,0.6520000100135803,0.628000020980835,0.9279999732971193,0.6859999895095825,0.656000018119812
77.527503490448,0.6259999871253967,0.6499999761581421,0.6299999952316284,0.8759999871253967,0.6940000057220459,0.656000018119812
77.53740525245667,0.6259999871253967,0.6480000019073486,0.6340000033378601,0.7900000214576721,0.6959999799728394,0.656000018119812
77.54775381088257,0.6259999871253967,0.6460000276565552,0.6340000033378601,0.7300000190734863,0.6740000247955322,0.656000018119812
77.5597026348114,0.628000020980835,0.6460000276565552,0.6340000033378601,0.7139999866485596,0.6620000004768372,0.6579999923706055
77.56784963607788,0.6299999952316284,0.6439999938011169,0.6359999775886536,0.7120000123977661,0.6579999923706055,0.6700000166893005
77.57918643951416,0.6299999952316284,0.6460000276565552,0.6359999775886536,0.7120000123977661,0.656000018119812,0.6620000004768372
77.58765912055969,0.6299999952316284,0.6460000276565552,0.6359999775886536,0.7239999771118164,0.6579999923706055,0.6600000262260437
77.59764671325684,0.6299999952316284,0.6460000276565552,0.6359999775886536,0.7360000014305115,0.6579999923706055,0.6600000262260437
77.60772943496704,0.6299999952316284,0.6439999938011169,0.6359999775886536,0.7400000095367432,0.6639999747276306,0.6600000262260437
77.61753845214844,0.6299999952316284,0.6460000276565552,0.6359999775886536,0.7400000095367432,0.6679999828338623,0.6600000262260437
77.62762713432312,0.6320000290870667,0.6460000276565552,0.6359999775886536,0.7419999837875366,0.6679999828338623,0.6600000262260437
77.63770961761475,0.6320000290870667,0.6460000276565552,0.6359999775886536,0.7419999837875366,0.6679999828338623,0.6600000262260437
77.6476423740387,0.6320000290870667,0.6439999938011169,0.6359999775886536,0.7419999837875366,0.6679999828338623,0.6600000262260437
77.65810537338257,0.6320000290870667,0.6439999938011169,0.6359999775886536,0.7419999837875366,0.6660000085830688,0.6600000262260437
77.66864895820618,0.6320000290870667,0.6439999938011169,0.6359999775886536,0.7419999837875366,0.6660000085830688,0.6600000262260437
77.67739796638489,0.6320000290870667,0.6439999938011169,0.6359999775886536,0.7419999837875366,0.6660000085830688,0.6620000004768372
77.68763160705566,0.6320000290870667,0.6439999938011169,0.6359999775886536,0.7419999837875366,0.6660000085830688,0.6620000004768372
77.69751930236816,0.6320000290870667,0.6439999938011169,0.6359999775886536,0.7419999837875366,0.6660000085830688,0.6600000262260437
77.70799493789673,0.6320000290870667,0.6439999938011169,0.6340000033378601,0.7400000095367432,0.6660000085830688,0.6620000004768372
77.7175440788269,0.6320000290870667,0.6439999938011169,0.6340000033378601,0.7419999837875366,0.6679999828338623,0.6620000004768372
77.72749948501587,0.6320000290870667,0.6439999938011169,0.6340000033378601,0.7419999837875366,0.6679999828338623,0.6620000004768372
77.73751926422119,0.6320000290870667,0.6439999938011169,0.6340000033378601,0.7419999837875366,0.6679999828338623,0.6620000004768372
77.74772095680237,0.6320000290870667,0.6439999938011169,0.6340000033378601,0.7400000095367432,0.6679999828338623,0.6620000004768372
77.75738787651062,0.6320000290870667,0.6439999938011169,0.6340000033378601,0.7400000095367432,0.6660000085830688,0.6620000004768372
77.76763820648193,0.6320000290870667,0.6439999938011169,0.6340000033378601,0.7400000095367432,0.6660000085830688,0.6620000004768372
77.77799654006958,0.6320000290870667,0.6439999938011169,0.6340000033378601,0.7379999756813049,0.6660000085830688,0.6600000262260437
77.78744101524353,0.6320000290870667,0.6439999938011169,0.6340000033378601,0.7379999756813049,0.6660000085830688,0.6620000004768372
77.79794192314148,0.6320000290870667,0.6439999938011169,0.6340000033378601,0.7379999756813049,0.6660000085830688,0.6620000004768372
77.80803275108337,0.6320000290870667,0.6439999938011169,0.6340000033378601,0.7360000014305115,0.6660000085830688,0.6620000004768372
77.81770133972168,0.6320000290870667,0.6439999938011169,0.6340000033378601,0.7360000014305115,0.6660000085830688,0.6620000004768372
77.82746410369873,0.6320000290870667,0.6439999938011169,0.6340000033378601,0.7360000014305115,0.6660000085830688,0.6620000004768372
77.83737802505493,0.6320000290870667,0.6439999938011169,0.6340000033378601,0.7360000014305115,0.6660000085830688,0.6600000262260437
77.84771966934204,0.6320000290870667,0.6439999938011169,0.6359999775886536,0.734000027179718,0.6620000004768372,0.6620000004768372
77.85744857788086,0.6320000290870667,0.6439999938011169,0.6359999775886536,0.734000027179718,0.6620000004768372,0.6620000004768372
77.86743521690369,0.6320000290870667,0.6439999938011169,0.6359999775886536,0.734000027179718,0.6600000262260437,0.6600000262260437
77.8775384426117,0.6340000033378601,0.6439999938011169,0.6359999775886536,0.734000027179718,0.6600000262260437,0.6620000004768372
77.88806056976318,0.6340000033378601,0.6439999938011169,0.6359999775886536,0.7319999933242798,0.6600000262260437,0.6600000262260437
77.89770364761353,0.6340000033378601,0.6439999938011169,0.6359999775886536,0.7319999933242798,0.6600000262260437,0.6600000262260437
77.90808200836182,0.6340000033378601,0.6439999938011169,0.6359999775886536,0.7319999933242798,0.6600000262260437,0.6600000262260437
77.91745805740356,0.6340000033378601,0.6439999938011169,0.6359999775886536,0.7319999933242798,0.6620000004768372,0.6600000262260437
77.92764925956726,0.6340000033378601,0.6439999938011169,0.6359999775886536,0.7319999933242798,0.6620000004768372,0.6620000004768372
77.93746137619019,0.6340000033378601,0.6439999938011169,0.6359999775886536,0.7300000190734863,0.6620000004768372,0.6620000004768372
77.94749689102173,0.6299999952316284,0.6439999938011169,0.6399999856948853,0.7300000190734863,0.656000018119812,0.6620000004768372
77.95749258995056,0.6340000033378601,0.6439999938011169,0.6460000276565552,0.7260000109672546,0.6520000100135803,0.6779999732971191
77.96770024299622,0.6359999775886536,0.6439999938011169,0.6520000100135803,0.7239999771118164,0.6499999761581421,0.6940000057220459
77.97761631011963,0.6399999856948853,0.6420000195503235,0.6620000004768372,0.7080000042915344,0.6460000276565552,0.7279999852180481
77.98732423782349,0.656000018119812,0.6399999856948853,0.6779999732971191,0.7059999704360962,0.6380000114440918,0.7279999852180481
77.99801015853882,0.671999990940094,0.6399999856948853,0.6840000152587891,0.7039999961853027,0.6499999761581421,0.7239999771118164
78.00886821746826,0.6740000247955322,0.6420000195503235,0.6899999976158142,0.7300000190734863,0.6539999842643738,0.7139999866485596
78.0173864364624,0.6800000071525574,0.6420000195503235,0.699999988079071,0.7379999756813049,0.7099999785423279,0.7080000042915344
78.0277407169342,0.6980000138282776,0.6399999856948853,0.7139999866485596,0.75,0.7400000095367432,0.7059999704360962
78.03737497329712,0.7099999785423279,0.6420000195503235,0.722000002861023,0.7720000147819519,0.7620000243186951,0.699999988079071
78.04778218269348,0.7179999947547913,0.6420000195503235,0.7279999852180481,0.8080000281333923,0.7760000228881836,0.6980000138282776
78.05761528015137,0.7279999852180481,0.6439999938011169,0.734000027179718,0.8320000171661377,0.7960000038146973,0.6980000138282776
78.06755542755127,0.7300000190734863,0.6439999938011169,0.7379999756813049,0.8460000157356262,0.8100000023841858,0.6980000138282776
78.07758235931396,0.734000027179718,0.6460000276565552,0.7440000176429749,0.8579999804496765,0.8259999752044678,0.6980000138282776
78.08743262290955,0.7379999756813049,0.6480000019073486,0.7519999742507935,0.871999979019165,0.8360000252723694,0.6959999799728394
78.09752488136292,0.7419999837875366,0.6480000019073486,0.7540000081062317,0.8759999871253967,0.843999981880188,0.6940000057220459
78.10741353034973,0.7419999837875366,0.6499999761581421,0.7559999823570251,0.8799999952316284,0.8479999899864197,0.6919999718666077
78.11751437187195,0.7440000176429749,0.6499999761581421,0.7580000162124634,0.8840000033378601,0.8500000238418579,0.6899999976158142
78.12832403182983,0.7459999918937683,0.6499999761581421,0.7599999904632568,0.8840000033378601,0.8519999980926514,0.6880000233650208
78.13825845718384,0.7459999918937683,0.6499999761581421,0.7599999904632568,0.8840000033378601,0.8519999980926514,0.6859999895095825
78.14822173118591,0.7459999918937683,0.6520000100135803,0.7599999904632568,0.8840000033378601,0.8500000238418579,0.6840000152587891
78.15771055221558,0.7480000257492065,0.6520000100135803,0.7620000243186951,0.8820000290870667,0.8460000157356262,0.6819999814033508
78.16753339767456,0.7480000257492065,0.6520000100135803,0.7620000243186951,0.8799999952316284,0.843999981880188,0.6779999732971191
78.17797064781189,0.75,0.6520000100135803,0.7620000243186951,0.878000020980835,0.8420000076293945,0.6779999732971191
78.18772888183594,0.75,0.6520000100135803,0.7620000243186951,0.878000020980835,0.8379999995231628,0.6759999990463257
78.1975576877594,0.75,0.6520000100135803,0.7620000243186951,0.8759999871253967,0.8360000252723694,0.6740000247955322
78.20766115188599,0.7519999742507935,0.6520000100135803,0.7639999985694885,0.8759999871253967,0.8339999914169312,0.671999990940094
78.21744751930237,0.7519999742507935,0.6520000100135803,0.7639999985694885,0.8759999871253967,0.8320000171661377,0.671999990940094
78.2310700416565,0.7540000081062317,0.6520000100135803,0.7639999985694885,0.8759999871253967,0.8299999833106995,0.6700000166893005
78.23755431175232,0.7540000081062317,0.6520000100135803,0.765999972820282,0.8759999871253967,0.8299999833106995,0.6700000166893005
78.24757122993469,0.7559999823570251,0.6520000100135803,0.765999972820282,0.878000020980835,0.8299999833106995,0.6679999828338623
78.25748348236084,0.7559999823570251,0.6539999842643738,0.765999972820282,0.878000020980835,0.8299999833106995,0.6679999828338623
78.2676432132721,0.7559999823570251,0.6539999842643738,0.7680000066757202,0.8799999952316284,0.8299999833106995,0.6679999828338623
78.27785801887512,0.7580000162124634,0.6539999842643738,0.7680000066757202,0.8799999952316284,0.8299999833106995,0.6679999828338623
78.2878909111023,0.7580000162124634,0.656000018119812,0.7699999809265137,0.8820000290870667,0.8320000171661377,0.6679999828338623
78.29762029647827,0.7580000162124634,0.656000018119812,0.7699999809265137,0.8840000033378601,0.8339999914169312,0.6679999828338623
78.30773782730103,0.7599999904632568,0.6579999923706055,0.7720000147819519,0.8880000114440918,0.8339999914169312,0.6679999828338623
78.31752014160156,0.7599999904632568,0.6600000262260437,0.7720000147819519,0.8920000195503235,0.8379999995231628,0.6700000166893005
78.32772445678711,0.7620000243186951,0.6639999747276306,0.7739999890327454,0.8939999938011169,0.8399999737739563,0.6679999828338623
78.33757543563843,0.7620000243186951,0.6660000085830688,0.7739999890327454,0.8999999761581421,0.8420000076293945,0.6679999828338623
78.34826016426086,0.7620000243186951,0.6679999828338623,0.7760000228881836,0.9039999842643738,0.8460000157356262,0.6679999828338623
78.35784983634949,0.7639999985694885,0.6700000166893005,0.7760000228881836,0.9079999923706056,0.8500000238418579,0.6679999828338623
78.36751127243042,0.7639999985694885,0.671999990940094,0.777999997138977,0.9120000004768372,0.8519999980926514,0.6679999828338623
78.37762022018433,0.7639999985694885,0.6740000247955322,0.777999997138977,0.9139999747276306,0.8560000061988831,0.6679999828338623
78.38773822784424,0.7639999985694885,0.6740000247955322,0.777999997138977,0.9160000085830688,0.8579999804496765,0.6679999828338623
78.39735126495361,0.7639999985694885,0.6759999990463257,0.7799999713897705,0.9179999828338624,0.8600000143051147,0.6679999828338623
78.40764689445496,0.7639999985694885,0.6759999990463257,0.7799999713897705,0.9200000166893004,0.8600000143051147,0.6679999828338623
78.41746020317078,0.7639999985694885,0.6759999990463257,0.7799999713897705,0.9200000166893004,0.8619999885559082,0.6679999828338623
78.42785596847534,0.7639999985694885,0.6759999990463257,0.7799999713897705,0.921999990940094,0.8640000224113464,0.6679999828338623
78.43764090538025,0.7639999985694885,0.6759999990463257,0.7799999713897705,0.921999990940094,0.8659999966621399,0.6679999828338623
78.44744372367859,0.7639999985694885,0.6759999990463257,0.7820000052452087,0.921999990940094,0.8679999709129333,0.6679999828338623
78.46007990837097,0.7639999985694885,0.6779999732971191,0.7820000052452087,0.9240000247955322,0.8700000047683716,0.6679999828338623
78.4681990146637,0.7639999985694885,0.6759999990463257,0.7820000052452087,0.9259999990463256,0.8700000047683716,0.6679999828338623
78.47818613052368,0.7639999985694885,0.6759999990463257,0.7820000052452087,0.9279999732971193,0.871999979019165,0.6679999828338623
78.48761940002441,0.7639999985694885,0.6779999732971191,0.7820000052452087,0.9300000071525574,0.8740000128746033,0.6679999828338623
78.49757170677185,0.7639999985694885,0.6779999732971191,0.7820000052452087,0.9340000152587892,0.8759999871253967,0.6679999828338623
78.50740075111389,0.7639999985694885,0.6779999732971191,0.7820000052452087,0.9359999895095824,0.878000020980835,0.6679999828338623
78.51743721961975,0.7620000243186951,0.6779999732971191,0.7820000052452087,0.9380000233650208,0.8799999952316284,0.6679999828338623
78.52747201919556,0.7620000243186951,0.6779999732971191,0.7820000052452087,0.9399999976158142,0.8799999952316284,0.6679999828338623
78.53748846054077,0.7620000243186951,0.6800000071525574,0.7820000052452087,0.944000005722046,0.8820000290870667,0.6679999828338623
78.54752111434937,0.7620000243186951,0.6800000071525574,0.7820000052452087,0.9459999799728394,0.8859999775886536,0.6660000085830688
78.55779266357422,0.7620000243186951,0.6800000071525574,0.7820000052452087,0.949999988079071,0.8899999856948853,0.6660000085830688
78.56788635253906,0.7599999904632568,0.6819999814033508,0.7820000052452087,0.9520000219345092,0.8920000195503235,0.6639999747276306
78.57772755622864,0.7599999904632568,0.6819999814033508,0.7820000052452087,0.9580000042915344,0.8960000276565552,0.6639999747276306
78.58775281906128,0.7599999904632568,0.6840000152587891,0.7839999794960022,0.959999978542328,0.8980000019073486,0.6620000004768372
78.59759283065796,0.7599999904632568,0.6840000152587891,0.7839999794960022,0.9660000205039978,0.9039999842643738,0.6600000262260437
78.60756421089172,0.7580000162124634,0.6859999895095825,0.7839999794960022,0.972000002861023,0.9079999923706056,0.6600000262260437
78.617506980896,0.7580000162124634,0.6899999976158142,0.7839999794960022,0.977999985218048,0.9139999747276306,0.6579999923706055
78.62759137153625,0.7580000162124634,0.6919999718666077,0.7839999794960022,0.984000027179718,0.9179999828338624,0.6579999923706055
78.63764524459839,0.7580000162124634,0.6959999799728394,0.7839999794960022,0.9879999756813048,0.921999990940094,0.6579999923706055
78.64745926856995,0.7580000162124634,0.699999988079071,0.7860000133514404,0.9980000257492064,0.9279999732971193,0.656000018119812
78.65763926506042,0.7580000162124634,0.7020000219345093,0.7860000133514404,1.003999948501587,0.9319999814033508,0.656000018119812
78.66810297966003,0.7559999823570251,0.7059999704360962,0.7860000133514404,1.0119999647140503,0.9359999895095824,0.656000018119812
78.67740321159363,0.7559999823570251,0.7099999785423279,0.7860000133514404,1.0180000066757202,0.9399999976158142,0.6539999842643738
78.68776059150696,0.7559999823570251,0.7120000123977661,0.7860000133514404,1.02400004863739,0.944000005722046,0.656000018119812
78.69762349128723,0.7540000081062317,0.7160000205039978,0.7860000133514404,1.031999945640564,0.9480000138282776,0.656000018119812
78.71049213409424,0.7519999742507935,0.7160000205039978,0.7860000133514404,1.037999987602234,0.949999988079071,0.656000018119812
78.71748614311218,0.7480000257492065,0.7200000286102295,0.7860000133514404,1.0460000038146973,0.9520000219345092,0.656000018119812
78.72768139839172,0.7419999837875366,0.722000002861023,0.7839999794960022,1.055999994277954,0.9520000219345092,0.656000018119812
78.73779034614563,0.7379999756813049,0.7260000109672546,0.7839999794960022,1.059999942779541,0.9520000219345092,0.656000018119812
78.74747967720032,0.7319999933242798,0.7300000190734863,0.7820000052452087,1.0679999589920044,0.9520000219345092,0.6539999842643738
78.75739574432373,0.7279999852180481,0.7319999933242798,0.777999997138977,1.0740000009536743,0.9520000219345092,0.6539999842643738
78.76736164093018,0.7160000205039978,0.734000027179718,0.7699999809265137,1.0800000429153442,0.9459999799728394,0.6539999842643738
78.77759623527527,0.7020000219345093,0.7379999756813049,0.7639999985694885,1.0859999656677246,0.9399999976158142,0.6539999842643738
78.78772950172424,0.6919999718666077,0.7419999837875366,0.7519999742507935,1.0880000591278076,0.9340000152587892,0.6539999842643738
78.79770541191101,0.6779999732971191,0.7440000176429749,0.7360000014305115,1.0920000076293943,0.9240000247955322,0.6539999842643738
78.80742168426514,0.6620000004768372,0.7459999918937683,0.7200000286102295,1.0959999561309814,0.9079999923706056,0.6539999842643738
78.81827449798584,0.6539999842643738,0.7480000257492065,0.7099999785423279,1.0980000495910645,0.8700000047683716,0.6539999842643738
78.82892322540283,0.6460000276565552,0.7480000257492065,0.7020000219345093,1.0980000495910645,0.8019999861717224,0.6539999842643738
78.8381245136261,0.6460000276565552,0.7480000257492065,0.6940000057220459,1.0980000495910645,0.7680000066757202,0.6539999842643738
78.84749722480774,0.6460000276565552,0.7480000257492065,0.6859999895095825,1.0980000495910645,0.7459999918937683,0.6539999842643738
78.85742855072021,0.6460000276565552,0.7459999918937683,0.6779999732971191,1.093999981880188,0.7279999852180481,0.6539999842643738
78.86764121055603,0.6439999938011169,0.7419999837875366,0.6700000166893005,1.090000033378601,0.7160000205039978,0.6539999842643738
78.87777662277222,0.6399999856948853,0.7300000190734863,0.6420000195503235,1.0779999494552612,0.7080000042915344,0.656000018119812
78.88763976097107,0.6340000033378601,0.7120000123977661,0.6320000290870667,1.065999984741211,0.7239999771118164,0.656000018119812
78.8977472782135,0.6299999952316284,0.6859999895095825,0.6299999952316284,1.037999987602234,0.7120000123977661,0.6579999923706055
78.90752601623535,0.628000020980835,0.6639999747276306,0.628000020980835,1.0019999742507937,0.6899999976158142,0.6579999923706055
78.91736316680908,0.628000020980835,0.6639999747276306,0.628000020980835,0.972000002861023,0.6800000071525574,0.6579999923706055
78.92846655845642,0.6259999871253967,0.6620000004768372,0.628000020980835,0.9319999814033508,0.671999990940094,0.6579999923706055
78.93850612640381,0.6259999871253967,0.6600000262260437,0.628000020980835,0.8999999761581421,0.6759999990463257,0.6579999923706055
78.94740343093872,0.6259999871253967,0.6539999842643738,0.6320000290870667,0.8059999942779541,0.6859999895095825,0.6579999923706055
78.95775532722473,0.6259999871253967,0.6480000019073486,0.6340000033378601,0.7419999837875366,0.6740000247955322,0.6579999923706055
78.96745109558105,0.628000020980835,0.6480000019073486,0.6320000290870667,0.7300000190734863,0.671999990940094,0.6600000262260437
78.97757816314697,0.6299999952316284,0.6460000276565552,0.6320000290870667,0.7160000205039978,0.6660000085830688,0.6639999747276306
78.98746466636658,0.6320000290870667,0.6480000019073486,0.6340000033378601,0.7200000286102295,0.656000018119812,0.6660000085830688
78.99778509140015,0.6299999952316284,0.6480000019073486,0.6340000033378601,0.7260000109672546,0.6539999842643738,0.6620000004768372
79.00743699073792,0.6299999952316284,0.6480000019073486,0.6359999775886536,0.7419999837875366,0.656000018119812,0.6620000004768372
79.01753282546997,0.6299999952316284,0.6480000019073486,0.6359999775886536,0.7459999918937683,0.6679999828338623,0.6620000004768372
79.02891087532043,0.6299999952316284,0.6460000276565552,0.6340000033378601,0.7459999918937683,0.6700000166893005,0.6620000004768372
79.03762292861938,0.6320000290870667,0.6480000019073486,0.6320000290870667,0.7440000176429749,0.6700000166893005,0.6620000004768372
79.04778814315796,0.6299999952316284,0.6460000276565552,0.6320000290870667,0.7440000176429749,0.6700000166893005,0.6620000004768372
79.05764532089233,0.6320000290870667,0.6460000276565552,0.6320000290870667,0.7440000176429749,0.6700000166893005,0.6620000004768372
79.06856417655945,0.6320000290870667,0.6460000276565552,0.6320000290870667,0.7440000176429749,0.6700000166893005,0.6620000004768372
79.07740664482117,0.6320000290870667,0.6460000276565552,0.6320000290870667,0.7440000176429749,0.6700000166893005,0.6620000004768372
79.08754777908325,0.6320000290870667,0.6460000276565552,0.6320000290870667,0.7440000176429749,0.6679999828338623,0.6620000004768372
79.09734201431274,0.6320000290870667,0.6460000276565552,0.6320000290870667,0.7440000176429749,0.6679999828338623,0.6620000004768372
79.1079614162445,0.6320000290870667,0.6460000276565552,0.6320000290870667,0.7440000176429749,0.6679999828338623,0.6620000004768372
79.11812376976013,0.6320000290870667,0.6460000276565552,0.6320000290870667,0.7419999837875366,0.6679999828338623,0.6620000004768372
79.1274585723877,0.6320000290870667,0.6460000276565552,0.6320000290870667,0.7419999837875366,0.6700000166893005,0.6620000004768372
79.1374192237854,0.6320000290870667,0.6460000276565552,0.6320000290870667,0.7419999837875366,0.6700000166893005,0.6620000004768372
79.14758229255676,0.6320000290870667,0.6460000276565552,0.6320000290870667,0.7419999837875366,0.6700000166893005,0.6620000004768372
79.16052794456482,0.6320000290870667,0.6460000276565552,0.6320000290870667,0.7400000095367432,0.6700000166893005,0.6620000004768372
79.16790556907654,0.6320000290870667,0.6460000276565552,0.6320000290870667,0.7400000095367432,0.6700000166893005,0.6620000004768372
79.17770648002625,0.6320000290870667,0.6460000276565552,0.6320000290870667,0.7379999756813049,0.6679999828338623,0.6620000004768372
79.18736052513123,0.6320000290870667,0.6460000276565552,0.6320000290870667,0.7360000014305115,0.6679999828338623,0.6620000004768372
79.19745349884033,0.6320000290870667,0.6460000276565552,0.6320000290870667,0.7360000014305115,0.6679999828338623,0.6620000004768372
79.20741009712219,0.6320000290870667,0.6460000276565552,0.6320000290870667,0.7360000014305115,0.6679999828338623,0.6620000004768372
79.217360496521,0.6320000290870667,0.6460000276565552,0.6320000290870667,0.7360000014305115,0.6679999828338623,0.6620000004768372
79.22879886627197,0.6320000290870667,0.6460000276565552,0.6320000290870667,0.734000027179718,0.6679999828338623,0.6620000004768372
79.23773097991943,0.6320000290870667,0.6460000276565552,0.6320000290870667,0.734000027179718,0.6679999828338623,0.6620000004768372
79.24759697914124,0.6320000290870667,0.6460000276565552,0.6340000033378601,0.734000027179718,0.6660000085830688,0.6620000004768372
79.25749683380127,0.6320000290870667,0.6460000276565552,0.6340000033378601,0.734000027179718,0.6639999747276306,0.6620000004768372
79.26881647109985,0.6320000290870667,0.6460000276565552,0.6340000033378601,0.734000027179718,0.6639999747276306,0.6620000004768372
79.27937078475952,0.6320000290870667,0.6460000276565552,0.6340000033378601,0.7319999933242798,0.6639999747276306,0.6620000004768372
79.28752326965332,0.6320000290870667,0.6460000276565552,0.6340000033378601,0.7319999933242798,0.6600000262260437,0.6620000004768372
79.29772400856018,0.6320000290870667,0.6460000276565552,0.6340000033378601,0.7319999933242798,0.6600000262260437,0.6620000004768372
79.3074324131012,0.6320000290870667,0.6460000276565552,0.6340000033378601,0.7319999933242798,0.6600000262260437,0.6620000004768372
79.31742882728577,0.6340000033378601,0.6460000276565552,0.6340000033378601,0.7300000190734863,0.6600000262260437,0.6620000004768372
79.32746481895447,0.6340000033378601,0.6460000276565552,0.6340000033378601,0.7319999933242798,0.6600000262260437,0.6620000004768372
79.33748364448547,0.6320000290870667,0.6460000276565552,0.6359999775886536,0.7319999933242798,0.6579999923706055,0.6620000004768372
79.34762978553772,0.6340000033378601,0.6460000276565552,0.6420000195503235,0.7319999933242798,0.6539999842643738,0.671999990940094
79.35790944099426,0.6359999775886536,0.6460000276565552,0.6460000276565552,0.7260000109672546,0.6499999761581421,0.6840000152587891
79.3675308227539,0.6439999938011169,0.6460000276565552,0.6499999761581421,0.7260000109672546,0.6439999938011169,0.7160000205039978
79.37838912010193,0.6359999775886536,0.6439999938011169,0.6639999747276306,0.7120000123977661,0.6480000019073486,0.7279999852180481
79.38800835609436,0.6579999923706055,0.6439999938011169,0.6759999990463257,0.7099999785423279,0.6380000114440918,0.7260000109672546
79.39751148223877,0.6639999747276306,0.6439999938011169,0.6819999814033508,0.7160000205039978,0.6439999938011169,0.7239999771118164
79.40749979019165,0.6660000085830688,0.6439999938011169,0.6899999976158142,0.734000027179718,0.6499999761581421,0.7160000205039978
79.41746950149536,0.6779999732971191,0.6439999938011169,0.7039999961853027,0.7379999756813049,0.6959999799728394,0.7099999785423279
79.42750954627991,0.6919999718666077,0.6399999856948853,0.7120000123977661,0.7440000176429749,0.722000002861023,0.7099999785423279
79.4375581741333,0.7080000042915344,0.6420000195503235,0.7200000286102295,0.75,0.7360000014305115,0.7059999704360962
79.44757652282715,0.7160000205039978,0.6420000195503235,0.7239999771118164,0.7540000081062317,0.7519999742507935,0.7039999961853027
79.45763182640076,0.7260000109672546,0.6420000195503235,0.7279999852180481,0.7799999713897705,0.7599999904632568,0.7020000219345093
79.46756601333618,0.734000027179718,0.6420000195503235,0.734000027179718,0.8080000281333923,0.7739999890327454,0.699999988079071
79.477454662323,0.7360000014305115,0.6439999938011169,0.7379999756813049,0.8199999928474426,0.7820000052452087,0.699999988079071
79.48755192756653,0.7419999837875366,0.6460000276565552,0.7419999837875366,0.8259999752044678,0.7900000214576721,0.6980000138282776
79.49830889701843,0.7440000176429749,0.6460000276565552,0.7459999918937683,0.8299999833106995,0.7940000295639038,0.6980000138282776
79.50894331932068,0.7459999918937683,0.6460000276565552,0.7480000257492065,0.8299999833106995,0.7960000038146973,0.6959999799728394
79.51797795295715,0.7480000257492065,0.6460000276565552,0.75,0.8299999833106995,0.7979999780654907,0.6959999799728394
79.52849078178406,0.7480000257492065,0.6480000019073486,0.7519999742507935,0.828000009059906,0.7979999780654907,0.6940000057220459
79.53961133956909,0.75,0.6460000276565552,0.7519999742507935,0.8240000009536743,0.7960000038146973,0.6940000057220459
79.54777979850769,0.75,0.6480000019073486,0.7519999742507935,0.8199999928474426,0.7919999957084656,0.6919999718666077
79.55948162078857,0.75,0.6480000019073486,0.7519999742507935,0.8159999847412109,0.7919999957084656,0.6899999976158142
79.56789016723633,0.75,0.6460000276565552,0.7519999742507935,0.8100000023841858,0.7900000214576721,0.6880000233650208
79.58178162574768,0.7519999742507935,0.6460000276565552,0.7519999742507935,0.8059999942779541,0.7900000214576721,0.6859999895095825
79.58851742744446,0.7519999742507935,0.6460000276565552,0.7519999742507935,0.8019999861717224,0.7879999876022339,0.6859999895095825
79.59999251365662,0.7519999742507935,0.6460000276565552,0.7519999742507935,0.7960000038146973,0.7879999876022339,0.6859999895095825
79.60923624038696,0.7519999742507935,0.6460000276565552,0.7519999742507935,0.7919999957084656,0.7879999876022339,0.6859999895095825
79.61832594871521,0.7519999742507935,0.6460000276565552,0.7519999742507935,0.7860000133514404,0.7860000133514404,0.6859999895095825
79.62848854064941,0.7519999742507935,0.6460000276565552,0.7519999742507935,0.7839999794960022,0.7839999794960022,0.6859999895095825
79.6373541355133,0.7519999742507935,0.6460000276565552,0.7519999742507935,0.7760000228881836,0.7820000052452087,0.6859999895095825
79.64752340316772,0.7540000081062317,0.6460000276565552,0.7519999742507935,0.7720000147819519,0.7820000052452087,0.6859999895095825
79.65733122825623,0.7540000081062317,0.6460000276565552,0.7519999742507935,0.7699999809265137,0.7820000052452087,0.6859999895095825
79.66744017601013,0.7540000081062317,0.6460000276565552,0.7519999742507935,0.7720000147819519,0.7820000052452087,0.6859999895095825
79.67792344093323,0.7540000081062317,0.6460000276565552,0.7540000081062317,0.777999997138977,0.7839999794960022,0.6859999895095825
79.6873300075531,0.7540000081062317,0.6460000276565552,0.7540000081062317,0.7820000052452087,0.7860000133514404,0.6880000233650208
79.69738435745239,0.7540000081062317,0.6460000276565552,0.7540000081062317,0.7919999957084656,0.7879999876022339,0.6880000233650208
79.70807266235352,0.7559999823570251,0.6460000276565552,0.7559999823570251,0.7979999780654907,0.7900000214576721,0.6880000233650208
79.71773934364319,0.7559999823570251,0.6460000276565552,0.7580000162124634,0.8059999942779541,0.7919999957084656,0.6899999976158142
79.72813868522644,0.7559999823570251,0.6460000276565552,0.7599999904632568,0.8140000104904175,0.7960000038146973,0.6899999976158142
79.7379367351532,0.7580000162124634,0.6480000019073486,0.7620000243186951,0.8199999928474426,0.800000011920929,0.6899999976158142
79.74864196777344,0.7580000162124634,0.6480000019073486,0.7639999985694885,0.8240000009536743,0.8040000200271606,0.6899999976158142
79.75802421569824,0.7580000162124634,0.6480000019073486,0.765999972820282,0.828000009059906,0.8059999942779541,0.6899999976158142
79.76773858070374,0.7580000162124634,0.6480000019073486,0.765999972820282,0.8320000171661377,0.8100000023841858,0.6899999976158142
79.77786326408386,0.7580000162124634,0.6480000019073486,0.7680000066757202,0.8360000252723694,0.8159999847412109,0.6899999976158142
79.79128003120422,0.7580000162124634,0.6499999761581421,0.7680000066757202,0.8399999737739563,0.8180000185966492,0.6899999976158142
79.79882383346558,0.7580000162124634,0.6499999761581421,0.7699999809265137,0.843999981880188,0.8220000267028809,0.6899999976158142
79.80974054336548,0.7580000162124634,0.6499999761581421,0.7699999809265137,0.8460000157356262,0.8240000009536743,0.6899999976158142
79.81854176521301,0.7580000162124634,0.6499999761581421,0.7699999809265137,0.8500000238418579,0.828000009059906,0.6899999976158142
79.8301432132721,0.7580000162124634,0.6520000100135803,0.7720000147819519,0.8560000061988831,0.8339999914169312,0.6899999976158142
79.83818459510803,0.7580000162124634,0.6520000100135803,0.7720000147819519,0.8619999885559082,0.8399999737739563,0.6899999976158142
79.8483521938324,0.7559999823570251,0.6539999842643738,0.7720000147819519,0.8700000047683716,0.8479999899864197,0.6899999976158142
79.85828614234924,0.7540000081062317,0.6520000100135803,0.7720000147819519,0.8740000128746033,0.8579999804496765,0.6919999718666077
79.86735701560974,0.7540000081062317,0.6539999842643738,0.7739999890327454,0.8799999952316284,0.8679999709129333,0.6919999718666077
79.8773365020752,0.7519999742507935,0.6539999842643738,0.7739999890327454,0.8859999775886536,0.8759999871253967,0.6919999718666077
79.88737607002258,0.7519999742507935,0.6539999842643738,0.7739999890327454,0.8899999856948853,0.8820000290870667,0.6919999718666077
79.89741325378418,0.7519999742507935,0.6539999842643738,0.7739999890327454,0.8980000019073486,0.8899999856948853,0.6919999718666077
79.90739440917969,0.75,0.6539999842643738,0.7760000228881836,0.906000018119812,0.8939999938011169,0.6919999718666077
79.91731286048889,0.75,0.6539999842643738,0.7760000228881836,0.9100000262260436,0.8980000019073486,0.6899999976158142
79.92748641967773,0.7480000257492065,0.6539999842643738,0.7760000228881836,0.9160000085830688,0.9039999842643738,0.6880000233650208
79.9372251033783,0.7480000257492065,0.6539999842643738,0.7760000228881836,0.921999990940094,0.9079999923706056,0.6859999895095825
79.94782209396362,0.7480000257492065,0.6539999842643738,0.7760000228881836,0.9279999732971193,0.9120000004768372,0.6859999895095825
79.95782351493835,0.7480000257492065,0.6539999842643738,0.777999997138977,0.9319999814033508,0.9160000085830688,0.6840000152587891
79.96800875663757,0.7459999918937683,0.6539999842643738,0.777999997138977,0.9359999895095824,0.9200000166893004,0.6819999814033508
79.97781014442444,0.7459999918937683,0.6539999842643738,0.777999997138977,0.9399999976158142,0.9259999990463256,0.6800000071525574
79.9894425868988,0.7459999918937683,0.656000018119812,0.777999997138977,0.9419999718666076,0.9279999732971193,0.6779999732971191
79.9998848438263,0.7459999918937683,0.656000018119812,0.777999997138977,0.944000005722046,0.9279999732971193,0.6779999732971191
80.01011300086975,0.7459999918937683,0.656000018119812,0.7799999713897705,0.9520000219345092,0.9359999895095824,0.6740000247955322
80.02133131027222,0.7459999918937683,0.656000018119812,0.7799999713897705,0.9559999704360962,0.9380000233650208,0.671999990940094
80.03013801574707,0.7459999918937683,0.6579999923706055,0.7820000052452087,0.962000012397766,0.944000005722046,0.6700000166893005
80.04125213623047,0.7459999918937683,0.6579999923706055,0.7820000052452087,0.9679999947547911,0.9480000138282776,0.6679999828338623
80.05073046684265,0.7459999918937683,0.6579999923706055,0.7820000052452087,0.9760000109672546,0.9520000219345092,0.6639999747276306
80.0643584728241,0.7459999918937683,0.6579999923706055,0.7839999794960022,0.9819999933242798,0.9580000042915344,0.6600000262260437
80.06772089004517,0.7440000176429749,0.6579999923706055,0.7839999794960022,0.9879999756813048,0.962000012397766,0.6600000262260437
80.07748413085938,0.7440000176429749,0.656000018119812,0.7839999794960022,0.9980000257492064,0.9660000205039978,0.656000018119812
80.0919861793518,0.7440000176429749,0.6639999747276306,0.7860000133514404,1.0080000162124634,0.9679999947547911,0.656000018119812
80.09742379188538,0.7440000176429749,0.6679999828338623,0.7860000133514404,1.0119999647140503,0.9700000286102296,0.6539999842643738
80.10737180709839,0.7419999837875366,0.6740000247955322,0.7860000133514404,1.0199999809265137,0.972000002861023,0.6539999842643738
80.11801075935364,0.7400000095367432,0.6779999732971191,0.7860000133514404,1.027999997138977,0.9739999771118164,0.6539999842643738
80.12821769714355,0.7360000014305115,0.6840000152587891,0.7860000133514404,1.0360000133514404,0.9760000109672546,0.6539999842643738
80.13745522499084,0.7300000190734863,0.6880000233650208,0.7839999794960022,1.0460000038146973,0.9760000109672546,0.6539999842643738
80.14758801460266,0.7260000109672546,0.6899999976158142,0.7839999794960022,1.0520000457763672,0.977999985218048,0.6539999842643738
80.15756583213806,0.7200000286102295,0.6959999799728394,0.7820000052452087,1.059999942779541,0.977999985218048,0.6539999842643738
80.16765570640564,0.7099999785423279,0.6980000138282776,0.777999997138977,1.065999984741211,0.977999985218048,0.6539999842643738
80.17765283584595,0.6940000057220459,0.7020000219345093,0.7699999809265137,1.0740000009536743,0.9760000109672546,0.6539999842643738
80.18749499320984,0.6779999732971191,0.7059999704360962,0.7599999904632568,1.0800000429153442,0.972000002861023,0.6539999842643738
80.19752836227417,0.6660000085830688,0.7080000042915344,0.7480000257492065,1.0839999914169312,0.9679999947547911,0.6520000100135803
80.20756912231445,0.6520000100135803,0.7099999785423279,0.7260000109672546,1.0880000591278076,0.9580000042915344,0.6520000100135803
80.2174882888794,0.6460000276565552,0.7120000123977661,0.7120000123977661,1.090000033378601,0.9300000071525574,0.6520000100135803
80.22743630409241,0.6439999938011169,0.7160000205039978,0.699999988079071,1.0920000076293943,0.8460000157356262,0.6520000100135803
80.23833012580872,0.6439999938011169,0.722000002861023,0.6859999895095825,1.0959999561309814,0.7839999794960022,0.6499999761581421
80.24860262870789,0.6439999938011169,0.722000002861023,0.6819999814033508,1.0959999561309814,0.7680000066757202,0.6499999761581421
80.2578399181366,0.6399999856948853,0.7120000123977661,0.6740000247955322,1.0920000076293943,0.7599999904632568,0.6499999761581421
80.26762890815735,0.6399999856948853,0.6579999923706055,0.6679999828338623,1.0839999914169312,0.75,0.6520000100135803
80.27754616737366,0.6380000114440918,0.656000018119812,0.6600000262260437,1.0720000267028809,0.7440000176429749,0.6520000100135803
80.28748750686646,0.6399999856948853,0.6520000100135803,0.6439999938011169,1.0440000295639038,0.7279999852180481,0.6520000100135803
80.29753756523132,0.6420000195503235,0.6480000019073486,0.6399999856948853,1.0140000581741333,0.722000002861023,0.6539999842643738
80.30756521224976,0.6399999856948853,0.6480000019073486,0.6320000290870667,0.9739999771118164,0.7179999947547913,0.6539999842643738
80.31770181655884,0.6359999775886536,0.6439999938011169,0.6320000290870667,0.9319999814033508,0.7239999771118164,0.6539999842643738
80.32767581939697,0.6320000290870667,0.6420000195503235,0.6320000290870667,0.8880000114440918,0.722000002861023,0.656000018119812
80.33749723434448,0.628000020980835,0.6399999856948853,0.6380000114440918,0.7820000052452087,0.7059999704360962,0.656000018119812
80.34802603721619,0.628000020980835,0.6399999856948853,0.6359999775886536,0.7300000190734863,0.6759999990463257,0.656000018119812
80.35884022712708,0.6299999952316284,0.6399999856948853,0.6380000114440918,0.7139999866485596,0.6579999923706055,0.656000018119812
80.36762309074402,0.6299999952316284,0.6420000195503235,0.6380000114440918,0.7160000205039978,0.656000018119812,0.671999990940094
80.37755632400513,0.6299999952316284,0.6420000195503235,0.6399999856948853,0.722000002861023,0.656000018119812,0.6600000262260437
80.38747262954712,0.6320000290870667,0.6420000195503235,0.6380000114440918,0.734000027179718,0.656000018119812,0.6579999923706055
80.39749956130981,0.6320000290870667,0.6420000195503235,0.6380000114440918,0.7440000176429749,0.656000018119812,0.6579999923706055
80.4074194431305,0.6320000290870667,0.6420000195503235,0.6380000114440918,0.7480000257492065,0.656000018119812,0.6579999923706055
80.4173846244812,0.6320000290870667,0.6420000195503235,0.6380000114440918,0.7480000257492065,0.656000018119812,0.6579999923706055
80.43116903305054,0.6320000290870667,0.6439999938011169,0.6380000114440918,0.7459999918937683,0.6579999923706055,0.6579999923706055
80.4374840259552,0.6320000290870667,0.6439999938011169,0.6380000114440918,0.7459999918937683,0.6579999923706055,0.6600000262260437
80.44741988182068,0.6320000290870667,0.6439999938011169,0.6380000114440918,0.7459999918937683,0.6579999923706055,0.6600000262260437
80.45750093460083,0.6320000290870667,0.6439999938011169,0.6380000114440918,0.7459999918937683,0.6579999923706055,0.6600000262260437
80.46751666069031,0.6320000290870667,0.6439999938011169,0.6380000114440918,0.7440000176429749,0.6579999923706055,0.6600000262260437
80.47982001304626,0.6320000290870667,0.6439999938011169,0.6380000114440918,0.7440000176429749,0.6579999923706055,0.6600000262260437
80.48739051818848,0.6320000290870667,0.6420000195503235,0.6380000114440918,0.7440000176429749,0.6579999923706055,0.6600000262260437
80.49759197235107,0.6320000290870667,0.6420000195503235,0.6380000114440918,0.7440000176429749,0.6579999923706055,0.6600000262260437
80.5075352191925,0.6320000290870667,0.6420000195503235,0.6380000114440918,0.7419999837875366,0.6579999923706055,0.6600000262260437
80.51749563217163,0.6320000290870667,0.6420000195503235,0.6359999775886536,0.7419999837875366,0.6579999923706055,0.6600000262260437
80.52750754356384,0.6320000290870667,0.6439999938011169,0.6380000114440918,0.7419999837875366,0.6579999923706055,0.6600000262260437
80.53747606277466,0.6320000290870667,0.6420000195503235,0.6359999775886536,0.7419999837875366,0.6579999923706055,0.6600000262260437
80.54748678207397,0.6320000290870667,0.6439999938011169,0.6359999775886536,0.7400000095367432,0.6579999923706055,0.6600000262260437
80.55780220031738,0.6320000290870667,0.6439999938011169,0.6380000114440918,0.7400000095367432,0.6579999923706055,0.6600000262260437
80.56744122505188,0.6320000290870667,0.6439999938011169,0.6380000114440918,0.7400000095367432,0.6579999923706055,0.6600000262260437
80.57754921913147,0.6320000290870667,0.6439999938011169,0.6380000114440918,0.7379999756813049,0.6579999923706055,0.6600000262260437
80.58862137794495,0.6320000290870667,0.6439999938011169,0.6380000114440918,0.7360000014305115,0.6579999923706055,0.6600000262260437
80.59889674186707,0.6320000290870667,0.6439999938011169,0.6359999775886536,0.7360000014305115,0.6579999923706055,0.6600000262260437
80.60762643814087,0.6320000290870667,0.6439999938011169,0.6359999775886536,0.7360000014305115,0.6579999923706055,0.6600000262260437
80.61765217781067,0.6320000290870667,0.6439999938011169,0.6359999775886536,0.7360000014305115,0.6579999923706055,0.6600000262260437
80.62760710716248,0.6320000290870667,0.6439999938011169,0.6359999775886536,0.7360000014305115,0.6579999923706055,0.6600000262260437
80.63736581802368,0.6320000290870667,0.6439999938011169,0.6359999775886536,0.734000027179718,0.6579999923706055,0.6620000004768372
80.6475441455841,0.6320000290870667,0.6439999938011169,0.6380000114440918,0.734000027179718,0.6579999923706055,0.6600000262260437
80.65740275382996,0.6320000290870667,0.6439999938011169,0.6380000114440918,0.734000027179718,0.6579999923706055,0.6600000262260437
80.66888165473938,0.6320000290870667,0.6439999938011169,0.6380000114440918,0.7319999933242798,0.656000018119812,0.6600000262260437
80.67785429954529,0.6320000290870667,0.6439999938011169,0.6380000114440918,0.7319999933242798,0.6579999923706055,0.6600000262260437
80.68759322166443,0.6320000290870667,0.6439999938011169,0.6380000114440918,0.7300000190734863,0.6579999923706055,0.6600000262260437
80.69768619537354,0.6340000033378601,0.6439999938011169,0.6380000114440918,0.7300000190734863,0.6579999923706055,0.6600000262260437
80.70771789550781,0.6320000290870667,0.6439999938011169,0.6380000114440918,0.7279999852180481,0.6579999923706055,0.6600000262260437
80.71757650375366,0.6340000033378601,0.6439999938011169,0.6380000114440918,0.7279999852180481,0.6579999923706055,0.6600000262260437
80.7275185585022,0.6340000033378601,0.6439999938011169,0.6380000114440918,0.7279999852180481,0.6579999923706055,0.6600000262260437
80.73742246627808,0.6340000033378601,0.6439999938011169,0.6380000114440918,0.7279999852180481,0.6579999923706055,0.6600000262260437
80.74749064445496,0.6299999952316284,0.6439999938011169,0.6420000195503235,0.7279999852180481,0.656000018119812,0.6620000004768372
80.75778007507324,0.6340000033378601,0.6439999938011169,0.6460000276565552,0.722000002861023,0.6499999761581421,0.6740000247955322
80.76749062538147,0.6359999775886536,0.6439999938011169,0.6520000100135803,0.7179999947547913,0.6480000019073486,0.6919999718666077
80.77736806869507,0.6439999938011169,0.6439999938011169,0.656000018119812,0.7160000205039978,0.6439999938011169,0.7200000286102295
80.78786420822144,0.6359999775886536,0.6420000195503235,0.6639999747276306,0.7039999961853027,0.6460000276565552,0.7279999852180481
80.79764723777771,0.6499999761581421,0.6420000195503235,0.6740000247955322,0.7039999961853027,0.6399999856948853,0.7260000109672546
80.80758810043335,0.6579999923706055,0.6420000195503235,0.6819999814033508,0.7020000219345093,0.6399999856948853,0.722000002861023
80.81999468803406,0.6600000262260437,0.6439999938011169,0.6859999895095825,0.7099999785423279,0.6460000276565552,0.7179999947547913
80.82920932769775,0.6800000071525574,0.6439999938011169,0.7059999704360962,0.7279999852180481,0.6919999718666077,0.7099999785423279
80.83775496482849,0.6959999799728394,0.6439999938011169,0.7139999866485596,0.7379999756813049,0.7300000190734863,0.7080000042915344
80.84752941131592,0.7099999785423279,0.6420000195503235,0.722000002861023,0.7459999918937683,0.7519999742507935,0.7059999704360962
80.85735964775085,0.7200000286102295,0.6420000195503235,0.7279999852180481,0.7540000081062317,0.765999972820282,0.7020000219345093
80.86763095855713,0.7300000190734863,0.6420000195503235,0.734000027179718,0.7900000214576721,0.7839999794960022,0.699999988079071
80.87743592262268,0.7360000014305115,0.6460000276565552,0.7400000095367432,0.8180000185966492,0.7979999780654907,0.699999988079071
80.88745260238647,0.7379999756813049,0.6460000276565552,0.7440000176429749,0.8259999752044678,0.8059999942779541,0.6980000138282776
80.89992237091064,0.7440000176429749,0.6480000019073486,0.7480000257492065,0.8360000252723694,0.8140000104904175,0.6959999799728394
80.90864062309265,0.7459999918937683,0.6480000019073486,0.7540000081062317,0.8420000076293945,0.8220000267028809,0.6940000057220459
80.91761422157288,0.7459999918937683,0.6480000019073486,0.7559999823570251,0.843999981880188,0.8240000009536743,0.6919999718666077
80.92996406555176,0.7480000257492065,0.6480000019073486,0.7559999823570251,0.843999981880188,0.828000009059906,0.6919999718666077
80.93951153755188,0.7480000257492065,0.6499999761581421,0.7580000162124634,0.843999981880188,0.828000009059906,0.6899999976158142
80.94825983047485,0.75,0.6480000019073486,0.7580000162124634,0.843999981880188,0.828000009059906,0.6880000233650208
80.95796203613281,0.75,0.6499999761581421,0.7599999904632568,0.843999981880188,0.828000009059906,0.6859999895095825
80.96773934364319,0.75,0.6499999761581421,0.7580000162124634,0.843999981880188,0.828000009059906,0.6840000152587891
80.97945427894592,0.75,0.6499999761581421,0.7599999904632568,0.8420000076293945,0.8259999752044678,0.6840000152587891
80.98913931846619,0.7519999742507935,0.6499999761581421,0.7599999904632568,0.8420000076293945,0.8240000009536743,0.6800000071525574
80.99777960777283,0.7519999742507935,0.6499999761581421,0.7599999904632568,0.8399999737739563,0.8240000009536743,0.6800000071525574
81.00797891616821,0.7519999742507935,0.6499999761581421,0.7599999904632568,0.8399999737739563,0.8240000009536743,0.6800000071525574
81.019202709198,0.7519999742507935,0.6499999761581421,0.7599999904632568,0.8399999737739563,0.8220000267028809,0.6800000071525574
81.03064274787903,0.7519999742507935,0.6499999761581421,0.7599999904632568,0.8399999737739563,0.8220000267028809,0.6800000071525574
81.03797459602356,0.7519999742507935,0.6499999761581421,0.7620000243186951,0.8399999737739563,0.8220000267028809,0.6800000071525574
81.04905772209167,0.7519999742507935,0.6480000019073486,0.7620000243186951,0.8399999737739563,0.8220000267028809,0.6819999814033508
81.05828738212585,0.7519999742507935,0.6499999761581421,0.7620000243186951,0.8399999737739563,0.8220000267028809,0.6819999814033508
81.06836271286011,0.7519999742507935,0.6499999761581421,0.7620000243186951,0.8399999737739563,0.8220000267028809,0.6819999814033508
81.07726645469666,0.7540000081062317,0.6499999761581421,0.7620000243186951,0.8399999737739563,0.8240000009536743,0.6819999814033508
81.0872368812561,0.7540000081062317,0.6499999761581421,0.7639999985694885,0.8399999737739563,0.8240000009536743,0.6840000152587891
81.09723782539368,0.7540000081062317,0.6480000019073486,0.7639999985694885,0.8399999737739563,0.8240000009536743,0.6840000152587891
81.10727262496948,0.7540000081062317,0.6499999761581421,0.765999972820282,0.8420000076293945,0.8259999752044678,0.6840000152587891
81.11733484268188,0.7540000081062317,0.6499999761581421,0.765999972820282,0.8420000076293945,0.828000009059906,0.6859999895095825
81.12735533714294,0.7559999823570251,0.6499999761581421,0.765999972820282,0.8460000157356262,0.8299999833106995,0.6859999895095825
81.13754868507385,0.7559999823570251,0.6499999761581421,0.7680000066757202,0.8479999899864197,0.8320000171661377,0.6859999895095825
81.14755702018738,0.7559999823570251,0.6499999761581421,0.7680000066757202,0.8479999899864197,0.8339999914169312,0.6859999895095825
81.1575379371643,0.7559999823570251,0.6499999761581421,0.7699999809265137,0.8519999980926514,0.8379999995231628,0.6880000233650208
81.16729140281677,0.7559999823570251,0.6499999761581421,0.7699999809265137,0.8539999723434448,0.8399999737739563,0.6880000233650208
81.17742252349854,0.7559999823570251,0.6499999761581421,0.7699999809265137,0.8560000061988831,0.8420000076293945,0.6859999895095825
81.18733096122742,0.7580000162124634,0.6499999761581421,0.7720000147819519,0.8600000143051147,0.8460000157356262,0.6859999895095825
81.197270154953,0.7580000162124634,0.6499999761581421,0.7720000147819519,0.8619999885559082,0.8479999899864197,0.6859999895095825
81.20723462104797,0.7580000162124634,0.6499999761581421,0.7720000147819519,0.8659999966621399,0.8519999980926514,0.6880000233650208
81.217289686203,0.7559999823570251,0.6520000100135803,0.7720000147819519,0.871999979019165,0.8560000061988831,0.6880000233650208
81.22744727134705,0.7559999823570251,0.6520000100135803,0.7720000147819519,0.8740000128746033,0.8619999885559082,0.6880000233650208
81.23847341537476,0.7559999823570251,0.6520000100135803,0.7739999890327454,0.878000020980835,0.8659999966621399,0.6880000233650208
81.24780321121216,0.7559999823570251,0.6520000100135803,0.7739999890327454,0.8840000033378601,0.8700000047683716,0.6880000233650208
81.25782680511475,0.7559999823570251,0.6520000100135803,0.7739999890327454,0.8899999856948853,0.8740000128746033,0.6859999895095825
81.268221616745,0.7559999823570251,0.6520000100135803,0.7760000228881836,0.8960000276565552,0.878000020980835,0.6840000152587891
81.27951264381409,0.7559999823570251,0.6520000100135803,0.7760000228881836,0.906000018119812,0.8840000033378601,0.6840000152587891
81.28773665428162,0.7559999823570251,0.6520000100135803,0.7760000228881836,0.9139999747276306,0.8899999856948853,0.6819999814033508
81.29778790473938,0.7559999823570251,0.6520000100135803,0.777999997138977,0.9200000166893004,0.8920000195503235,0.6800000071525574
81.3075807094574,0.7559999823570251,0.6539999842643738,0.777999997138977,0.9319999814033508,0.8980000019073486,0.6779999732971191
81.31794357299805,0.7540000081062317,0.656000018119812,0.777999997138977,0.9380000233650208,0.9020000100135804,0.6759999990463257
81.32828974723816,0.7540000081062317,0.6639999747276306,0.7799999713897705,0.9459999799728394,0.9079999923706056,0.671999990940094
81.33804059028625,0.7540000081062317,0.6679999828338623,0.7799999713897705,0.9539999961853028,0.9139999747276306,0.6700000166893005
81.34835314750671,0.7540000081062317,0.6700000166893005,0.7799999713897705,0.9580000042915344,0.9179999828338624,0.6679999828338623
81.3579969406128,0.7540000081062317,0.6740000247955322,0.7799999713897705,0.9660000205039978,0.9240000247955322,0.6660000085830688
81.36858630180359,0.7519999742507935,0.6779999732971191,0.7820000052452087,0.972000002861023,0.9300000071525574,0.6639999747276306
81.3820207118988,0.7519999742507935,0.6800000071525574,0.7820000052452087,0.9760000109672546,0.9340000152587892,0.6600000262260437
81.38789463043213,0.7519999742507935,0.6840000152587891,0.7820000052452087,0.9819999933242798,0.9380000233650208,0.6579999923706055
81.39821672439575,0.7519999742507935,0.6859999895095825,0.7820000052452087,0.9860000014305116,0.9399999976158142,0.656000018119812
81.40799522399902,0.75,0.6880000233650208,0.7839999794960022,0.9959999918937684,0.9459999799728394,0.656000018119812
81.4178113937378,0.75,0.6919999718666077,0.7839999794960022,1.0019999742507937,0.949999988079071,0.656000018119812
81.42800164222717,0.75,0.6959999799728394,0.7839999794960022,1.0080000162124634,0.9520000219345092,0.656000018119812
81.43754768371582,0.7480000257492065,0.6980000138282776,0.7839999794960022,1.0160000324249268,0.9559999704360962,0.6539999842643738
81.44780898094177,0.7480000257492065,0.7020000219345093,0.7839999794960022,1.0199999809265137,0.9580000042915344,0.6539999842643738
81.457594871521,0.7459999918937683,0.7039999961853027,0.7839999794960022,1.0260000228881836,0.962000012397766,0.6539999842643738
81.4686291217804,0.7440000176429749,0.7080000042915344,0.7839999794960022,1.0360000133514404,0.9639999866485596,0.6539999842643738
81.47954201698303,0.7419999837875366,0.7099999785423279,0.7839999794960022,1.0420000553131104,0.9639999866485596,0.6539999842643738
81.48795175552368,0.7379999756813049,0.7139999866485596,0.7839999794960022,1.0499999523162842,0.9660000205039978,0.6539999842643738
81.49841523170471,0.734000027179718,0.7160000205039978,0.7839999794960022,1.055999994277954,0.9660000205039978,0.6539999842643738
81.50891065597534,0.7279999852180481,0.7200000286102295,0.7820000052452087,1.062000036239624,0.9660000205039978,0.6539999842643738
81.51888394355774,0.722000002861023,0.7239999771118164,0.777999997138977,1.0700000524520874,0.9639999866485596,0.6539999842643738
81.52791953086853,0.7160000205039978,0.7260000109672546,0.7739999890327454,1.0759999752044678,0.9639999866485596,0.6539999842643738
81.53744077682495,0.7039999961853027,0.7300000190734863,0.765999972820282,1.0800000429153442,0.959999978542328,0.6539999842643738
81.54777836799622,0.6899999976158142,0.7300000190734863,0.7540000081062317,1.0859999656677246,0.9559999704360962,0.6539999842643738
81.55842065811157,0.6759999990463257,0.7319999933242798,0.7440000176429749,1.0880000591278076,0.949999988079071,0.6539999842643738
81.567626953125,0.6639999747276306,0.734000027179718,0.7279999852180481,1.0920000076293943,0.9419999718666076,0.6520000100135803
81.58193278312683,0.656000018119812,0.7360000014305115,0.7179999947547913,1.0959999561309814,0.9300000071525574,0.6520000100135803
81.58801937103271,0.6520000100135803,0.7400000095367432,0.7059999704360962,1.0980000495910645,0.8740000128746033,0.6520000100135803
81.59755778312683,0.6499999761581421,0.7400000095367432,0.6959999799728394,1.1019999980926514,0.8100000023841858,0.6520000100135803
81.60805249214172,0.6499999761581421,0.7419999837875366,0.6859999895095825,1.1019999980926514,0.777999997138977,0.6520000100135803
81.61819100379944,0.6480000019073486,0.7400000095367432,0.6800000071525574,1.1039999723434448,0.7639999985694885,0.6520000100135803
81.62866044044495,0.6439999938011169,0.7379999756813049,0.6740000247955322,1.1039999723434448,0.7620000243186951,0.6520000100135803
81.63812756538391,0.6399999856948853,0.734000027179718,0.6679999828338623,1.1019999980926514,0.7519999742507935,0.6520000100135803
81.64779901504517,0.6380000114440918,0.7139999866485596,0.656000018119812,1.093999981880188,0.7400000095367432,0.6520000100135803
81.65782260894775,0.6380000114440918,0.6919999718666077,0.6420000195503235,1.0839999914169312,0.7300000190734863,0.6520000100135803
81.6675934791565,0.6399999856948853,0.6639999747276306,0.6299999952316284,1.065999984741211,0.7139999866485596,0.6539999842643738
81.67754459381104,0.6399999856948853,0.6600000262260437,0.628000020980835,1.031999945640564,0.7279999852180481,0.6539999842643738
81.687570810318,0.6320000290870667,0.6600000262260437,0.628000020980835,1.0080000162124634,0.7099999785423279,0.6539999842643738
81.69872498512268,0.628000020980835,0.656000018119812,0.6259999871253967,0.9639999866485596,0.699999988079071,0.6539999842643738
81.70861268043518,0.628000020980835,0.6539999842643738,0.6259999871253967,0.9300000071525574,0.6980000138282776,0.656000018119812
81.71826243400574,0.628000020980835,0.6499999761581421,0.628000020980835,0.8740000128746033,0.7020000219345093,0.656000018119812
81.72912883758545,0.6259999871253967,0.6480000019073486,0.6320000290870667,0.7879999876022339,0.7020000219345093,0.656000018119812
81.73883962631226,0.628000020980835,0.6460000276565552,0.6299999952316284,0.7379999756813049,0.6859999895095825,0.656000018119812
81.74935293197632,0.6299999952316284,0.6460000276565552,0.6299999952316284,0.7239999771118164,0.6700000166893005,0.6620000004768372
81.76035690307617,0.6320000290870667,0.6460000276565552,0.6320000290870667,0.7279999852180481,0.6639999747276306,0.6759999990463257
81.7680070400238,0.6320000290870667,0.6460000276565552,0.6320000290870667,0.7300000190734863,0.656000018119812,0.6600000262260437
81.77758312225342,0.6299999952316284,0.6460000276565552,0.6340000033378601,0.7519999742507935,0.6660000085830688,0.6600000262260437
81.78806948661804,0.6320000290870667,0.6460000276565552,0.6320000290870667,0.7580000162124634,0.671999990940094,0.6620000004768372
81.79787302017212,0.6320000290870667,0.6460000276565552,0.6320000290870667,0.7580000162124634,0.6740000247955322,0.6620000004768372
81.80760884284973,0.6320000290870667,0.6439999938011169,0.6320000290870667,0.7580000162124634,0.6740000247955322,0.6620000004768372
81.81927132606506,0.6320000290870667,0.6460000276565552,0.6299999952316284,0.7559999823570251,0.671999990940094,0.6620000004768372
81.83024406433105,0.6320000290870667,0.6439999938011169,0.6299999952316284,0.7559999823570251,0.671999990940094,0.6620000004768372
81.83777594566345,0.6320000290870667,0.6460000276565552,0.6299999952316284,0.7559999823570251,0.6740000247955322,0.6620000004768372
81.84816384315491,0.6320000290870667,0.6460000276565552,0.6299999952316284,0.7540000081062317,0.671999990940094,0.6620000004768372
81.85799980163574,0.6320000290870667,0.6439999938011169,0.6299999952316284,0.7540000081062317,0.671999990940094,0.6620000004768372
81.86758422851562,0.6320000290870667,0.6439999938011169,0.6320000290870667,0.7519999742507935,0.671999990940094,0.6620000004768372
81.8774242401123,0.6320000290870667,0.6439999938011169,0.6320000290870667,0.7519999742507935,0.671999990940094,0.6620000004768372
81.88759541511536,0.6320000290870667,0.6439999938011169,0.6320000290870667,0.7519999742507935,0.671999990940094,0.6620000004768372
81.89772963523865,0.6320000290870667,0.6439999938011169,0.6299999952316284,0.7519999742507935,0.671999990940094,0.6620000004768372
81.90780830383301,0.6320000290870667,0.6439999938011169,0.6320000290870667,0.75,0.671999990940094,0.6620000004768372
81.9176127910614,0.6320000290870667,0.6439999938011169,0.6320000290870667,0.75,0.6740000247955322,0.6620000004768372
81.92769122123718,0.6340000033378601,0.6439999938011169,0.6320000290870667,0.7480000257492065,0.671999990940094,0.6620000004768372
81.93796181678772,0.6340000033378601,0.6439999938011169,0.6320000290870667,0.7480000257492065,0.671999990940094,0.6620000004768372
81.9479250907898,0.6340000033378601,0.6439999938011169,0.6320000290870667,0.7480000257492065,0.671999990940094,0.6620000004768372
81.95829677581787,0.6320000290870667,0.6439999938011169,0.6320000290870667,0.7480000257492065,0.671999990940094,0.6620000004768372
81.96829414367676,0.6320000290870667,0.6439999938011169,0.6320000290870667,0.7459999918937683,0.6700000166893005,0.6620000004768372
81.97820281982422,0.6340000033378601,0.6439999938011169,0.6320000290870667,0.7459999918937683,0.6700000166893005,0.6620000004768372
81.98794603347778,0.6340000033378601,0.6439999938011169,0.6320000290870667,0.7459999918937683,0.6700000166893005,0.6620000004768372
81.99775409698486,0.6340000033378601,0.6439999938011169,0.6320000290870667,0.7440000176429749,0.6679999828338623,0.6620000004768372
82.0077257156372,0.6340000033378601,0.6439999938011169,0.6320000290870667,0.7440000176429749,0.6660000085830688,0.6620000004768372
82.01809453964233,0.6340000033378601,0.6439999938011169,0.6320000290870667,0.7440000176429749,0.6660000085830688,0.6620000004768372
82.02761769294739,0.6340000033378601,0.6439999938011169,0.6320000290870667,0.7440000176429749,0.6639999747276306,0.6620000004768372
82.03741979598999,0.6340000033378601,0.6439999938011169,0.6340000033378601,0.7440000176429749,0.6639999747276306,0.6620000004768372
82.04779291152954,0.6340000033378601,0.6439999938011169,0.6340000033378601,0.7440000176429749,0.6639999747276306,0.6620000004768372
82.05753302574158,0.6340000033378601,0.6439999938011169,0.6340000033378601,0.7440000176429749,0.6620000004768372,0.6620000004768372
82.06770753860474,0.6340000033378601,0.6439999938011169,0.6340000033378601,0.7419999837875366,0.6600000262260437,0.6620000004768372
82.07932662963867,0.6340000033378601,0.6439999938011169,0.6340000033378601,0.7400000095367432,0.6600000262260437,0.6620000004768372
82.08801054954529,0.6340000033378601,0.6439999938011169,0.6340000033378601,0.7400000095367432,0.6600000262260437,0.6620000004768372
82.09793066978455,0.6340000033378601,0.6439999938011169,0.6340000033378601,0.7400000095367432,0.6600000262260437,0.6620000004768372
82.10759162902832,0.6340000033378601,0.6439999938011169,0.6340000033378601,0.7379999756813049,0.6600000262260437,0.6620000004768372
82.11798667907715,0.6340000033378601,0.6439999938011169,0.6340000033378601,0.7379999756813049,0.6600000262260437,0.6620000004768372
82.12767243385315,0.6340000033378601,0.6439999938011169,0.6340000033378601,0.7379999756813049,0.6600000262260437,0.6620000004768372
82.13749814033508,0.6340000033378601,0.6439999938011169,0.6340000033378601,0.7379999756813049,0.6600000262260437,0.6620000004768372
82.14756369590759,0.6340000033378601,0.6439999938011169,0.6340000033378601,0.7379999756813049,0.6579999923706055,0.6600000262260437
82.15755009651184,0.6340000033378601,0.6439999938011169,0.6399999856948853,0.7300000190734863,0.656000018119812,0.6759999990463257
82.16786050796509,0.6340000033378601,0.6439999938011169,0.6420000195503235,0.7300000190734863,0.6520000100135803,0.6880000233650208
82.17776107788086,0.6420000195503235,0.6439999938011169,0.6539999842643738,0.7279999852180481,0.6460000276565552,0.7120000123977661
82.18813562393188,0.6359999775886536,0.6420000195503235,0.6600000262260437,0.7099999785423279,0.6480000019073486,0.7260000109672546
82.20045351982117,0.6499999761581421,0.6399999856948853,0.6759999990463257,0.7080000042915344,0.6420000195503235,0.7260000109672546
82.20773673057556,0.6579999923706055,0.6399999856948853,0.6840000152587891,0.7080000042915344,0.6499999761581421,0.722000002861023
82.21828722953796,0.6600000262260437,0.6399999856948853,0.6899999976158142,0.7239999771118164,0.6539999842643738,0.7200000286102295
82.22797536849976,0.6639999747276306,0.6399999856948853,0.7020000219345093,0.7360000014305115,0.6880000233650208,0.7139999866485596
82.23788046836853,0.6779999732971191,0.6399999856948853,0.7099999785423279,0.7459999918937683,0.7379999756813049,0.7120000123977661
82.24788093566895,0.6880000233650208,0.6380000114440918,0.7160000205039978,0.7519999742507935,0.7519999742507935,0.7120000123977661
82.25770664215088,0.699999988079071,0.6380000114440918,0.722000002861023,0.7639999985694885,0.7699999809265137,0.7120000123977661
82.26766395568848,0.7059999704360962,0.6380000114440918,0.7239999771118164,0.7720000147819519,0.7820000052452087,0.7120000123977661
82.27763175964355,0.7099999785423279,0.6399999856948853,0.7300000190734863,0.7919999957084656,0.7960000038146973,0.7120000123977661
82.2876386642456,0.7160000205039978,0.6399999856948853,0.734000027179718,0.8140000104904175,0.8080000281333923,0.7099999785423279
82.29772162437439,0.722000002861023,0.6420000195503235,0.7360000014305115,0.8240000009536743,0.8159999847412109,0.7080000042915344
82.30822563171387,0.7279999852180481,0.6439999938011169,0.7400000095367432,0.8320000171661377,0.8240000009536743,0.7080000042915344
82.3181312084198,0.7300000190734863,0.6439999938011169,0.7440000176429749,0.8399999737739563,0.8320000171661377,0.7059999704360962
82.32844662666321,0.7319999933242798,0.6439999938011169,0.7459999918937683,0.843999981880188,0.8399999737739563,0.7059999704360962
82.33844208717346,0.734000027179718,0.6460000276565552,0.7480000257492065,0.8460000157356262,0.843999981880188,0.7059999704360962
82.34919929504395,0.734000027179718,0.6460000276565552,0.7480000257492065,0.8460000157356262,0.8460000157356262,0.7039999961853027
82.35756349563599,0.7360000014305115,0.6460000276565552,0.75,0.8460000157356262,0.8460000157356262,0.7039999961853027
82.36770915985107,0.7360000014305115,0.6460000276565552,0.75,0.843999981880188,0.843999981880188,0.7020000219345093
82.3785834312439,0.7360000014305115,0.6460000276565552,0.75,0.8399999737739563,0.8420000076293945,0.7020000219345093
82.38793659210205,0.7379999756813049,0.6460000276565552,0.75,0.8360000252723694,0.8379999995231628,0.699999988079071
82.39830183982849,0.7379999756813049,0.6460000276565552,0.75,0.8339999914169312,0.8360000252723694,0.6980000138282776
82.407550573349,0.7379999756813049,0.6460000276565552,0.75,0.8299999833106995,0.8339999914169312,0.6959999799728394
82.41977381706238,0.7400000095367432,0.6460000276565552,0.75,0.828000009059906,0.8320000171661377,0.6959999799728394
82.42828631401062,0.7400000095367432,0.6460000276565552,0.75,0.8240000009536743,0.828000009059906,0.6940000057220459
82.43785762786865,0.7419999837875366,0.6460000276565552,0.75,0.8220000267028809,0.8259999752044678,0.6940000057220459
82.44999814033508,0.7419999837875366,0.6460000276565552,0.75,0.8199999928474426,0.8240000009536743,0.6940000057220459
82.45774340629578,0.7419999837875366,0.6439999938011169,0.7519999742507935,0.8180000185966492,0.8220000267028809,0.6919999718666077
82.46742844581604,0.7440000176429749,0.6460000276565552,0.7519999742507935,0.8159999847412109,0.8220000267028809,0.6940000057220459
82.47735738754272,0.7440000176429749,0.6439999938011169,0.7519999742507935,0.8159999847412109,0.8220000267028809,0.6940000057220459
82.48737263679504,0.7440000176429749,0.6460000276565552,0.7519999742507935,0.8180000185966492,0.8220000267028809,0.6940000057220459
82.49834084510803,0.7459999918937683,0.6460000276565552,0.7540000081062317,0.8180000185966492,0.8240000009536743,0.6940000057220459
82.50774192810059,0.7459999918937683,0.6460000276565552,0.7559999823570251,0.8199999928474426,0.8240000009536743,0.6940000057220459
82.51786494255066,0.7480000257492065,0.6439999938011169,0.7559999823570251,0.8220000267028809,0.8259999752044678,0.6940000057220459
82.5277669429779,0.75,0.6439999938011169,0.7580000162124634,0.8240000009536743,0.8299999833106995,0.6940000057220459
82.53886580467224,0.75,0.6439999938011169,0.7599999904632568,0.828000009059906,0.8320000171661377,0.6959999799728394
82.54838752746582,0.7519999742507935,0.6439999938011169,0.7620000243186951,0.8320000171661377,0.8339999914169312,0.6959999799728394
82.55826449394226,0.7519999742507935,0.6460000276565552,0.7620000243186951,0.8339999914169312,0.8360000252723694,0.6959999799728394
82.56820464134216,0.7540000081062317,0.6460000276565552,0.7639999985694885,0.8379999995231628,0.8399999737739563,0.6959999799728394
82.58186912536621,0.7540000081062317,0.6460000276565552,0.765999972820282,0.8420000076293945,0.843999981880188,0.6959999799728394
82.58872103691101,0.7540000081062317,0.6460000276565552,0.765999972820282,0.8460000157356262,0.8460000157356262,0.6959999799728394
82.59783601760864,0.7559999823570251,0.6460000276565552,0.7680000066757202,0.8479999899864197,0.8500000238418579,0.6959999799728394
82.6073784828186,0.7559999823570251,0.6460000276565552,0.7699999809265137,0.8500000238418579,0.8519999980926514,0.6959999799728394
82.61735486984253,0.7559999823570251,0.6460000276565552,0.7699999809265137,0.8519999980926514,0.8560000061988831,0.6940000057220459
82.62730741500854,0.7559999823570251,0.6480000019073486,0.7699999809265137,0.8560000061988831,0.8600000143051147,0.6940000057220459
82.64012384414673,0.7580000162124634,0.6499999761581421,0.7720000147819519,0.8600000143051147,0.8640000224113464,0.6919999718666077
82.64740633964539,0.7580000162124634,0.6499999761581421,0.7720000147819519,0.8619999885559082,0.8679999709129333,0.6899999976158142
82.65755271911621,0.7580000162124634,0.6499999761581421,0.7739999890327454,0.8659999966621399,0.871999979019165,0.6880000233650208
82.66741991043091,0.7559999823570251,0.6499999761581421,0.7739999890327454,0.8700000047683716,0.878000020980835,0.6859999895095825
82.67730522155762,0.7559999823570251,0.6520000100135803,0.7739999890327454,0.8740000128746033,0.8799999952316284,0.6840000152587891
82.6873836517334,0.7559999823570251,0.6539999842643738,0.7760000228881836,0.8799999952316284,0.8859999775886536,0.6819999814033508
82.69739818572998,0.7559999823570251,0.6539999842643738,0.7760000228881836,0.8840000033378601,0.8899999856948853,0.6819999814033508
82.7072172164917,0.7559999823570251,0.6539999842643738,0.7760000228881836,0.8939999938011169,0.8939999938011169,0.6800000071525574
82.71741700172424,0.7559999823570251,0.6539999842643738,0.777999997138977,0.9020000100135804,0.8999999761581421,0.6779999732971191
82.72748064994812,0.7559999823570251,0.6539999842643738,0.777999997138977,0.906000018119812,0.9039999842643738,0.6759999990463257
82.73792624473572,0.7559999823570251,0.656000018119812,0.7799999713897705,0.9139999747276306,0.9079999923706056,0.6740000247955322
82.74803066253662,0.7559999823570251,0.656000018119812,0.7799999713897705,0.9200000166893004,0.9120000004768372,0.671999990940094
82.75797843933105,0.7559999823570251,0.6579999923706055,0.7799999713897705,0.9279999732971193,0.9160000085830688,0.6700000166893005
82.76872062683105,0.7559999823570251,0.6579999923706055,0.7799999713897705,0.9359999895095824,0.9200000166893004,0.6679999828338623
82.77989268302917,0.7540000081062317,0.6579999923706055,0.7820000052452087,0.9399999976158142,0.9240000247955322,0.6679999828338623
82.78921723365784,0.7540000081062317,0.6579999923706055,0.7820000052452087,0.9480000138282776,0.9279999732971193,0.6639999747276306
82.79752087593079,0.7540000081062317,0.6579999923706055,0.7820000052452087,0.9539999961853028,0.9340000152587892,0.6620000004768372
82.80761861801147,0.7540000081062317,0.6579999923706055,0.7839999794960022,0.9580000042915344,0.9380000233650208,0.6600000262260437
82.81759476661682,0.7540000081062317,0.6579999923706055,0.7839999794960022,0.9660000205039978,0.9419999718666076,0.6579999923706055
82.8276915550232,0.7540000081062317,0.6600000262260437,0.7839999794960022,0.9700000286102296,0.9459999799728394,0.656000018119812
82.83749222755432,0.7519999742507935,0.6660000085830688,0.7839999794960022,0.977999985218048,0.9520000219345092,0.656000018119812
82.84764790534973,0.7519999742507935,0.671999990940094,0.7860000133514404,0.984000027179718,0.9559999704360962,0.656000018119812
82.85892701148987,0.75,0.6759999990463257,0.7860000133514404,0.9900000095367432,0.959999978542328,0.656000018119812
82.86994981765747,0.75,0.6800000071525574,0.7860000133514404,0.9980000257492064,0.9639999866485596,0.6539999842643738
82.87778663635254,0.75,0.6840000152587891,0.7860000133514404,1.00600004196167,0.9660000205039978,0.6539999842643738
82.88777732849121,0.7480000257492065,0.6859999895095825,0.7860000133514404,1.0119999647140503,0.9679999947547911,0.6539999842643738
82.89753603935242,0.7459999918937683,0.6899999976158142,0.7860000133514404,1.0180000066757202,0.9700000286102296,0.6539999842643738
82.9117751121521,0.7459999918937683,0.6940000057220459,0.7860000133514404,1.0219999551773071,0.9700000286102296,0.6539999842643738
82.91753125190735,0.7419999837875366,0.6980000138282776,0.7860000133514404,1.031999945640564,0.972000002861023,0.6539999842643738
82.92764234542847,0.7379999756813049,0.7020000219345093,0.7860000133514404,1.0399999618530271,0.9739999771118164,0.6539999842643738
82.93777894973755,0.7319999933242798,0.7039999961853027,0.7839999794960022,1.0440000295639038,0.9739999771118164,0.6539999842643738
82.94756364822388,0.7279999852180481,0.7059999704360962,0.7820000052452087,1.0540000200271606,0.9760000109672546,0.6539999842643738
82.95772194862366,0.722000002861023,0.7099999785423279,0.7820000052452087,1.0579999685287476,0.9760000109672546,0.6539999842643738
82.9675989151001,0.7139999866485596,0.7120000123977661,0.777999997138977,1.0640000104904177,0.9760000109672546,0.6539999842643738
82.9776120185852,0.7020000219345093,0.7160000205039978,0.7699999809265137,1.0700000524520874,0.9739999771118164,0.6539999842643738
82.988596200943,0.6880000233650208,0.7179999947547913,0.7639999985694885,1.0779999494552612,0.972000002861023,0.6539999842643738
83.0004141330719,0.6759999990463257,0.7200000286102295,0.7540000081062317,1.0820000171661377,0.9700000286102296,0.6539999842643738
83.00945997238159,0.6639999747276306,0.722000002861023,0.7419999837875366,1.0859999656677246,0.9660000205039978,0.6520000100135803
83.01897644996643,0.656000018119812,0.7260000109672546,0.7319999933242798,1.090000033378601,0.9580000042915344,0.6520000100135803
83.02767729759216,0.6499999761581421,0.7279999852180481,0.7160000205039978,1.0920000076293943,0.9359999895095824,0.6520000100135803
83.03751540184021,0.6460000276565552,0.7319999933242798,0.7039999961853027,1.093999981880188,0.8659999966621399,0.6520000100135803
83.04812264442444,0.6460000276565552,0.734000027179718,0.6940000057220459,1.0959999561309814,0.8320000171661377,0.6520000100135803
83.0600016117096,0.6460000276565552,0.734000027179718,0.6840000152587891,1.0959999561309814,0.7860000133514404,0.6520000100135803
83.06787610054016,0.6420000195503235,0.734000027179718,0.6779999732971191,1.0959999561309814,0.7639999985694885,0.6520000100135803
83.07782125473022,0.6399999856948853,0.7319999933242798,0.6740000247955322,1.093999981880188,0.7559999823570251,0.6520000100135803
83.08760190010071,0.6380000114440918,0.7239999771118164,0.6660000085830688,1.0880000591278076,0.7400000095367432,0.6539999842643738
83.10152435302734,0.6359999775886536,0.6940000057220459,0.6620000004768372,1.0800000429153442,0.7279999852180481,0.6539999842643738
83.10920929908752,0.6359999775886536,0.6620000004768372,0.6480000019073486,1.065999984741211,0.7139999866485596,0.6539999842643738
83.11797046661377,0.6380000114440918,0.6620000004768372,0.6380000114440918,1.0420000553131104,0.7160000205039978,0.6539999842643738
83.12809777259827,0.6380000114440918,0.6620000004768372,0.6320000290870667,1.0199999809265137,0.7160000205039978,0.6539999842643738
83.13782858848572,0.6340000033378601,0.6520000100135803,0.628000020980835,0.984000027179718,0.7239999771118164,0.656000018119812
83.14775967597961,0.6299999952316284,0.6499999761581421,0.628000020980835,0.9480000138282776,0.7200000286102295,0.656000018119812
83.15806365013123,0.6299999952316284,0.6480000019073486,0.628000020980835,0.9120000004768372,0.7179999947547913,0.656000018119812
83.16750836372375,0.628000020980835,0.6460000276565552,0.6320000290870667,0.8600000143051147,0.7179999947547913,0.656000018119812
83.17782068252563,0.628000020980835,0.6439999938011169,0.6359999775886536,0.7820000052452087,0.7059999704360962,0.656000018119812
83.1884605884552,0.6259999871253967,0.6439999938011169,0.6340000033378601,0.7319999933242798,0.6679999828338623,0.656000018119812
83.19781112670898,0.6299999952316284,0.6439999938011169,0.6340000033378601,0.7260000109672546,0.6579999923706055,0.656000018119812
83.20822072029114,0.6299999952316284,0.6439999938011169,0.6340000033378601,0.722000002861023,0.6579999923706055,0.6579999923706055
83.21872615814209,0.6320000290870667,0.6439999938011169,0.6359999775886536,0.7239999771118164,0.6579999923706055,0.6700000166893005
83.22872233390808,0.6320000290870667,0.6439999938011169,0.6359999775886536,0.7300000190734863,0.6579999923706055,0.6600000262260437
83.23783421516418,0.6320000290870667,0.6439999938011169,0.6359999775886536,0.7360000014305115,0.6579999923706055,0.6600000262260437
83.24952340126038,0.6320000290870667,0.6439999938011169,0.6359999775886536,0.7419999837875366,0.6579999923706055,0.6600000262260437
83.260329246521,0.6320000290870667,0.6439999938011169,0.6359999775886536,0.7440000176429749,0.6579999923706055,0.6600000262260437
83.2677972316742,0.6320000290870667,0.6439999938011169,0.6359999775886536,0.7440000176429749,0.6579999923706055,0.6600000262260437
83.2777829170227,0.6320000290870667,0.6439999938011169,0.6359999775886536,0.7440000176429749,0.6579999923706055,0.6600000262260437
83.28770327568054,0.6320000290870667,0.6439999938011169,0.6359999775886536,0.7440000176429749,0.6579999923706055,0.6600000262260437
83.29793167114258,0.6320000290870667,0.6439999938011169,0.6359999775886536,0.7440000176429749,0.6579999923706055,0.6600000262260437
83.30747056007385,0.6320000290870667,0.6439999938011169,0.6359999775886536,0.7440000176429749,0.6579999923706055,0.6600000262260437
83.31754422187805,0.6320000290870667,0.6439999938011169,0.6359999775886536,0.7419999837875366,0.6579999923706055,0.6620000004768372
83.32766342163086,0.6320000290870667,0.6439999938011169,0.6359999775886536,0.7419999837875366,0.6579999923706055,0.6600000262260437
83.33871722221375,0.6320000290870667,0.6439999938011169,0.6359999775886536,0.7419999837875366,0.6579999923706055,0.6600000262260437
83.34786462783813,0.6320000290870667,0.6439999938011169,0.6359999775886536,0.7419999837875366,0.6579999923706055,0.6620000004768372
83.35813403129578,0.6320000290870667,0.6439999938011169,0.6359999775886536,0.7419999837875366,0.6579999923706055,0.6600000262260437
83.37152290344238,0.6320000290870667,0.6439999938011169,0.6359999775886536,0.7419999837875366,0.6579999923706055,0.6620000004768372
83.37791013717651,0.6320000290870667,0.6439999938011169,0.6359999775886536,0.7419999837875366,0.6579999923706055,0.6620000004768372
83.38759922981262,0.6320000290870667,0.6439999938011169,0.6359999775886536,0.7419999837875366,0.6579999923706055,0.6620000004768372
83.39816761016846,0.6320000290870667,0.6439999938011169,0.6359999775886536,0.7400000095367432,0.6579999923706055,0.6600000262260437
83.4076657295227,0.6320000290870667,0.6439999938011169,0.6359999775886536,0.7400000095367432,0.6579999923706055,0.6620000004768372
83.41761875152588,0.6320000290870667,0.6439999938011169,0.6359999775886536,0.7400000095367432,0.6579999923706055,0.6620000004768372
83.42749571800232,0.6320000290870667,0.6439999938011169,0.6359999775886536,0.7400000095367432,0.6579999923706055,0.6620000004768372
83.43771243095398,0.6320000290870667,0.6439999938011169,0.6359999775886536,0.7400000095367432,0.6579999923706055,0.6620000004768372
83.44775462150574,0.6320000290870667,0.6439999938011169,0.6359999775886536,0.7400000095367432,0.6579999923706055,0.6620000004768372
83.45815205574036,0.6320000290870667,0.6439999938011169,0.6359999775886536,0.7400000095367432,0.6579999923706055,0.6620000004768372
83.46818566322327,0.6320000290870667,0.6439999938011169,0.6359999775886536,0.7400000095367432,0.6579999923706055,0.6620000004768372
83.47828435897827,0.6320000290870667,0.6439999938011169,0.6359999775886536,0.7400000095367432,0.6579999923706055,0.6620000004768372
83.48827886581421,0.6320000290870667,0.6439999938011169,0.6359999775886536,0.7379999756813049,0.6579999923706055,0.6620000004768372
83.49823665618896,0.6340000033378601,0.6439999938011169,0.6359999775886536,0.7379999756813049,0.6579999923706055,0.6620000004768372
83.50763082504272,0.6340000033378601,0.6439999938011169,0.6359999775886536,0.7379999756813049,0.6579999923706055,0.6620000004768372
83.5180127620697,0.6340000033378601,0.6439999938011169,0.6359999775886536,0.7379999756813049,0.6579999923706055,0.6620000004768372
83.52762579917908,0.6340000033378601,0.6439999938011169,0.6359999775886536,0.7360000014305115,0.6579999923706055,0.6620000004768372
83.53753685951233,0.6340000033378601,0.6439999938011169,0.6359999775886536,0.734000027179718,0.6579999923706055,0.6620000004768372
83.54754447937012,0.6340000033378601,0.6439999938011169,0.6359999775886536,0.734000027179718,0.6579999923706055,0.6620000004768372
83.5578134059906,0.6340000033378601,0.6439999938011169,0.6359999775886536,0.734000027179718,0.6579999923706055,0.6620000004768372
83.56791543960571,0.6340000033378601,0.6439999938011169,0.6380000114440918,0.734000027179718,0.6579999923706055,0.6620000004768372
83.57793092727661,0.6340000033378601,0.6439999938011169,0.6380000114440918,0.734000027179718,0.6579999923706055,0.6620000004768372
83.58822250366211,0.6340000033378601,0.6439999938011169,0.6380000114440918,0.734000027179718,0.6579999923706055,0.6600000262260437
83.59831023216248,0.6320000290870667,0.6439999938011169,0.6420000195503235,0.7319999933242798,0.656000018119812,0.6660000085830688
83.60875749588013,0.6340000033378601,0.6439999938011169,0.6460000276565552,0.7239999771118164,0.6499999761581421,0.6740000247955322
83.61777257919312,0.6340000033378601,0.6439999938011169,0.6520000100135803,0.7239999771118164,0.6460000276565552,0.6880000233650208
83.6277060508728,0.6359999775886536,0.6420000195503235,0.6639999747276306,0.7120000123977661,0.6439999938011169,0.7200000286102295
83.63805723190308,0.6320000290870667,0.6420000195503235,0.6679999828338623,0.7099999785423279,0.6480000019073486,0.7260000109672546
83.64787316322327,0.6539999842643738,0.6420000195503235,0.6759999990463257,0.7080000042915344,0.6439999938011169,0.7239999771118164
83.65759658813477,0.6600000262260437,0.6420000195503235,0.6899999976158142,0.7200000286102295,0.6539999842643738,0.7200000286102295
83.66802310943604,0.6620000004768372,0.6420000195503235,0.6980000138282776,0.7319999933242798,0.6700000166893005,0.7160000205039978
83.6777172088623,0.6800000071525574,0.6399999856948853,0.7099999785423279,0.7459999918937683,0.734000027179718,0.7120000123977661
83.687814950943,0.6940000057220459,0.6399999856948853,0.7179999947547913,0.7559999823570251,0.7519999742507935,0.7120000123977661
83.69866514205933,0.7099999785423279,0.6399999856948853,0.7239999771118164,0.765999972820282,0.7680000066757202,0.7080000042915344
83.70773100852966,0.7200000286102295,0.6399999856948853,0.7300000190734863,0.7839999794960022,0.7799999713897705,0.7059999704360962
83.71797513961792,0.7279999852180481,0.6420000195503235,0.734000027179718,0.8059999942779541,0.7919999957084656,0.7039999961853027
83.72752857208252,0.7360000014305115,0.6420000195503235,0.7400000095367432,0.8259999752044678,0.8019999861717224,0.7020000219345093
83.73774099349976,0.7400000095367432,0.6420000195503235,0.7440000176429749,0.8360000252723694,0.8140000104904175,0.699999988079071
83.74779343605042,0.7440000176429749,0.6439999938011169,0.75,0.8399999737739563,0.8199999928474426,0.6980000138282776
83.75770020484924,0.7459999918937683,0.6439999938011169,0.7540000081062317,0.8460000157356262,0.8259999752044678,0.6959999799728394
83.76856017112732,0.7480000257492065,0.6439999938011169,0.7559999823570251,0.8479999899864197,0.8299999833106995,0.6940000057220459
83.77811479568481,0.75,0.6439999938011169,0.7580000162124634,0.8500000238418579,0.8299999833106995,0.6919999718666077
83.78793406486511,0.7519999742507935,0.6439999938011169,0.7599999904632568,0.8479999899864197,0.8299999833106995,0.6899999976158142
83.79765129089355,0.7519999742507935,0.6460000276565552,0.7599999904632568,0.8460000157356262,0.828000009059906,0.6880000233650208
83.80761861801147,0.7540000081062317,0.6460000276565552,0.7599999904632568,0.843999981880188,0.8220000267028809,0.6859999895095825
83.81835865974426,0.7540000081062317,0.6460000276565552,0.7599999904632568,0.8420000076293945,0.8199999928474426,0.6840000152587891
83.82983613014221,0.7540000081062317,0.6460000276565552,0.7599999904632568,0.8379999995231628,0.8180000185966492,0.6819999814033508
83.83814930915833,0.7559999823570251,0.6460000276565552,0.7599999904632568,0.8360000252723694,0.8119999766349792,0.6779999732971191
83.84751343727112,0.7559999823570251,0.6460000276565552,0.7599999904632568,0.8320000171661377,0.8059999942779541,0.6779999732971191
83.85778713226318,0.7580000162124634,0.6460000276565552,0.7599999904632568,0.8299999833106995,0.8040000200271606,0.6759999990463257
83.86846995353699,0.7580000162124634,0.6460000276565552,0.7599999904632568,0.8259999752044678,0.8019999861717224,0.6740000247955322
83.87745499610901,0.7580000162124634,0.6460000276565552,0.7599999904632568,0.8220000267028809,0.7979999780654907,0.6740000247955322
83.88881874084473,0.7599999904632568,0.6460000276565552,0.7599999904632568,0.8159999847412109,0.7940000295639038,0.6740000247955322
83.89792037010193,0.7599999904632568,0.6460000276565552,0.7599999904632568,0.8080000281333923,0.7900000214576721,0.6740000247955322
83.9092104434967,0.7599999904632568,0.6460000276565552,0.7599999904632568,0.8059999942779541,0.7879999876022339,0.6740000247955322
83.91793751716614,0.7599999904632568,0.6460000276565552,0.7620000243186951,0.8040000200271606,0.7839999794960022,0.671999990940094
83.92815351486206,0.7620000243186951,0.6460000276565552,0.7620000243186951,0.8059999942779541,0.7839999794960022,0.671999990940094
83.93789601325989,0.7620000243186951,0.6460000276565552,0.7620000243186951,0.8059999942779541,0.7839999794960022,0.671999990940094
83.94749164581299,0.7620000243186951,0.6460000276565552,0.7639999985694885,0.8100000023841858,0.7839999794960022,0.671999990940094
83.95780444145203,0.7620000243186951,0.6460000276565552,0.765999972820282,0.8140000104904175,0.7860000133514404,0.671999990940094
83.96761131286621,0.7639999985694885,0.6460000276565552,0.765999972820282,0.8199999928474426,0.7900000214576721,0.671999990940094
83.977703332901,0.7639999985694885,0.6460000276565552,0.7680000066757202,0.8240000009536743,0.7919999957084656,0.6740000247955322
83.98759031295776,0.7639999985694885,0.6460000276565552,0.7680000066757202,0.828000009059906,0.7960000038146973,0.6740000247955322
83.9975004196167,0.7639999985694885,0.6460000276565552,0.7699999809265137,0.8339999914169312,0.800000011920929,0.6740000247955322
84.00789618492126,0.7639999985694885,0.6460000276565552,0.7720000147819519,0.8379999995231628,0.8040000200271606,0.6740000247955322
84.01842522621155,0.765999972820282,0.6460000276565552,0.7720000147819519,0.8399999737739563,0.8080000281333923,0.6740000247955322
84.0277931690216,0.765999972820282,0.6460000276565552,0.7739999890327454,0.8420000076293945,0.8100000023841858,0.6740000247955322
84.03794646263123,0.765999972820282,0.6480000019073486,0.7739999890327454,0.843999981880188,0.8119999766349792,0.6740000247955322
84.04788136482239,0.765999972820282,0.6480000019073486,0.7739999890327454,0.8460000157356262,0.8140000104904175,0.6740000247955322
84.05775451660156,0.765999972820282,0.6499999761581421,0.7760000228881836,0.8460000157356262,0.8159999847412109,0.671999990940094
84.06786680221558,0.7680000066757202,0.6499999761581421,0.7760000228881836,0.8479999899864197,0.8159999847412109,0.671999990940094
84.07795143127441,0.7680000066757202,0.6499999761581421,0.777999997138977,0.8500000238418579,0.8180000185966492,0.6700000166893005
84.08778500556946,0.7680000066757202,0.6499999761581421,0.777999997138977,0.8500000238418579,0.8180000185966492,0.6700000166893005
84.0974473953247,0.7680000066757202,0.6499999761581421,0.777999997138977,0.8519999980926514,0.8180000185966492,0.6679999828338623
84.10784983634949,0.7680000066757202,0.6520000100135803,0.777999997138977,0.8539999723434448,0.8199999928474426,0.6700000166893005
84.11775135993958,0.765999972820282,0.6520000100135803,0.777999997138977,0.8579999804496765,0.8220000267028809,0.6700000166893005
84.12805271148682,0.765999972820282,0.6520000100135803,0.777999997138977,0.8600000143051147,0.8259999752044678,0.6700000166893005
84.13792729377747,0.765999972820282,0.6520000100135803,0.7799999713897705,0.8659999966621399,0.8299999833106995,0.6700000166893005
84.14804315567017,0.765999972820282,0.6520000100135803,0.7799999713897705,0.8700000047683716,0.8339999914169312,0.6700000166893005
84.15758752822876,0.7639999985694885,0.6520000100135803,0.7799999713897705,0.8740000128746033,0.8399999737739563,0.6700000166893005
84.16815495491028,0.7620000243186951,0.6520000100135803,0.7799999713897705,0.8820000290870667,0.8500000238418579,0.6700000166893005
84.1781120300293,0.7620000243186951,0.6539999842643738,0.7799999713897705,0.8880000114440918,0.8579999804496765,0.6700000166893005
84.18878412246704,0.7620000243186951,0.6539999842643738,0.7820000052452087,0.8980000019073486,0.8700000047683716,0.6700000166893005
84.19777178764343,0.7599999904632568,0.6539999842643738,0.7820000052452087,0.906000018119812,0.878000020980835,0.6700000166893005
84.2078001499176,0.7599999904632568,0.6539999842643738,0.7820000052452087,0.9139999747276306,0.8840000033378601,0.6700000166893005
84.21751928329468,0.7599999904632568,0.656000018119812,0.7820000052452087,0.921999990940094,0.8880000114440918,0.6679999828338623
84.22760343551636,0.7599999904632568,0.656000018119812,0.7839999794960022,0.9319999814033508,0.8920000195503235,0.6660000085830688
84.23884868621826,0.7599999904632568,0.6579999923706055,0.7839999794960022,0.9380000233650208,0.8960000276565552,0.6639999747276306
84.24854445457458,0.7599999904632568,0.6579999923706055,0.7839999794960022,0.9459999799728394,0.8999999761581421,0.6579999923706055
84.25864052772522,0.7599999904632568,0.6600000262260437,0.7839999794960022,0.9520000219345092,0.906000018119812,0.6579999923706055
84.26759624481201,0.7599999904632568,0.6679999828338623,0.7860000133514404,0.9639999866485596,0.9120000004768372,0.656000018119812
84.28020286560059,0.7599999904632568,0.6740000247955322,0.7860000133514404,0.972000002861023,0.9179999828338624,0.656000018119812
84.28959822654724,0.7599999904632568,0.6779999732971191,0.7860000133514404,0.977999985218048,0.921999990940094,0.656000018119812
84.29812717437744,0.7580000162124634,0.6840000152587891,0.7860000133514404,0.9879999756813048,0.9279999732971193,0.6539999842643738
84.3080518245697,0.7580000162124634,0.6880000233650208,0.7860000133514404,0.9959999918937684,0.9319999814033508,0.6539999842643738
84.31775641441345,0.7559999823570251,0.6959999799728394,0.7860000133514404,1.00600004196167,0.9359999895095824,0.6539999842643738
84.327721118927,0.7559999823570251,0.7020000219345093,0.7860000133514404,1.0160000324249268,0.9399999976158142,0.6539999842643738
84.33778405189514,0.7540000081062317,0.7059999704360962,0.7860000133514404,1.0219999551773071,0.944000005722046,0.6539999842643738
84.34756445884705,0.75,0.7099999785423279,0.7860000133514404,1.0299999713897705,0.9459999799728394,0.6539999842643738
84.35774970054626,0.7459999918937683,0.7160000205039978,0.7860000133514404,1.0399999618530271,0.9480000138282776,0.6539999842643738
84.36879801750183,0.7440000176429749,0.7200000286102295,0.7839999794960022,1.0460000038146973,0.9480000138282776,0.6539999842643738
84.37867164611816,0.7379999756813049,0.7239999771118164,0.7820000052452087,1.055999994277954,0.949999988079071,0.6539999842643738
84.38793921470642,0.7319999933242798,0.7260000109672546,0.7799999713897705,1.062000036239624,0.949999988079071,0.6539999842643738
84.39897418022156,0.7260000109672546,0.7279999852180481,0.7760000228881836,1.0679999589920044,0.949999988079071,0.6539999842643738
84.40754389762878,0.7139999866485596,0.7319999933242798,0.7699999809265137,1.0759999752044678,0.9480000138282776,0.6539999842643738
84.41796803474426,0.7039999961853027,0.734000027179718,0.7639999985694885,1.0800000429153442,0.9459999799728394,0.6539999842643738
84.42799735069275,0.6899999976158142,0.7360000014305115,0.7540000081062317,1.0859999656677246,0.9419999718666076,0.6539999842643738
84.43865489959717,0.6759999990463257,0.7379999756813049,0.7419999837875366,1.090000033378601,0.9359999895095824,0.6539999842643738
84.44767713546753,0.6660000085830688,0.7379999756813049,0.7319999933242798,1.0920000076293943,0.9259999990463256,0.6520000100135803
84.45745754241943,0.6579999923706055,0.7400000095367432,0.7160000205039978,1.0959999561309814,0.8880000114440918,0.6520000100135803
84.4675521850586,0.6499999761581421,0.7419999837875366,0.7080000042915344,1.0959999561309814,0.8119999766349792,0.6520000100135803
84.47764754295349,0.6499999761581421,0.7419999837875366,0.699999988079071,1.0959999561309814,0.7720000147819519,0.6520000100135803
84.48758459091187,0.6480000019073486,0.7440000176429749,0.6899999976158142,1.0959999561309814,0.7360000014305115,0.6539999842643738
84.50320482254028,0.6480000019073486,0.7440000176429749,0.6859999895095825,1.093999981880188,0.7200000286102295,0.6539999842643738
84.50778293609619,0.6439999938011169,0.7400000095367432,0.6779999732971191,1.0880000591278076,0.7020000219345093,0.6539999842643738
84.5230119228363,0.6439999938011169,0.7279999852180481,0.6639999747276306,1.0779999494552612,0.6940000057220459,0.6539999842643738
84.52821516990662,0.6420000195503235,0.7160000205039978,0.6499999761581421,1.0700000524520874,0.6940000057220459,0.6539999842643738
84.53804683685303,0.6380000114440918,0.6859999895095825,0.6359999775886536,1.0520000457763672,0.7059999704360962,0.656000018119812
84.54805612564087,0.6340000033378601,0.6639999747276306,0.6299999952316284,1.0199999809265137,0.7139999866485596,0.656000018119812
84.55807709693909,0.6299999952316284,0.6639999747276306,0.628000020980835,0.9940000176429749,0.7039999961853027,0.656000018119812
84.56834101676941,0.6299999952316284,0.6579999923706055,0.628000020980835,0.9520000219345092,0.6940000057220459,0.656000018119812
84.57742667198181,0.628000020980835,0.6539999842643738,0.628000020980835,0.9139999747276306,0.6919999718666077,0.656000018119812
84.58758211135864,0.628000020980835,0.6520000100135803,0.6299999952316284,0.878000020980835,0.6919999718666077,0.656000018119812
84.59758400917053,0.628000020980835,0.6480000019073486,0.6359999775886536,0.7879999876022339,0.6899999976158142,0.6579999923706055
84.60732769966125,0.628000020980835,0.6480000019073486,0.6359999775886536,0.7519999742507935,0.6639999747276306,0.6579999923706055
84.61892938613892,0.628000020980835,0.6480000019073486,0.6340000033378601,0.7400000095367432,0.6579999923706055,0.6579999923706055
84.6275086402893,0.6299999952316284,0.6480000019073486,0.6359999775886536,0.7319999933242798,0.656000018119812,0.6620000004768372
84.63778066635132,0.6320000290870667,0.6480000019073486,0.6359999775886536,0.7360000014305115,0.656000018119812,0.6700000166893005
84.64748215675354,0.6320000290870667,0.6480000019073486,0.6359999775886536,0.7400000095367432,0.6539999842643738,0.6620000004768372
84.65739703178406,0.6320000290870667,0.6460000276565552,0.6359999775886536,0.75,0.656000018119812,0.6600000262260437
84.66732859611511,0.6320000290870667,0.6460000276565552,0.6359999775886536,0.7540000081062317,0.6600000262260437,0.6620000004768372
84.67756009101868,0.6320000290870667,0.6460000276565552,0.6359999775886536,0.7559999823570251,0.6639999747276306,0.6620000004768372
84.68747329711914,0.6320000290870667,0.6460000276565552,0.6340000033378601,0.7540000081062317,0.6639999747276306,0.6620000004768372
84.70273542404175,0.6340000033378601,0.6460000276565552,0.6320000290870667,0.7540000081062317,0.6639999747276306,0.6620000004768372
84.70772314071655,0.6340000033378601,0.6460000276565552,0.6320000290870667,0.7540000081062317,0.6639999747276306,0.6620000004768372
84.7173924446106,0.6340000033378601,0.6460000276565552,0.6320000290870667,0.7540000081062317,0.6639999747276306,0.6620000004768372
84.72735714912415,0.6340000033378601,0.6460000276565552,0.6320000290870667,0.7540000081062317,0.6639999747276306,0.6620000004768372
84.73732089996338,0.6340000033378601,0.6460000276565552,0.6320000290870667,0.7540000081062317,0.6639999747276306,0.6620000004768372
84.7477478981018,0.6340000033378601,0.6460000276565552,0.6320000290870667,0.7540000081062317,0.6639999747276306,0.6620000004768372
84.75738573074341,0.6340000033378601,0.6460000276565552,0.6340000033378601,0.7540000081062317,0.6639999747276306,0.6620000004768372
84.76739001274109,0.6340000033378601,0.6460000276565552,0.6340000033378601,0.7540000081062317,0.6639999747276306,0.6620000004768372
84.77753210067749,0.6340000033378601,0.6460000276565552,0.6340000033378601,0.7519999742507935,0.6639999747276306,0.6620000004768372
84.78738045692444,0.6340000033378601,0.6460000276565552,0.6340000033378601,0.7519999742507935,0.6639999747276306,0.6620000004768372
84.79749512672424,0.6340000033378601,0.6460000276565552,0.6340000033378601,0.7519999742507935,0.6639999747276306,0.6620000004768372
84.80821180343628,0.6340000033378601,0.6460000276565552,0.6340000033378601,0.7519999742507935,0.6639999747276306,0.6620000004768372
84.81769323348999,0.6340000033378601,0.6460000276565552,0.6340000033378601,0.75,0.6620000004768372,0.6620000004768372
84.8276617527008,0.6340000033378601,0.6460000276565552,0.6340000033378601,0.75,0.6620000004768372,0.6620000004768372
84.83739280700684,0.6340000033378601,0.6460000276565552,0.6340000033378601,0.75,0.6620000004768372,0.6620000004768372
84.84740710258484,0.6340000033378601,0.6460000276565552,0.6340000033378601,0.75,0.6620000004768372,0.6620000004768372
84.85819411277771,0.6340000033378601,0.6460000276565552,0.6340000033378601,0.7480000257492065,0.6620000004768372,0.6620000004768372
84.86743712425232,0.6340000033378601,0.6460000276565552,0.6340000033378601,0.7480000257492065,0.6620000004768372,0.6620000004768372
84.87733602523804,0.6340000033378601,0.6460000276565552,0.6340000033378601,0.7459999918937683,0.6620000004768372,0.6620000004768372
84.88741612434387,0.6340000033378601,0.6460000276565552,0.6340000033378601,0.7459999918937683,0.6620000004768372,0.6620000004768372
84.89738726615906,0.6359999775886536,0.6460000276565552,0.6340000033378601,0.7459999918937683,0.6620000004768372,0.6620000004768372
84.90758991241455,0.6359999775886536,0.6460000276565552,0.6340000033378601,0.7440000176429749,0.6620000004768372,0.6620000004768372
84.91876077651978,0.6359999775886536,0.6439999938011169,0.6340000033378601,0.7440000176429749,0.656000018119812,0.6620000004768372
84.92753267288208,0.6359999775886536,0.6460000276565552,0.6340000033378601,0.7440000176429749,0.656000018119812,0.6620000004768372
84.93734121322632,0.6359999775886536,0.6460000276565552,0.6359999775886536,0.7440000176429749,0.656000018119812,0.6620000004768372
84.94742822647095,0.6359999775886536,0.6460000276565552,0.6359999775886536,0.7440000176429749,0.656000018119812,0.6620000004768372
84.95755648612976,0.6359999775886536,0.6460000276565552,0.6359999775886536,0.7440000176429749,0.656000018119812,0.6620000004768372
84.96746730804443,0.6359999775886536,0.6460000276565552,0.6359999775886536,0.7440000176429749,0.656000018119812,0.6620000004768372
84.97755241394043,0.6359999775886536,0.6460000276565552,0.6359999775886536,0.7440000176429749,0.6579999923706055,0.6620000004768372
84.98743271827698,0.6359999775886536,0.6439999938011169,0.6359999775886536,0.7459999918937683,0.6579999923706055,0.6600000262260437
84.99741196632385,0.6359999775886536,0.6439999938011169,0.6399999856948853,0.7400000095367432,0.656000018119812,0.6679999828338623
85.0076367855072,0.6380000114440918,0.6460000276565552,0.6420000195503235,0.734000027179718,0.6520000100135803,0.6759999990463257
85.01740312576294,0.6399999856948853,0.6439999938011169,0.6439999938011169,0.7279999852180481,0.6520000100135803,0.6980000138282776
85.02739095687866,0.6460000276565552,0.6439999938011169,0.6499999761581421,0.7239999771118164,0.6439999938011169,0.7120000123977661
85.03814244270325,0.6480000019073486,0.6420000195503235,0.6520000100135803,0.7200000286102295,0.6420000195503235,0.7179999947547913
85.04771065711975,0.6439999938011169,0.6399999856948853,0.6700000166893005,0.7179999947547913,0.6359999775886536,0.7239999771118164
85.05845761299133,0.6700000166893005,0.6399999856948853,0.6740000247955322,0.7160000205039978,0.6380000114440918,0.7200000286102295
85.06775879859924,0.6800000071525574,0.6420000195503235,0.6840000152587891,0.7419999837875366,0.6399999856948853,0.7139999866485596
85.07799792289734,0.6919999718666077,0.6439999938011169,0.6980000138282776,0.7540000081062317,0.6859999895095825,0.7099999785423279
85.08941221237183,0.7020000219345093,0.6420000195503235,0.7080000042915344,0.7680000066757202,0.7200000286102295,0.7059999704360962
85.09835195541382,0.7120000123977661,0.6420000195503235,0.7179999947547913,0.7879999876022339,0.7440000176429749,0.6980000138282776
85.10789847373962,0.722000002861023,0.6420000195503235,0.7260000109672546,0.8199999928474426,0.7680000066757202,0.6959999799728394
85.11819529533386,0.7279999852180481,0.6420000195503235,0.7319999933242798,0.8420000076293945,0.7820000052452087,0.6940000057220459
85.12792444229126,0.7319999933242798,0.6439999938011169,0.7379999756813049,0.8619999885559082,0.8019999861717224,0.6940000057220459
85.1383924484253,0.7379999756813049,0.6460000276565552,0.7440000176429749,0.8759999871253967,0.8180000185966492,0.6919999718666077
85.1558485031128,0.7400000095367432,0.6480000019073486,0.75,0.8859999775886536,0.828000009059906,0.6899999976158142
85.1594488620758,0.7419999837875366,0.6480000019073486,0.7540000081062317,0.8960000276565552,0.8379999995231628,0.6880000233650208
85.17041802406311,0.7419999837875366,0.6499999761581421,0.7559999823570251,0.9020000100135804,0.8479999899864197,0.6859999895095825
85.17781472206116,0.7440000176429749,0.6480000019073486,0.7580000162124634,0.9100000262260436,0.8519999980926514,0.6840000152587891
85.18831253051758,0.7440000176429749,0.6499999761581421,0.7599999904632568,0.9120000004768372,0.8600000143051147,0.6819999814033508
85.19738435745239,0.7459999918937683,0.6520000100135803,0.7599999904632568,0.9139999747276306,0.8619999885559082,0.6800000071525574
85.20718908309937,0.7440000176429749,0.6520000100135803,0.7599999904632568,0.9179999828338624,0.8679999709129333,0.6779999732971191
85.2173068523407,0.7440000176429749,0.6520000100135803,0.7599999904632568,0.9179999828338624,0.871999979019165,0.6759999990463257
85.22719264030457,0.7440000176429749,0.6539999842643738,0.7620000243186951,0.9200000166893004,0.8740000128746033,0.6759999990463257
85.23726058006287,0.7440000176429749,0.6539999842643738,0.7620000243186951,0.921999990940094,0.8759999871253967,0.6759999990463257
85.24785733222961,0.7440000176429749,0.6539999842643738,0.7620000243186951,0.921999990940094,0.878000020980835,0.6740000247955322
85.25730848312378,0.7440000176429749,0.656000018119812,0.7620000243186951,0.9240000247955322,0.8799999952316284,0.6740000247955322
85.26727247238159,0.7440000176429749,0.656000018119812,0.7620000243186951,0.9259999990463256,0.8820000290870667,0.671999990940094
85.27734231948853,0.7440000176429749,0.656000018119812,0.7620000243186951,0.9279999732971193,0.8820000290870667,0.6700000166893005
85.28731393814087,0.7459999918937683,0.6579999923706055,0.7639999985694885,0.9300000071525574,0.8840000033378601,0.6700000166893005
85.29739212989807,0.7459999918937683,0.6600000262260437,0.7639999985694885,0.9340000152587892,0.8859999775886536,0.6700000166893005
85.30726909637451,0.7459999918937683,0.6600000262260437,0.7639999985694885,0.9359999895095824,0.8859999775886536,0.6679999828338623
85.31732487678528,0.7480000257492065,0.6620000004768372,0.765999972820282,0.9399999976158142,0.8859999775886536,0.6679999828338623
85.32718563079834,0.7480000257492065,0.6620000004768372,0.765999972820282,0.9419999718666076,0.8880000114440918,0.6679999828338623
85.3372323513031,0.7480000257492065,0.6620000004768372,0.765999972820282,0.944000005722046,0.8880000114440918,0.6679999828338623
85.34762048721313,0.75,0.6620000004768372,0.7680000066757202,0.9480000138282776,0.8899999856948853,0.6700000166893005
85.35728764533997,0.75,0.6639999747276306,0.7680000066757202,0.949999988079071,0.8939999938011169,0.6700000166893005
85.3673894405365,0.75,0.6639999747276306,0.7680000066757202,0.9520000219345092,0.8960000276565552,0.6700000166893005
85.37723541259766,0.75,0.6660000085830688,0.7699999809265137,0.9539999961853028,0.9020000100135804,0.6700000166893005
85.38733172416687,0.75,0.6660000085830688,0.7699999809265137,0.9559999704360962,0.906000018119812,0.671999990940094
85.39735770225525,0.75,0.6660000085830688,0.7699999809265137,0.9580000042915344,0.9079999923706056,0.671999990940094
85.40779733657837,0.75,0.6660000085830688,0.7699999809265137,0.959999978542328,0.9120000004768372,0.671999990940094
85.417316198349,0.75,0.6660000085830688,0.7720000147819519,0.962000012397766,0.9139999747276306,0.6740000247955322
85.42730379104614,0.75,0.6679999828338623,0.7720000147819519,0.9639999866485596,0.9179999828338624,0.6740000247955322
85.43728017807007,0.75,0.6679999828338623,0.7720000147819519,0.9660000205039978,0.9179999828338624,0.6759999990463257
85.44732975959778,0.75,0.6679999828338623,0.7720000147819519,0.9679999947547911,0.921999990940094,0.6759999990463257
85.4575138092041,0.7480000257492065,0.6700000166893005,0.7739999890327454,0.9700000286102296,0.9240000247955322,0.6759999990463257
85.46945571899414,0.7480000257492065,0.6700000166893005,0.7739999890327454,0.9700000286102296,0.9259999990463256,0.6759999990463257
85.47770762443542,0.7480000257492065,0.6679999828338623,0.7739999890327454,0.972000002861023,0.9279999732971193,0.6779999732971191
85.48749995231628,0.7480000257492065,0.6679999828338623,0.7739999890327454,0.9739999771118164,0.9279999732971193,0.6779999732971191
85.49769830703735,0.7459999918937683,0.6660000085830688,0.7720000147819519,0.9739999771118164,0.9300000071525574,0.6779999732971191
85.50747966766357,0.7459999918937683,0.6639999747276306,0.7720000147819519,0.9760000109672546,0.9300000071525574,0.6779999732971191
85.51793670654297,0.7440000176429749,0.6620000004768372,0.7720000147819519,0.9760000109672546,0.9319999814033508,0.6779999732971191
85.52789568901062,0.7440000176429749,0.6620000004768372,0.7720000147819519,0.977999985218048,0.9340000152587892,0.6779999732971191
85.53778338432312,0.7419999837875366,0.6620000004768372,0.7739999890327454,0.9800000190734864,0.9359999895095824,0.6779999732971191
85.54749584197998,0.7419999837875366,0.6620000004768372,0.7739999890327454,0.9819999933242798,0.9380000233650208,0.6779999732971191
85.55780363082886,0.7419999837875366,0.6620000004768372,0.7739999890327454,0.984000027179718,0.9419999718666076,0.6759999990463257
85.56742835044861,0.7400000095367432,0.6620000004768372,0.7739999890327454,0.9879999756813048,0.9459999799728394,0.6740000247955322
85.57784223556519,0.7400000095367432,0.6620000004768372,0.7739999890327454,0.9900000095367432,0.9480000138282776,0.6740000247955322
85.58852672576904,0.7379999756813049,0.6620000004768372,0.7760000228881836,0.9919999837875366,0.9520000219345092,0.671999990940094
85.59757947921753,0.7379999756813049,0.6620000004768372,0.7760000228881836,0.9959999918937684,0.9539999961853028,0.6700000166893005
85.60809659957886,0.7379999756813049,0.6639999747276306,0.7760000228881836,1.0,0.9559999704360962,0.6679999828338623
85.61829972267151,0.7360000014305115,0.6660000085830688,0.7760000228881836,1.003999948501587,0.959999978542328,0.6660000085830688
85.62770819664001,0.7360000014305115,0.6700000166893005,0.777999997138977,1.0099999904632568,0.959999978542328,0.6620000004768372
85.6378161907196,0.7360000014305115,0.6740000247955322,0.777999997138977,1.0160000324249268,0.9639999866485596,0.6579999923706055
85.64863133430481,0.7360000014305115,0.6759999990463257,0.777999997138977,1.0199999809265137,0.9639999866485596,0.6579999923706055
85.6576337814331,0.734000027179718,0.6800000071525574,0.777999997138977,1.02400004863739,0.9660000205039978,0.6579999923706055
85.66765642166138,0.734000027179718,0.6819999814033508,0.7799999713897705,1.0299999713897705,0.9679999947547911,0.656000018119812
85.6775312423706,0.734000027179718,0.6859999895095825,0.7799999713897705,1.034000039100647,0.9700000286102296,0.656000018119812
85.68738055229187,0.7319999933242798,0.6880000233650208,0.7799999713897705,1.0399999618530271,0.972000002861023,0.656000018119812
85.69762372970581,0.7300000190734863,0.6899999976158142,0.7799999713897705,1.0460000038146973,0.9739999771118164,0.656000018119812
85.7081208229065,0.7279999852180481,0.6919999718666077,0.7799999713897705,1.0499999523162842,0.9760000109672546,0.656000018119812
85.71752047538757,0.7239999771118164,0.6940000057220459,0.7799999713897705,1.055999994277954,0.977999985218048,0.6539999842643738
85.72749328613281,0.722000002861023,0.6959999799728394,0.7799999713897705,1.062000036239624,0.9819999933242798,0.6539999842643738
85.73818802833557,0.7179999947547913,0.6980000138282776,0.7799999713897705,1.065999984741211,0.9819999933242798,0.6539999842643738
85.74767136573792,0.7080000042915344,0.7020000219345093,0.777999997138977,1.0720000267028809,0.984000027179718,0.6539999842643738
85.76316738128662,0.6919999718666077,0.7039999961853027,0.7739999890327454,1.0759999752044678,0.9819999933242798,0.6539999842643738
85.76742553710938,0.6819999814033508,0.7059999704360962,0.7680000066757202,1.0800000429153442,0.9819999933242798,0.6539999842643738
85.77786922454834,0.6660000085830688,0.7080000042915344,0.7599999904632568,1.0859999656677246,0.9800000190734864,0.6539999842643738
85.78776454925537,0.6579999923706055,0.7099999785423279,0.7519999742507935,1.0880000591278076,0.977999985218048,0.6539999842643738
85.7975664138794,0.6480000019073486,0.7120000123977661,0.734000027179718,1.090000033378601,0.9739999771118164,0.6520000100135803
85.80774283409119,0.6439999938011169,0.7160000205039978,0.7139999866485596,1.093999981880188,0.9559999704360962,0.6520000100135803
85.81896376609802,0.6420000195503235,0.7179999947547913,0.7020000219345093,1.0959999561309814,0.9020000100135804,0.6520000100135803
85.82801342010498,0.6420000195503235,0.7260000109672546,0.6840000152587891,1.0959999561309814,0.8339999914169312,0.6520000100135803
85.8375449180603,0.6399999856948853,0.7260000109672546,0.6740000247955322,1.0959999561309814,0.7919999957084656,0.6520000100135803
85.8487491607666,0.6359999775886536,0.7260000109672546,0.6700000166893005,1.0980000495910645,0.7820000052452087,0.6520000100135803
85.8576431274414,0.6340000033378601,0.7139999866485596,0.6639999747276306,1.0959999561309814,0.7760000228881836,0.6520000100135803
85.8676769733429,0.6340000033378601,0.6779999732971191,0.6600000262260437,1.090000033378601,0.7760000228881836,0.6520000100135803
85.8799238204956,0.6340000033378601,0.6600000262260437,0.6579999923706055,1.0800000429153442,0.7799999713897705,0.6520000100135803
85.88776993751526,0.6359999775886536,0.6579999923706055,0.6520000100135803,1.0640000104904177,0.7639999985694885,0.6520000100135803
85.8977108001709,0.6380000114440918,0.656000018119812,0.6399999856948853,1.0420000553131104,0.7519999742507935,0.6539999842643738
85.9075448513031,0.6420000195503235,0.6480000019073486,0.6320000290870667,1.003999948501587,0.7319999933242798,0.656000018119812
85.91738796234131,0.6420000195503235,0.6460000276565552,0.628000020980835,0.9639999866485596,0.722000002861023,0.656000018119812
85.92741441726685,0.6399999856948853,0.6439999938011169,0.628000020980835,0.9340000152587892,0.7279999852180481,0.6579999923706055
85.93774580955505,0.6320000290870667,0.6420000195503235,0.6299999952316284,0.871999979019165,0.7260000109672546,0.6579999923706055
85.94789242744446,0.6299999952316284,0.6420000195503235,0.6340000033378601,0.7839999794960022,0.7080000042915344,0.6600000262260437
85.95781207084656,0.6299999952316284,0.6420000195503235,0.6340000033378601,0.7279999852180481,0.6759999990463257,0.6600000262260437
85.96758961677551,0.6320000290870667,0.6439999938011169,0.6359999775886536,0.7239999771118164,0.6579999923706055,0.6639999747276306
85.97887659072876,0.6320000290870667,0.6439999938011169,0.6359999775886536,0.7260000109672546,0.6579999923706055,0.6700000166893005
85.98775005340576,0.6320000290870667,0.6439999938011169,0.6359999775886536,0.734000027179718,0.6579999923706055,0.6620000004768372
85.99753189086914,0.6320000290870667,0.6439999938011169,0.6359999775886536,0.7480000257492065,0.6600000262260437,0.6620000004768372
86.00760221481323,0.6320000290870667,0.6439999938011169,0.6359999775886536,0.7519999742507935,0.6639999747276306,0.6620000004768372
86.01754760742188,0.6320000290870667,0.6439999938011169,0.6359999775886536,0.7519999742507935,0.6639999747276306,0.6620000004768372
86.02809619903564,0.6340000033378601,0.6439999938011169,0.6359999775886536,0.7519999742507935,0.6639999747276306,0.6620000004768372
86.03746795654297,0.6320000290870667,0.6439999938011169,0.6359999775886536,0.7519999742507935,0.6620000004768372,0.6620000004768372
86.04761099815369,0.6320000290870667,0.6439999938011169,0.6359999775886536,0.75,0.6620000004768372,0.6620000004768372
86.05755591392517,0.6320000290870667,0.6439999938011169,0.6359999775886536,0.75,0.6620000004768372,0.6620000004768372
86.06772017478943,0.6320000290870667,0.6439999938011169,0.6359999775886536,0.75,0.6600000262260437,0.6620000004768372
86.07980680465698,0.6320000290870667,0.6439999938011169,0.6359999775886536,0.75,0.6600000262260437,0.6620000004768372
86.08815050125122,0.6320000290870667,0.6439999938011169,0.6359999775886536,0.75,0.6600000262260437,0.6620000004768372
86.09763550758362,0.6340000033378601,0.6439999938011169,0.6359999775886536,0.7480000257492065,0.6600000262260437,0.6620000004768372
86.10755777359009,0.6320000290870667,0.6439999938011169,0.6359999775886536,0.7480000257492065,0.6600000262260437,0.6620000004768372
86.11750054359436,0.6320000290870667,0.6439999938011169,0.6359999775886536,0.7480000257492065,0.6600000262260437,0.6620000004768372
86.12819647789001,0.6340000033378601,0.6439999938011169,0.6359999775886536,0.7459999918937683,0.6600000262260437,0.6620000004768372
86.13790822029114,0.6340000033378601,0.6439999938011169,0.6359999775886536,0.7440000176429749,0.6600000262260437,0.6620000004768372
86.14769887924194,0.6340000033378601,0.6439999938011169,0.6359999775886536,0.7440000176429749,0.6600000262260437,0.6620000004768372
86.1575539112091,0.6340000033378601,0.6439999938011169,0.6359999775886536,0.7440000176429749,0.6600000262260437,0.6620000004768372
86.16771483421326,0.6340000033378601,0.6439999938011169,0.6359999775886536,0.7419999837875366,0.6600000262260437,0.6620000004768372
86.17741632461548,0.6340000033378601,0.6439999938011169,0.6359999775886536,0.7419999837875366,0.6600000262260437,0.6620000004768372
86.1875672340393,0.6340000033378601,0.6439999938011169,0.6359999775886536,0.7419999837875366,0.6600000262260437,0.6620000004768372
86.19883179664612,0.6320000290870667,0.6439999938011169,0.6359999775886536,0.7419999837875366,0.6600000262260437,0.6620000004768372
86.2089114189148,0.6320000290870667,0.6439999938011169,0.6359999775886536,0.7419999837875366,0.6600000262260437,0.6620000004768372
86.21762943267822,0.6320000290870667,0.6439999938011169,0.6359999775886536,0.7400000095367432,0.6620000004768372,0.6620000004768372
86.22786808013916,0.6320000290870667,0.6439999938011169,0.6359999775886536,0.7400000095367432,0.6620000004768372,0.6620000004768372
86.23769569396973,0.6320000290870667,0.6439999938011169,0.6359999775886536,0.7400000095367432,0.6620000004768372,0.6620000004768372
86.24786067008972,0.6320000290870667,0.6439999938011169,0.6359999775886536,0.7379999756813049,0.6600000262260437,0.6620000004768372
86.25762796401978,0.6320000290870667,0.6439999938011169,0.6359999775886536,0.7379999756813049,0.6600000262260437,0.6620000004768372
86.26814436912537,0.6320000290870667,0.6439999938011169,0.6359999775886536,0.7379999756813049,0.6600000262260437,0.6620000004768372
86.27771162986755,0.6320000290870667,0.6439999938011169,0.6359999775886536,0.7360000014305115,0.6600000262260437,0.6620000004768372
86.28777980804443,0.6340000033378601,0.6439999938011169,0.6359999775886536,0.7360000014305115,0.6600000262260437,0.6620000004768372
86.29763722419739,0.6340000033378601,0.6439999938011169,0.6359999775886536,0.7360000014305115,0.6600000262260437,0.6620000004768372
86.30960774421692,0.6340000033378601,0.6439999938011169,0.6359999775886536,0.7360000014305115,0.6600000262260437,0.6620000004768372
86.3179612159729,0.6340000033378601,0.6439999938011169,0.6359999775886536,0.734000027179718,0.6620000004768372,0.6620000004768372
86.3275215625763,0.6340000033378601,0.6439999938011169,0.6359999775886536,0.7319999933242798,0.6620000004768372,0.6620000004768372
86.33737969398499,0.6340000033378601,0.6439999938011169,0.6359999775886536,0.7319999933242798,0.6639999747276306,0.6620000004768372
86.34757471084595,0.6340000033378601,0.6439999938011169,0.6359999775886536,0.7319999933242798,0.6639999747276306,0.6620000004768372
86.35743045806885,0.6340000033378601,0.6439999938011169,0.6359999775886536,0.7300000190734863,0.6639999747276306,0.6620000004768372
86.3676176071167,0.6340000033378601,0.6439999938011169,0.6359999775886536,0.7319999933242798,0.6639999747276306,0.6620000004768372
86.37913298606873,0.6320000290870667,0.6439999938011169,0.6399999856948853,0.7300000190734863,0.6579999923706055,0.6620000004768372
86.38860034942627,0.6340000033378601,0.6439999938011169,0.6420000195503235,0.7200000286102295,0.6539999842643738,0.6700000166893005
86.39758682250977,0.6340000033378601,0.6439999938011169,0.6480000019073486,0.7200000286102295,0.6520000100135803,0.6800000071525574
86.40770316123962,0.6359999775886536,0.6439999938011169,0.6520000100135803,0.7200000286102295,0.6480000019073486,0.6940000057220459
86.41787981987,0.6399999856948853,0.6439999938011169,0.656000018119812,0.7099999785423279,0.6439999938011169,0.7160000205039978
86.42788243293762,0.6320000290870667,0.6439999938011169,0.6639999747276306,0.7039999961853027,0.6499999761581421,0.7239999771118164
86.43790555000305,0.6399999856948853,0.6439999938011169,0.6700000166893005,0.699999988079071,0.6420000195503235,0.722000002861023
86.44778561592102,0.656000018119812,0.6420000195503235,0.6759999990463257,0.7020000219345093,0.6460000276565552,0.7200000286102295
86.45784902572632,0.6600000262260437,0.6420000195503235,0.6840000152587891,0.722000002861023,0.6539999842643738,0.7139999866485596
86.46750926971436,0.671999990940094,0.6420000195503235,0.699999988079071,0.7400000095367432,0.7239999771118164,0.7099999785423279
86.47772765159607,0.6899999976158142,0.6420000195503235,0.7099999785423279,0.7680000066757202,0.7440000176429749,0.7080000042915344
86.48754262924194,0.699999988079071,0.6420000195503235,0.7179999947547913,0.7799999713897705,0.7639999985694885,0.7059999704360962
86.49751162528992,0.7099999785423279,0.6420000195503235,0.7239999771118164,0.8119999766349792,0.7839999794960022,0.7039999961853027
86.50769448280334,0.7160000205039978,0.6420000195503235,0.7319999933242798,0.8379999995231628,0.8040000200271606,0.7020000219345093
86.51849889755249,0.722000002861023,0.6439999938011169,0.7360000014305115,0.8519999980926514,0.8180000185966492,0.7020000219345093
86.5284960269928,0.7279999852180481,0.6439999938011169,0.7419999837875366,0.8700000047683716,0.8379999995231628,0.7020000219345093
86.53835535049438,0.7300000190734863,0.6460000276565552,0.7440000176429749,0.878000020980835,0.8500000238418579,0.699999988079071
86.54799938201904,0.7319999933242798,0.6480000019073486,0.75,0.8880000114440918,0.8619999885559082,0.699999988079071
86.5580952167511,0.734000027179718,0.6480000019073486,0.7519999742507935,0.8939999938011169,0.8700000047683716,0.6980000138282776
86.56821370124817,0.734000027179718,0.6480000019073486,0.7540000081062317,0.8980000019073486,0.8740000128746033,0.6959999799728394
86.57856154441833,0.7360000014305115,0.6480000019073486,0.7540000081062317,0.8999999761581421,0.878000020980835,0.6959999799728394
86.58770942687988,0.7360000014305115,0.6499999761581421,0.7559999823570251,0.8999999761581421,0.8820000290870667,0.6919999718666077
86.59759855270386,0.7360000014305115,0.6499999761581421,0.7559999823570251,0.8999999761581421,0.8820000290870667,0.6919999718666077
86.60756874084473,0.7360000014305115,0.6499999761581421,0.7559999823570251,0.8980000019073486,0.8840000033378601,0.6899999976158142
86.61891579627991,0.7360000014305115,0.6499999761581421,0.7559999823570251,0.8939999938011169,0.8840000033378601,0.6899999976158142
86.62771606445312,0.7360000014305115,0.6499999761581421,0.7540000081062317,0.8920000195503235,0.8859999775886536,0.6880000233650208
86.63770341873169,0.734000027179718,0.6499999761581421,0.7540000081062317,0.8880000114440918,0.8840000033378601,0.6880000233650208
86.6480610370636,0.734000027179718,0.6499999761581421,0.7540000081062317,0.8880000114440918,0.8840000033378601,0.6880000233650208
86.65938234329224,0.734000027179718,0.6499999761581421,0.7540000081062317,0.8859999775886536,0.8840000033378601,0.6880000233650208
86.66776180267334,0.734000027179718,0.6499999761581421,0.7540000081062317,0.8840000033378601,0.8859999775886536,0.6859999895095825
86.67882823944092,0.7360000014305115,0.6499999761581421,0.7540000081062317,0.8859999775886536,0.8859999775886536,0.6859999895095825
86.68745923042297,0.7360000014305115,0.6499999761581421,0.7540000081062317,0.8859999775886536,0.8859999775886536,0.6859999895095825
86.69757461547852,0.7379999756813049,0.6499999761581421,0.7559999823570251,0.8859999775886536,0.8859999775886536,0.6840000152587891
86.70751214027405,0.7379999756813049,0.6499999761581421,0.7559999823570251,0.8859999775886536,0.8880000114440918,0.6840000152587891
86.71775269508362,0.7379999756813049,0.6499999761581421,0.7580000162124634,0.8899999856948853,0.8880000114440918,0.6840000152587891
86.72829413414001,0.7400000095367432,0.6499999761581421,0.7599999904632568,0.8899999856948853,0.8880000114440918,0.6819999814033508
86.73786783218384,0.7419999837875366,0.6499999761581421,0.7599999904632568,0.8939999938011169,0.8899999856948853,0.6819999814033508
86.74758267402649,0.7419999837875366,0.6499999761581421,0.7620000243186951,0.8980000019073486,0.8899999856948853,0.6819999814033508
86.7587399482727,0.7440000176429749,0.6499999761581421,0.7639999985694885,0.8999999761581421,0.8920000195503235,0.6819999814033508
86.7677891254425,0.7440000176429749,0.6520000100135803,0.765999972820282,0.9039999842643738,0.8939999938011169,0.6819999814033508
86.77769374847412,0.7459999918937683,0.6520000100135803,0.765999972820282,0.9100000262260436,0.8960000276565552,0.6819999814033508
86.78758692741394,0.7459999918937683,0.6520000100135803,0.7680000066757202,0.9120000004768372,0.8980000019073486,0.6819999814033508
86.79777455329895,0.7480000257492065,0.6520000100135803,0.7680000066757202,0.9160000085830688,0.8999999761581421,0.6819999814033508
86.80764603614807,0.7480000257492065,0.6520000100135803,0.7699999809265137,0.9179999828338624,0.9020000100135804,0.6819999814033508
86.81747889518738,0.7480000257492065,0.6539999842643738,0.7699999809265137,0.921999990940094,0.9039999842643738,0.6800000071525574
86.82738447189331,0.75,0.6539999842643738,0.7720000147819519,0.9279999732971193,0.906000018119812,0.6800000071525574
86.83795928955078,0.75,0.6539999842643738,0.7720000147819519,0.9319999814033508,0.9079999923706056,0.6800000071525574
86.84766983985901,0.75,0.6539999842643738,0.7720000147819519,0.9359999895095824,0.9120000004768372,0.6779999732971191
86.86241841316223,0.7519999742507935,0.6539999842643738,0.7739999890327454,0.9419999718666076,0.9160000085830688,0.6759999990463257
86.86781597137451,0.7519999742507935,0.6539999842643738,0.7739999890327454,0.9419999718666076,0.9179999828338624,0.6759999990463257
86.87879848480225,0.7519999742507935,0.6539999842643738,0.7760000228881836,0.9459999799728394,0.9200000166893004,0.6759999990463257
86.88760042190552,0.7519999742507935,0.6539999842643738,0.7760000228881836,0.9480000138282776,0.921999990940094,0.6740000247955322
86.89765167236328,0.7519999742507935,0.656000018119812,0.7760000228881836,0.9520000219345092,0.9240000247955322,0.671999990940094
86.90784096717834,0.7519999742507935,0.656000018119812,0.777999997138977,0.9539999961853028,0.9259999990463256,0.6700000166893005
86.91810321807861,0.7519999742507935,0.656000018119812,0.777999997138977,0.9559999704360962,0.9259999990463256,0.6700000166893005
86.92749500274658,0.75,0.656000018119812,0.777999997138977,0.959999978542328,0.9279999732971193,0.6700000166893005
86.93750858306885,0.75,0.656000018119812,0.777999997138977,0.9639999866485596,0.9300000071525574,0.6679999828338623
86.94796395301819,0.75,0.6579999923706055,0.777999997138977,0.9660000205039978,0.9319999814033508,0.6679999828338623
86.95770001411438,0.75,0.6579999923706055,0.7799999713897705,0.972000002861023,0.9340000152587892,0.6660000085830688
86.96757912635803,0.75,0.6579999923706055,0.7799999713897705,0.9739999771118164,0.9359999895095824,0.6660000085830688
86.97904777526855,0.75,0.6600000262260437,0.7799999713897705,0.977999985218048,0.9399999976158142,0.6620000004768372
86.98768329620361,0.7480000257492065,0.6620000004768372,0.7799999713897705,0.9800000190734864,0.9419999718666076,0.6600000262260437
86.99884343147278,0.7480000257492065,0.6639999747276306,0.7799999713897705,0.984000027179718,0.944000005722046,0.6600000262260437
87.00894975662231,0.7480000257492065,0.6679999828338623,0.7799999713897705,0.9860000014305116,0.9459999799728394,0.6579999923706055
87.01833653450012,0.7480000257492065,0.6700000166893005,0.7820000052452087,0.9919999837875366,0.949999988079071,0.6579999923706055
87.02777981758118,0.7459999918937683,0.671999990940094,0.7820000052452087,0.9940000176429749,0.9520000219345092,0.6579999923706055
87.03763389587402,0.7459999918937683,0.6759999990463257,0.7820000052452087,1.0019999742507937,0.9559999704360962,0.6579999923706055
87.04754495620728,0.7459999918937683,0.6800000071525574,0.7820000052452087,1.0080000162124634,0.9580000042915344,0.656000018119812
87.05752897262573,0.7459999918937683,0.6819999814033508,0.7820000052452087,1.0119999647140503,0.959999978542328,0.656000018119812
87.06747174263,0.7440000176429749,0.6859999895095825,0.7839999794960022,1.0199999809265137,0.962000012397766,0.656000018119812
87.07786321640015,0.7440000176429749,0.6880000233650208,0.7839999794960022,1.0260000228881836,0.9639999866485596,0.656000018119812
87.0880196094513,0.7440000176429749,0.6919999718666077,0.7839999794960022,1.031999945640564,0.9660000205039978,0.656000018119812
87.09911561012268,0.7419999837875366,0.6940000057220459,0.7839999794960022,1.037999987602234,0.9679999947547911,0.656000018119812
87.10879731178284,0.7419999837875366,0.6959999799728394,0.7839999794960022,1.0440000295639038,0.9679999947547911,0.656000018119812
87.11854124069214,0.7400000095367432,0.699999988079071,0.7839999794960022,1.0520000457763672,0.9700000286102296,0.6539999842643738
87.12756490707397,0.7360000014305115,0.7020000219345093,0.7839999794960022,1.059999942779541,0.9700000286102296,0.6539999842643738
87.13751101493835,0.7319999933242798,0.7039999961853027,0.7839999794960022,1.0640000104904177,0.972000002861023,0.6539999842643738
87.14741802215576,0.7279999852180481,0.7059999704360962,0.7820000052452087,1.0720000267028809,0.972000002861023,0.6539999842643738
87.15761113166809,0.7260000109672546,0.7080000042915344,0.7799999713897705,1.0759999752044678,0.972000002861023,0.6539999842643738
87.16760063171387,0.7139999866485596,0.7099999785423279,0.7760000228881836,1.0820000171661377,0.972000002861023,0.6539999842643738
87.17753553390503,0.699999988079071,0.7120000123977661,0.7699999809265137,1.0859999656677246,0.9700000286102296,0.6539999842643738
87.1878125667572,0.6899999976158142,0.7139999866485596,0.7639999985694885,1.0880000591278076,0.9679999947547911,0.6539999842643738
87.19771265983582,0.6740000247955322,0.7179999947547913,0.7540000081062317,1.0920000076293943,0.962000012397766,0.6539999842643738
87.20750069618225,0.6600000262260437,0.7200000286102295,0.7400000095367432,1.0959999561309814,0.9539999961853028,0.6520000100135803
87.21814298629761,0.6539999842643738,0.722000002861023,0.7260000109672546,1.0980000495910645,0.9419999718666076,0.6520000100135803
87.23047041893005,0.6480000019073486,0.7239999771118164,0.7099999785423279,1.1019999980926514,0.8939999938011169,0.6520000100135803
87.23828482627869,0.6460000276565552,0.7260000109672546,0.699999988079071,1.1019999980926514,0.8360000252723694,0.6520000100135803
87.24793791770935,0.6460000276565552,0.7260000109672546,0.6859999895095825,1.1039999723434448,0.7760000228881836,0.6520000100135803
87.25759291648865,0.6439999938011169,0.7279999852180481,0.6800000071525574,1.1039999723434448,0.7519999742507935,0.6520000100135803
87.26782584190369,0.6420000195503235,0.7239999771118164,0.6740000247955322,1.1019999980926514,0.7440000176429749,0.6520000100135803
87.27755856513977,0.6380000114440918,0.7059999704360962,0.6660000085830688,1.0959999561309814,0.7300000190734863,0.6539999842643738
87.28761768341064,0.6380000114440918,0.6600000262260437,0.6520000100135803,1.0820000171661377,0.7120000123977661,0.6539999842643738
87.29747414588928,0.6380000114440918,0.6600000262260437,0.6399999856948853,1.0700000524520874,0.7160000205039978,0.6539999842643738
87.30760169029236,0.6359999775886536,0.6579999923706055,0.6299999952316284,1.0399999618530271,0.7179999947547913,0.656000018119812
87.31873393058777,0.6340000033378601,0.6539999842643738,0.628000020980835,1.00600004196167,0.7200000286102295,0.656000018119812
87.32758784294128,0.6299999952316284,0.6499999761581421,0.628000020980835,0.9739999771118164,0.7099999785423279,0.656000018119812
87.33864283561707,0.6299999952316284,0.6480000019073486,0.628000020980835,0.9319999814033508,0.7039999961853027,0.656000018119812
87.3481547832489,0.6299999952316284,0.6460000276565552,0.628000020980835,0.8939999938011169,0.7059999704360962,0.656000018119812
87.35756874084473,0.628000020980835,0.6439999938011169,0.6320000290870667,0.7979999780654907,0.7039999961853027,0.6579999923706055
87.36745762825012,0.628000020980835,0.6439999938011169,0.6320000290870667,0.7419999837875366,0.6700000166893005,0.6579999923706055
87.37792634963989,0.6299999952316284,0.6439999938011169,0.6320000290870667,0.7300000190734863,0.6679999828338623,0.6579999923706055
87.38817024230957,0.6320000290870667,0.6439999938011169,0.6320000290870667,0.7239999771118164,0.6620000004768372,0.6639999747276306
87.39751362800598,0.6340000033378601,0.6439999938011169,0.6340000033378601,0.7279999852180481,0.6620000004768372,0.6740000247955322
87.40748882293701,0.6340000033378601,0.6439999938011169,0.6340000033378601,0.7300000190734863,0.656000018119812,0.6620000004768372
87.41769289970398,0.6340000033378601,0.6439999938011169,0.6359999775886536,0.7419999837875366,0.6579999923706055,0.6620000004768372
87.42831325531006,0.6340000033378601,0.6439999938011169,0.6359999775886536,0.7459999918937683,0.6639999747276306,0.6620000004768372
87.43778848648071,0.6340000033378601,0.6439999938011169,0.6359999775886536,0.7480000257492065,0.6700000166893005,0.6620000004768372
87.44745063781738,0.6359999775886536,0.6439999938011169,0.6359999775886536,0.7480000257492065,0.6679999828338623,0.6620000004768372
87.4582507610321,0.6340000033378601,0.6439999938011169,0.6340000033378601,0.7459999918937683,0.6679999828338623,0.6620000004768372
87.46820878982544,0.6359999775886536,0.6439999938011169,0.6340000033378601,0.7459999918937683,0.6660000085830688,0.6620000004768372
87.47773289680481,0.6359999775886536,0.6439999938011169,0.6359999775886536,0.7459999918937683,0.6639999747276306,0.6620000004768372
87.48829960823059,0.6359999775886536,0.6439999938011169,0.6359999775886536,0.7459999918937683,0.6600000262260437,0.6620000004768372
87.49756622314453,0.6359999775886536,0.6439999938011169,0.6359999775886536,0.7440000176429749,0.6579999923706055,0.6620000004768372
87.50747108459473,0.6359999775886536,0.6439999938011169,0.6359999775886536,0.7440000176429749,0.6579999923706055,0.6620000004768372
87.51752209663391,0.6359999775886536,0.6439999938011169,0.6359999775886536,0.7419999837875366,0.6579999923706055,0.6620000004768372
87.5274748802185,0.6359999775886536,0.6439999938011169,0.6359999775886536,0.7419999837875366,0.6579999923706055,0.6620000004768372
87.54182291030884,0.6359999775886536,0.6439999938011169,0.6359999775886536,0.7419999837875366,0.6579999923706055,0.6620000004768372
87.54807376861572,0.6359999775886536,0.6439999938011169,0.6359999775886536,0.7419999837875366,0.6579999923706055,0.6620000004768372
87.55757403373718,0.6359999775886536,0.6439999938011169,0.6359999775886536,0.7419999837875366,0.6579999923706055,0.6620000004768372
87.567547082901,0.6359999775886536,0.6439999938011169,0.6359999775886536,0.7400000095367432,0.6579999923706055,0.6620000004768372
87.57753229141235,0.6359999775886536,0.6439999938011169,0.6359999775886536,0.7400000095367432,0.6579999923706055,0.6620000004768372
87.58793926239014,0.6359999775886536,0.6439999938011169,0.6359999775886536,0.7419999837875366,0.6579999923706055,0.6620000004768372
87.59750533103943,0.6359999775886536,0.6439999938011169,0.6359999775886536,0.7419999837875366,0.6579999923706055,0.6620000004768372
87.60776734352112,0.6359999775886536,0.6439999938011169,0.6359999775886536,0.7400000095367432,0.6579999923706055,0.6620000004768372
87.61765503883362,0.6359999775886536,0.6439999938011169,0.6359999775886536,0.7400000095367432,0.6579999923706055,0.6620000004768372
87.6282229423523,0.6359999775886536,0.6439999938011169,0.6359999775886536,0.7400000095367432,0.6579999923706055,0.6620000004768372
87.63796806335449,0.6359999775886536,0.6439999938011169,0.6359999775886536,0.7400000095367432,0.6579999923706055,0.6620000004768372
87.6474940776825,0.6340000033378601,0.6439999938011169,0.6359999775886536,0.7400000095367432,0.6579999923706055,0.6620000004768372
87.65762281417847,0.6340000033378601,0.6439999938011169,0.6359999775886536,0.7379999756813049,0.6579999923706055,0.6620000004768372
87.66777610778809,0.6340000033378601,0.6439999938011169,0.6359999775886536,0.7379999756813049,0.6579999923706055,0.6620000004768372
87.67923212051392,0.6340000033378601,0.6439999938011169,0.6359999775886536,0.7379999756813049,0.6579999923706055,0.6620000004768372
87.68815612792969,0.6340000033378601,0.6439999938011169,0.6359999775886536,0.7379999756813049,0.6579999923706055,0.6620000004768372
87.6977150440216,0.6359999775886536,0.6439999938011169,0.6359999775886536,0.7379999756813049,0.6579999923706055,0.6620000004768372
87.70750045776367,0.6359999775886536,0.6439999938011169,0.6359999775886536,0.7379999756813049,0.6579999923706055,0.6620000004768372
87.71754574775696,0.6359999775886536,0.6439999938011169,0.6359999775886536,0.7379999756813049,0.6579999923706055,0.6620000004768372
87.72772550582886,0.6359999775886536,0.6439999938011169,0.6359999775886536,0.7379999756813049,0.6579999923706055,0.6620000004768372
87.73752021789551,0.6359999775886536,0.6439999938011169,0.6359999775886536,0.7379999756813049,0.6579999923706055,0.6620000004768372
87.74796915054321,0.6359999775886536,0.6439999938011169,0.6359999775886536,0.7379999756813049,0.6579999923706055,0.6620000004768372
87.75751447677612,0.6340000033378601,0.6439999938011169,0.6399999856948853,0.7360000014305115,0.6579999923706055,0.6620000004768372
87.76757001876831,0.6340000033378601,0.6439999938011169,0.6460000276565552,0.7319999933242798,0.6499999761581421,0.6740000247955322
87.77949404716492,0.6359999775886536,0.6439999938011169,0.6520000100135803,0.7260000109672546,0.6480000019073486,0.6800000071525574
87.7885205745697,0.6399999856948853,0.6439999938011169,0.6520000100135803,0.7260000109672546,0.6460000276565552,0.6980000138282776
87.79756021499634,0.6340000033378601,0.6420000195503235,0.6639999747276306,0.7160000205039978,0.6480000019073486,0.7260000109672546
87.80750250816345,0.6460000276565552,0.6399999856948853,0.671999990940094,0.7139999866485596,0.6380000114440918,0.7260000109672546
87.81738257408142,0.6579999923706055,0.6399999856948853,0.671999990940094,0.7139999866485596,0.6460000276565552,0.722000002861023
87.82889723777771,0.6600000262260437,0.6420000195503235,0.6800000071525574,0.7279999852180481,0.6480000019073486,0.7179999947547913
87.83998036384583,0.6700000166893005,0.6420000195503235,0.6980000138282776,0.7379999756813049,0.6819999814033508,0.7139999866485596
87.84757852554321,0.6919999718666077,0.6399999856948853,0.7080000042915344,0.75,0.7319999933242798,0.7099999785423279
87.85806322097778,0.7059999704360962,0.6399999856948853,0.7179999947547913,0.7680000066757202,0.7480000257492065,0.7080000042915344
87.86747002601624,0.7139999866485596,0.6439999938011169,0.7239999771118164,0.8019999861717224,0.7680000066757202,0.7039999961853027
87.87768697738647,0.7260000109672546,0.6439999938011169,0.7300000190734863,0.8240000009536743,0.7820000052452087,0.7039999961853027
87.88758182525635,0.7300000190734863,0.6439999938011169,0.7360000014305115,0.8360000252723694,0.7919999957084656,0.7039999961853027
87.89745116233826,0.7379999756813049,0.6460000276565552,0.7400000095367432,0.843999981880188,0.8040000200271606,0.7020000219345093
87.90836310386658,0.7400000095367432,0.6480000019073486,0.7440000176429749,0.8500000238418579,0.8119999766349792,0.699999988079071
87.9180097579956,0.7440000176429749,0.6480000019073486,0.75,0.8560000061988831,0.8180000185966492,0.6980000138282776
87.92748808860779,0.7459999918937683,0.6480000019073486,0.7540000081062317,0.8600000143051147,0.8259999752044678,0.6959999799728394
87.93757581710815,0.7459999918937683,0.6480000019073486,0.7559999823570251,0.8619999885559082,0.828000009059906,0.6959999799728394
87.94774293899536,0.7480000257492065,0.6480000019073486,0.7559999823570251,0.8619999885559082,0.8320000171661377,0.6919999718666077
87.95793795585632,0.7480000257492065,0.6499999761581421,0.7580000162124634,0.8600000143051147,0.8299999833106995,0.6899999976158142
87.96779012680054,0.75,0.6499999761581421,0.7580000162124634,0.8579999804496765,0.8299999833106995,0.6880000233650208
87.97752070426941,0.75,0.6499999761581421,0.7580000162124634,0.8560000061988831,0.828000009059906,0.6859999895095825
87.9875316619873,0.75,0.6499999761581421,0.7580000162124634,0.8539999723434448,0.8259999752044678,0.6840000152587891
87.99761009216309,0.75,0.6499999761581421,0.7580000162124634,0.8519999980926514,0.8240000009536743,0.6819999814033508
88.00769329071045,0.75,0.6499999761581421,0.7580000162124634,0.8500000238418579,0.8220000267028809,0.6800000071525574
88.0212631225586,0.7519999742507935,0.6499999761581421,0.7599999904632568,0.8500000238418579,0.8199999928474426,0.6800000071525574
88.02785325050354,0.7519999742507935,0.6499999761581421,0.7599999904632568,0.8479999899864197,0.8180000185966492,0.6779999732971191
88.03823566436768,0.7540000081062317,0.6499999761581421,0.7599999904632568,0.8460000157356262,0.8180000185966492,0.6779999732971191
88.04883623123169,0.7540000081062317,0.6499999761581421,0.7599999904632568,0.8460000157356262,0.8159999847412109,0.6779999732971191
88.05751943588257,0.7559999823570251,0.6499999761581421,0.7620000243186951,0.8460000157356262,0.8140000104904175,0.6779999732971191
88.06754088401794,0.7559999823570251,0.6499999761581421,0.7620000243186951,0.8460000157356262,0.8140000104904175,0.6759999990463257
88.07789540290833,0.7580000162124634,0.6499999761581421,0.7639999985694885,0.8460000157356262,0.8119999766349792,0.6759999990463257
88.08775663375854,0.7580000162124634,0.6520000100135803,0.7639999985694885,0.8460000157356262,0.8119999766349792,0.6740000247955322
88.09776616096497,0.7599999904632568,0.6520000100135803,0.765999972820282,0.8479999899864197,0.8140000104904175,0.6740000247955322
88.10769748687744,0.7599999904632568,0.6520000100135803,0.765999972820282,0.8479999899864197,0.8140000104904175,0.6740000247955322
88.11754322052002,0.7599999904632568,0.6520000100135803,0.7680000066757202,0.8500000238418579,0.8140000104904175,0.6740000247955322
88.12741017341614,0.7620000243186951,0.6520000100135803,0.7680000066757202,0.8519999980926514,0.8159999847412109,0.6740000247955322
88.13855266571045,0.7620000243186951,0.6539999842643738,0.7699999809265137,0.8539999723434448,0.8180000185966492,0.6740000247955322
88.14777088165283,0.7620000243186951,0.6539999842643738,0.7699999809265137,0.8560000061988831,0.8199999928474426,0.6740000247955322
88.15751481056213,0.7620000243186951,0.6539999842643738,0.7720000147819519,0.8600000143051147,0.8220000267028809,0.6740000247955322
88.16771078109741,0.7620000243186951,0.6539999842643738,0.7720000147819519,0.8619999885559082,0.8259999752044678,0.6740000247955322
88.17765069007874,0.7639999985694885,0.6539999842643738,0.7739999890327454,0.8640000224113464,0.8299999833106995,0.6740000247955322
88.18752670288086,0.7639999985694885,0.6539999842643738,0.7739999890327454,0.8659999966621399,0.8320000171661377,0.6759999990463257
88.1986837387085,0.7639999985694885,0.6539999842643738,0.7739999890327454,0.8679999709129333,0.8339999914169312,0.6759999990463257
88.20789647102356,0.7639999985694885,0.6539999842643738,0.7760000228881836,0.8700000047683716,0.8360000252723694,0.6759999990463257
88.21811628341675,0.7639999985694885,0.6539999842643738,0.7760000228881836,0.871999979019165,0.8379999995231628,0.6759999990463257
88.22752523422241,0.7639999985694885,0.6539999842643738,0.7760000228881836,0.871999979019165,0.8399999737739563,0.6759999990463257
88.23774218559265,0.7639999985694885,0.6539999842643738,0.7760000228881836,0.871999979019165,0.8399999737739563,0.6759999990463257
88.24776363372803,0.7639999985694885,0.6539999842643738,0.7760000228881836,0.8740000128746033,0.8399999737739563,0.6759999990463257
88.25792384147644,0.7639999985694885,0.656000018119812,0.777999997138977,0.8740000128746033,0.8399999737739563,0.6759999990463257
88.26755452156067,0.7639999985694885,0.656000018119812,0.777999997138977,0.8759999871253967,0.8399999737739563,0.6759999990463257
88.27811217308044,0.7639999985694885,0.656000018119812,0.777999997138977,0.878000020980835,0.8420000076293945,0.6779999732971191
88.28907442092896,0.7620000243186951,0.656000018119812,0.777999997138977,0.8799999952316284,0.843999981880188,0.6779999732971191
88.29760837554932,0.7620000243186951,0.656000018119812,0.7760000228881836,0.8859999775886536,0.8479999899864197,0.6779999732971191
88.30771446228027,0.7599999904632568,0.656000018119812,0.7760000228881836,0.8899999856948853,0.8539999723434448,0.6779999732971191
88.31779766082764,0.7580000162124634,0.656000018119812,0.777999997138977,0.8980000019073486,0.8659999966621399,0.6800000071525574
88.32803082466125,0.7559999823570251,0.656000018119812,0.777999997138977,0.9039999842643738,0.8759999871253967,0.6819999814033508
88.34075808525085,0.7559999823570251,0.656000018119812,0.777999997138977,0.9079999923706056,0.8820000290870667,0.6840000152587891
88.34774470329285,0.7559999823570251,0.656000018119812,0.777999997138977,0.9139999747276306,0.8880000114440918,0.6840000152587891
88.35748100280762,0.7540000081062317,0.656000018119812,0.777999997138977,0.9200000166893004,0.8939999938011169,0.6840000152587891
88.3676085472107,0.7540000081062317,0.656000018119812,0.777999997138977,0.9240000247955322,0.8980000019073486,0.6840000152587891
88.37756490707397,0.7540000081062317,0.656000018119812,0.7799999713897705,0.9300000071525574,0.9020000100135804,0.6840000152587891
88.38750576972961,0.7540000081062317,0.656000018119812,0.7799999713897705,0.9319999814033508,0.906000018119812,0.6819999814033508
88.39780855178833,0.7540000081062317,0.656000018119812,0.7799999713897705,0.9359999895095824,0.9100000262260436,0.6819999814033508
88.40763449668884,0.7540000081062317,0.6579999923706055,0.7799999713897705,0.9419999718666076,0.9139999747276306,0.6800000071525574
88.41786336898804,0.7540000081062317,0.6579999923706055,0.7799999713897705,0.944000005722046,0.9179999828338624,0.6779999732971191
88.42746162414551,0.7540000081062317,0.6579999923706055,0.7820000052452087,0.949999988079071,0.921999990940094,0.6740000247955322
88.4375901222229,0.7540000081062317,0.6579999923706055,0.7820000052452087,0.9559999704360962,0.9259999990463256,0.671999990940094
88.44749855995178,0.7540000081062317,0.6579999923706055,0.7820000052452087,0.959999978542328,0.9300000071525574,0.6700000166893005
88.45774340629578,0.7540000081062317,0.6579999923706055,0.7839999794960022,0.9660000205039978,0.9340000152587892,0.6679999828338623
88.46806931495667,0.7540000081062317,0.6579999923706055,0.7839999794960022,0.9739999771118164,0.9399999976158142,0.6660000085830688
88.47759056091309,0.7540000081062317,0.6620000004768372,0.7839999794960022,0.9800000190734864,0.944000005722046,0.6600000262260437
88.48856329917908,0.7540000081062317,0.6700000166893005,0.7839999794960022,0.9879999756813048,0.949999988079071,0.6579999923706055
88.4975426197052,0.7540000081062317,0.671999990940094,0.7860000133514404,0.9940000176429749,0.9520000219345092,0.656000018119812
88.50758647918701,0.7519999742507935,0.6779999732971191,0.7860000133514404,1.0019999742507937,0.9559999704360962,0.656000018119812
88.51878023147583,0.7519999742507935,0.6819999814033508,0.7860000133514404,1.0080000162124634,0.959999978542328,0.656000018119812
88.52784943580627,0.7519999742507935,0.6859999895095825,0.7860000133514404,1.0160000324249268,0.962000012397766,0.6539999842643738
88.53760433197021,0.75,0.6899999976158142,0.7860000133514404,1.02400004863739,0.9660000205039978,0.6539999842643738
88.54777765274048,0.75,0.6940000057220459,0.7860000133514404,1.0299999713897705,0.9660000205039978,0.6539999842643738
88.55769562721252,0.7459999918937683,0.699999988079071,0.7860000133514404,1.0399999618530271,0.9679999947547911,0.6539999842643738
88.56788444519043,0.7419999837875366,0.7059999704360962,0.7860000133514404,1.0499999523162842,0.9700000286102296,0.6539999842643738
88.57764720916748,0.7379999756813049,0.7099999785423279,0.7839999794960022,1.055999994277954,0.9700000286102296,0.6539999842643738
88.5876841545105,0.7319999933242798,0.7139999866485596,0.7820000052452087,1.0640000104904177,0.9700000286102296,0.6539999842643738
88.59816002845764,0.7260000109672546,0.7179999947547913,0.7799999713897705,1.0740000009536743,0.9679999947547911,0.6539999842643738
88.60802340507507,0.7200000286102295,0.722000002861023,0.7739999890327454,1.0779999494552612,0.9660000205039978,0.6539999842643738
88.61775469779968,0.7059999704360962,0.7239999771118164,0.765999972820282,1.0839999914169312,0.962000012397766,0.6539999842643738
88.6275646686554,0.6959999799728394,0.7260000109672546,0.7580000162124634,1.0859999656677246,0.9559999704360962,0.6539999842643738
88.63861322402954,0.6819999814033508,0.7300000190734863,0.7440000176429749,1.090000033378601,0.9459999799728394,0.6520000100135803
88.64838767051697,0.6660000085830688,0.7319999933242798,0.7260000109672546,1.093999981880188,0.9279999732971193,0.6520000100135803
88.65751647949219,0.6579999923706055,0.7319999933242798,0.7099999785423279,1.0980000495910645,0.8859999775886536,0.6520000100135803
88.66761898994446,0.6520000100135803,0.734000027179718,0.699999988079071,1.100000023841858,0.8080000281333923,0.6520000100135803
88.67785882949829,0.6499999761581421,0.7360000014305115,0.6899999976158142,1.1019999980926514,0.7639999985694885,0.6520000100135803
88.68795108795166,0.6499999761581421,0.7400000095367432,0.6859999895095825,1.1039999723434448,0.7580000162124634,0.6520000100135803
88.69743871688843,0.6480000019073486,0.7379999756813049,0.6800000071525574,1.1019999980926514,0.7519999742507935,0.6520000100135803
88.70989751815796,0.6439999938011169,0.7260000109672546,0.671999990940094,1.0959999561309814,0.7419999837875366,0.6520000100135803
88.72284245491028,0.6439999938011169,0.7099999785423279,0.6639999747276306,1.090000033378601,0.7360000014305115,0.6520000100135803
88.72755432128906,0.6439999938011169,0.6639999747276306,0.6420000195503235,1.0679999589920044,0.7200000286102295,0.6539999842643738
88.73752403259277,0.6420000195503235,0.6620000004768372,0.6340000033378601,1.0440000295639038,0.7239999771118164,0.6539999842643738
88.74772667884827,0.6380000114440918,0.6600000262260437,0.6299999952316284,1.00600004196167,0.7260000109672546,0.6539999842643738
88.75793933868408,0.6320000290870667,0.6539999842643738,0.628000020980835,0.9660000205039978,0.7080000042915344,0.6539999842643738
88.768226146698,0.6299999952316284,0.6539999842643738,0.628000020980835,0.9259999990463256,0.7039999961853027,0.656000018119812
88.77788615226746,0.6299999952316284,0.6520000100135803,0.6299999952316284,0.8799999952316284,0.7039999961853027,0.656000018119812
88.7875063419342,0.628000020980835,0.6480000019073486,0.6340000033378601,0.7799999713897705,0.6940000057220459,0.656000018119812
88.79757976531982,0.628000020980835,0.6460000276565552,0.6320000290870667,0.7459999918937683,0.6840000152587891,0.6579999923706055
88.80769872665405,0.6299999952316284,0.6460000276565552,0.6320000290870667,0.734000027179718,0.6660000085830688,0.6600000262260437
88.81749296188354,0.6320000290870667,0.6460000276565552,0.6340000033378601,0.7319999933242798,0.6579999923706055,0.6759999990463257
88.82774353027344,0.6299999952316284,0.6460000276565552,0.6340000033378601,0.7360000014305115,0.656000018119812,0.6620000004768372
88.83759260177612,0.6320000290870667,0.6460000276565552,0.6359999775886536,0.75,0.6579999923706055,0.6620000004768372
88.84769487380981,0.6320000290870667,0.6460000276565552,0.6340000033378601,0.7519999742507935,0.6639999747276306,0.6620000004768372
88.85780811309814,0.6340000033378601,0.6460000276565552,0.6320000290870667,0.7559999823570251,0.6700000166893005,0.6620000004768372
88.8676016330719,0.6340000033378601,0.6460000276565552,0.6320000290870667,0.7559999823570251,0.6700000166893005,0.6620000004768372
88.87859606742859,0.6340000033378601,0.6460000276565552,0.6320000290870667,0.7559999823570251,0.6700000166893005,0.6620000004768372
88.88764142990112,0.6340000033378601,0.6460000276565552,0.6320000290870667,0.7559999823570251,0.6700000166893005,0.6620000004768372
88.89770603179932,0.6340000033378601,0.6460000276565552,0.6320000290870667,0.7559999823570251,0.6700000166893005,0.6620000004768372
88.90770649909973,0.6340000033378601,0.6460000276565552,0.6320000290870667,0.7559999823570251,0.6700000166893005,0.6620000004768372
88.91870164871216,0.6340000033378601,0.6460000276565552,0.6320000290870667,0.7559999823570251,0.6679999828338623,0.6620000004768372
88.92781734466553,0.6340000033378601,0.6460000276565552,0.6320000290870667,0.7540000081062317,0.6679999828338623,0.6620000004768372
88.93782210350037,0.6340000033378601,0.6460000276565552,0.6320000290870667,0.7559999823570251,0.6679999828338623,0.6620000004768372
88.94744277000427,0.6340000033378601,0.6460000276565552,0.6320000290870667,0.7540000081062317,0.6679999828338623,0.6620000004768372
88.95746183395386,0.6340000033378601,0.6460000276565552,0.6320000290870667,0.7540000081062317,0.6679999828338623,0.6620000004768372
88.9674425125122,0.6340000033378601,0.6460000276565552,0.6320000290870667,0.7540000081062317,0.6679999828338623,0.6620000004768372
88.97749161720276,0.6340000033378601,0.6460000276565552,0.6320000290870667,0.7540000081062317,0.6679999828338623,0.6620000004768372
88.98810362815857,0.6340000033378601,0.6460000276565552,0.6320000290870667,0.7540000081062317,0.6679999828338623,0.6620000004768372
88.99983811378479,0.6340000033378601,0.6439999938011169,0.6340000033378601,0.7540000081062317,0.6679999828338623,0.6620000004768372
89.00768375396729,0.6340000033378601,0.6439999938011169,0.6340000033378601,0.7540000081062317,0.6679999828338623,0.6620000004768372
89.0177891254425,0.6340000033378601,0.6439999938011169,0.6340000033378601,0.7540000081062317,0.6639999747276306,0.6620000004768372
89.02750611305237,0.6340000033378601,0.6439999938011169,0.6340000033378601,0.75,0.6639999747276306,0.6620000004768372
89.03756046295166,0.6340000033378601,0.6439999938011169,0.6340000033378601,0.75,0.6639999747276306,0.6620000004768372
89.04751777648926,0.6340000033378601,0.6439999938011169,0.6340000033378601,0.75,0.6639999747276306,0.6620000004768372
89.05758929252625,0.6359999775886536,0.6439999938011169,0.6340000033378601,0.75,0.6639999747276306,0.6620000004768372
89.06838870048523,0.6359999775886536,0.6439999938011169,0.6340000033378601,0.75,0.6620000004768372,0.6620000004768372
89.07745122909546,0.6359999775886536,0.6439999938011169,0.6340000033378601,0.7480000257492065,0.6600000262260437,0.6620000004768372
89.08749008178711,0.6359999775886536,0.6439999938011169,0.6340000033378601,0.7480000257492065,0.6579999923706055,0.6620000004768372
89.09765672683716,0.6359999775886536,0.6439999938011169,0.6340000033378601,0.7480000257492065,0.6579999923706055,0.6620000004768372
89.10824537277222,0.6359999775886536,0.6460000276565552,0.6359999775886536,0.7480000257492065,0.6579999923706055,0.6620000004768372
89.1176187992096,0.6359999775886536,0.6439999938011169,0.6359999775886536,0.7480000257492065,0.6579999923706055,0.6620000004768372
89.128497838974,0.6359999775886536,0.6439999938011169,0.6359999775886536,0.7459999918937683,0.6579999923706055,0.6620000004768372
89.13772678375244,0.6359999775886536,0.6439999938011169,0.6359999775886536,0.7459999918937683,0.6579999923706055,0.6620000004768372
89.14765548706055,0.6359999775886536,0.6460000276565552,0.6359999775886536,0.7459999918937683,0.6579999923706055,0.6620000004768372
89.15749382972717,0.6359999775886536,0.6460000276565552,0.6359999775886536,0.7459999918937683,0.6579999923706055,0.6620000004768372
89.16758489608765,0.6359999775886536,0.6460000276565552,0.6359999775886536,0.7480000257492065,0.6579999923706055,0.6620000004768372
89.17796063423157,0.6359999775886536,0.6460000276565552,0.6359999775886536,0.7480000257492065,0.6579999923706055,0.6620000004768372
89.18751525878906,0.6359999775886536,0.6460000276565552,0.6359999775886536,0.7480000257492065,0.6579999923706055,0.6620000004768372
89.19819283485413,0.6340000033378601,0.6439999938011169,0.6420000195503235,0.7440000176429749,0.656000018119812,0.6679999828338623
89.20750021934509,0.6359999775886536,0.6460000276565552,0.6439999938011169,0.734000027179718,0.6520000100135803,0.6819999814033508
89.21755456924438,0.6380000114440918,0.6460000276565552,0.6520000100135803,0.7319999933242798,0.6480000019073486,0.7059999704360962
89.22815251350403,0.6380000114440918,0.6439999938011169,0.6620000004768372,0.7200000286102295,0.6460000276565552,0.7300000190734863
89.23797082901001,0.6399999856948853,0.6420000195503235,0.6819999814033508,0.7160000205039978,0.6380000114440918,0.7300000190734863
89.24897336959839,0.6539999842643738,0.6399999856948853,0.6880000233650208,0.7179999947547913,0.6380000114440918,0.7260000109672546
89.25860023498535,0.6600000262260437,0.6420000195503235,0.6980000138282776,0.7360000014305115,0.6499999761581421,0.7179999947547913
89.26782250404358,0.671999990940094,0.6420000195503235,0.7059999704360962,0.7440000176429749,0.6520000100135803,0.7120000123977661
89.2776927947998,0.6980000138282776,0.6380000114440918,0.7179999947547913,0.7480000257492065,0.7200000286102295,0.7080000042915344
89.28751516342163,0.7120000123977661,0.6380000114440918,0.7239999771118164,0.7540000081062317,0.7360000014305115,0.7039999961853027
89.2989411354065,0.7200000286102295,0.6399999856948853,0.7260000109672546,0.7559999823570251,0.7459999918937683,0.7039999961853027
89.30824089050293,0.7300000190734863,0.6399999856948853,0.7300000190734863,0.7599999904632568,0.7599999904632568,0.7020000219345093
89.31779742240906,0.7360000014305115,0.6420000195503235,0.734000027179718,0.7620000243186951,0.7639999985694885,0.7020000219345093
89.32776522636414,0.7400000095367432,0.6420000195503235,0.7360000014305115,0.7680000066757202,0.765999972820282,0.7020000219345093
89.34224224090576,0.7459999918937683,0.6420000195503235,0.7379999756813049,0.7760000228881836,0.7680000066757202,0.699999988079071
89.3538293838501,0.7480000257492065,0.6420000195503235,0.7400000095367432,0.7799999713897705,0.7699999809265137,0.6980000138282776
89.35789942741394,0.75,0.6439999938011169,0.7419999837875366,0.7820000052452087,0.7699999809265137,0.6980000138282776
89.36742925643921,0.7519999742507935,0.6420000195503235,0.7440000176429749,0.7820000052452087,0.7680000066757202,0.6959999799728394
89.37755155563354,0.7540000081062317,0.6439999938011169,0.7440000176429749,0.777999997138977,0.765999972820282,0.6940000057220459
89.38749933242798,0.7540000081062317,0.6439999938011169,0.7440000176429749,0.7720000147819519,0.7620000243186951,0.6919999718666077
89.39759278297424,0.7559999823570251,0.6439999938011169,0.7440000176429749,0.7639999985694885,0.7580000162124634,0.6899999976158142
89.40762424468994,0.7559999823570251,0.6439999938011169,0.7440000176429749,0.7580000162124634,0.7559999823570251,0.6899999976158142
89.41794633865356,0.7580000162124634,0.6439999938011169,0.7440000176429749,0.7540000081062317,0.7519999742507935,0.6880000233650208
89.427743434906,0.7580000162124634,0.6420000195503235,0.7440000176429749,0.7519999742507935,0.7480000257492065,0.6859999895095825
89.43742966651917,0.7580000162124634,0.6420000195503235,0.7440000176429749,0.7480000257492065,0.7440000176429749,0.6840000152587891
89.44976353645325,0.7599999904632568,0.6420000195503235,0.7419999837875366,0.7459999918937683,0.7400000095367432,0.6840000152587891
89.45784783363342,0.7599999904632568,0.6420000195503235,0.7419999837875366,0.7440000176429749,0.7400000095367432,0.6819999814033508
89.46767783164978,0.7599999904632568,0.6420000195503235,0.7419999837875366,0.7400000095367432,0.7360000014305115,0.6800000071525574
89.47759222984314,0.7599999904632568,0.6420000195503235,0.7419999837875366,0.7400000095367432,0.7319999933242798,0.6800000071525574
89.4879379272461,0.7620000243186951,0.6439999938011169,0.7419999837875366,0.7400000095367432,0.7319999933242798,0.6800000071525574
89.49762010574341,0.7620000243186951,0.6439999938011169,0.7419999837875366,0.7379999756813049,0.7279999852180481,0.6779999732971191
89.50746297836304,0.7639999985694885,0.6439999938011169,0.7419999837875366,0.7379999756813049,0.7260000109672546,0.6779999732971191
89.51771664619446,0.7639999985694885,0.6439999938011169,0.7440000176429749,0.7379999756813049,0.7260000109672546,0.6779999732971191
89.52761936187744,0.7639999985694885,0.6439999938011169,0.7440000176429749,0.7400000095367432,0.7260000109672546,0.6779999732971191
89.53806233406067,0.7639999985694885,0.6439999938011169,0.7440000176429749,0.7400000095367432,0.7279999852180481,0.6779999732971191
89.54777383804321,0.765999972820282,0.6439999938011169,0.7480000257492065,0.7440000176429749,0.7300000190734863,0.6759999990463257
89.55813789367676,0.765999972820282,0.6439999938011169,0.75,0.7480000257492065,0.7319999933242798,0.6779999732971191
89.56797671318054,0.765999972820282,0.6439999938011169,0.7519999742507935,0.75,0.734000027179718,0.6779999732971191
89.57861995697021,0.765999972820282,0.6439999938011169,0.7540000081062317,0.7559999823570251,0.7400000095367432,0.6779999732971191
89.58747601509094,0.765999972820282,0.6439999938011169,0.7559999823570251,0.7620000243186951,0.7440000176429749,0.6779999732971191
89.59778761863708,0.765999972820282,0.6439999938011169,0.7559999823570251,0.765999972820282,0.7459999918937683,0.6779999732971191
89.60749411582947,0.765999972820282,0.6439999938011169,0.7580000162124634,0.7720000147819519,0.7540000081062317,0.6779999732971191
89.61778497695923,0.7680000066757202,0.6439999938011169,0.7599999904632568,0.7760000228881836,0.7559999823570251,0.6779999732971191
89.62773633003235,0.7680000066757202,0.6439999938011169,0.7620000243186951,0.7799999713897705,0.7599999904632568,0.6779999732971191
89.6377522945404,0.7680000066757202,0.6439999938011169,0.7639999985694885,0.7860000133514404,0.7620000243186951,0.6759999990463257
89.64755129814148,0.7680000066757202,0.6460000276565552,0.765999972820282,0.7879999876022339,0.7639999985694885,0.6759999990463257
89.65791034698486,0.7680000066757202,0.6460000276565552,0.7680000066757202,0.7960000038146973,0.765999972820282,0.6759999990463257
89.66760849952698,0.7680000066757202,0.6460000276565552,0.7680000066757202,0.7979999780654907,0.7699999809265137,0.6759999990463257
89.67807602882385,0.7680000066757202,0.6460000276565552,0.7699999809265137,0.8040000200271606,0.7720000147819519,0.6740000247955322
89.688143491745,0.7680000066757202,0.6480000019073486,0.7699999809265137,0.8119999766349792,0.7739999890327454,0.6740000247955322
89.69757723808289,0.7680000066757202,0.6480000019073486,0.7720000147819519,0.8159999847412109,0.7739999890327454,0.6740000247955322
89.708336353302,0.7680000066757202,0.6480000019073486,0.7720000147819519,0.8199999928474426,0.777999997138977,0.671999990940094
89.71787810325623,0.7680000066757202,0.6499999761581421,0.7739999890327454,0.828000009059906,0.7839999794960022,0.6700000166893005
89.72838807106018,0.7680000066757202,0.6499999761581421,0.7739999890327454,0.8360000252723694,0.7879999876022339,0.6700000166893005
89.73765659332275,0.7680000066757202,0.6499999761581421,0.7760000228881836,0.843999981880188,0.7960000038146973,0.6700000166893005
89.74746465682983,0.765999972820282,0.6520000100135803,0.7760000228881836,0.8579999804496765,0.8040000200271606,0.6700000166893005
89.75771355628967,0.765999972820282,0.6520000100135803,0.777999997138977,0.8640000224113464,0.8100000023841858,0.6700000166893005
89.76740193367004,0.765999972820282,0.6539999842643738,0.7799999713897705,0.8740000128746033,0.8220000267028809,0.6700000166893005
89.77749443054199,0.765999972820282,0.6539999842643738,0.7799999713897705,0.8820000290870667,0.8299999833106995,0.6700000166893005
89.7876718044281,0.7639999985694885,0.6539999842643738,0.7799999713897705,0.8920000195503235,0.8399999737739563,0.6679999828338623
89.80057501792908,0.7639999985694885,0.6539999842643738,0.7820000052452087,0.9100000262260436,0.8539999723434448,0.6679999828338623
89.80819272994995,0.7639999985694885,0.6539999842643738,0.7820000052452087,0.9139999747276306,0.8600000143051147,0.6660000085830688
89.81782078742981,0.7639999985694885,0.656000018119812,0.7820000052452087,0.9240000247955322,0.8679999709129333,0.6660000085830688
89.83039474487305,0.7639999985694885,0.656000018119812,0.7839999794960022,0.9319999814033508,0.8759999871253967,0.6600000262260437
89.83751726150513,0.7639999985694885,0.6579999923706055,0.7839999794960022,0.9380000233650208,0.8820000290870667,0.6579999923706055
89.84798383712769,0.7620000243186951,0.6579999923706055,0.7839999794960022,0.944000005722046,0.8899999856948853,0.6579999923706055
89.85751628875732,0.7620000243186951,0.6620000004768372,0.7839999794960022,0.949999988079071,0.8960000276565552,0.6579999923706055
89.86735534667969,0.7620000243186951,0.6700000166893005,0.7839999794960022,0.9580000042915344,0.9039999842643738,0.656000018119812
89.8779468536377,0.7599999904632568,0.6759999990463257,0.7860000133514404,0.9679999947547911,0.9100000262260436,0.656000018119812
89.8877272605896,0.7599999904632568,0.6800000071525574,0.7860000133514404,0.9739999771118164,0.9160000085830688,0.656000018119812
89.89759659767151,0.7580000162124634,0.6840000152587891,0.7860000133514404,0.9800000190734864,0.921999990940094,0.6539999842643738
89.90799331665039,0.7580000162124634,0.6880000233650208,0.7860000133514404,0.9860000014305116,0.9259999990463256,0.6539999842643738
89.91896843910217,0.7580000162124634,0.6940000057220459,0.7860000133514404,0.9940000176429749,0.9319999814033508,0.6539999842643738
89.92896032333374,0.7559999823570251,0.6980000138282776,0.7860000133514404,1.0019999742507937,0.9359999895095824,0.6539999842643738
89.937739610672,0.7540000081062317,0.7020000219345093,0.7860000133514404,1.0099999904632568,0.9380000233650208,0.6539999842643738
89.94757294654846,0.7519999742507935,0.7080000042915344,0.7860000133514404,1.0160000324249268,0.9399999976158142,0.6539999842643738
89.95741748809814,0.7480000257492065,0.7120000123977661,0.7860000133514404,1.02400004863739,0.9419999718666076,0.6539999842643738
89.96780848503113,0.7440000176429749,0.7179999947547913,0.7860000133514404,1.0299999713897705,0.944000005722046,0.6539999842643738
89.97774362564087,0.7400000095367432,0.722000002861023,0.7839999794960022,1.037999987602234,0.9459999799728394,0.6539999842643738
89.98742938041687,0.734000027179718,0.7260000109672546,0.7839999794960022,1.0460000038146973,0.9480000138282776,0.6539999842643738
89.99772834777832,0.7279999852180481,0.7279999852180481,0.7799999713897705,1.0540000200271606,0.9480000138282776,0.6539999842643738
90.00754928588867,0.722000002861023,0.7319999933242798,0.7760000228881836,1.062000036239624,0.9480000138282776,0.6539999842643738
90.02018618583679,0.7139999866485596,0.734000027179718,0.7720000147819519,1.065999984741211,0.9459999799728394,0.6539999842643738
90.02868795394897,0.7039999961853027,0.7360000014305115,0.7639999985694885,1.0740000009536743,0.9419999718666076,0.6539999842643738
90.03816509246826,0.6899999976158142,0.7400000095367432,0.7519999742507935,1.0800000429153442,0.9399999976158142,0.6539999842643738
90.04791331291199,0.6800000071525574,0.7419999837875366,0.7419999837875366,1.0839999914169312,0.9340000152587892,0.6539999842643738
90.05745029449463,0.6660000085830688,0.7440000176429749,0.7279999852180481,1.0880000591278076,0.9279999732971193,0.6539999842643738
90.06774353981018,0.6539999842643738,0.7440000176429749,0.7179999947547913,1.0920000076293943,0.9079999923706056,0.6539999842643738
90.07741022109985,0.6480000019073486,0.7459999918937683,0.7120000123977661,1.093999981880188,0.871999979019165,0.6539999842643738
90.087571144104,0.6439999938011169,0.7459999918937683,0.7039999961853027,1.093999981880188,0.8119999766349792,0.6539999842643738
90.09773755073547,0.6439999938011169,0.7480000257492065,0.6959999799728394,1.093999981880188,0.7760000228881836,0.6539999842643738
90.10761404037476,0.6439999938011169,0.7480000257492065,0.6880000233650208,1.0920000076293943,0.7480000257492065,0.6539999842643738
90.11751532554626,0.6420000195503235,0.7440000176429749,0.6840000152587891,1.0880000591278076,0.722000002861023,0.6539999842643738
90.12793231010437,0.6420000195503235,0.7440000176429749,0.6779999732971191,1.0839999914169312,0.7099999785423279,0.656000018119812
90.14030075073242,0.6380000114440918,0.734000027179718,0.671999990940094,1.0759999752044678,0.6959999799728394,0.656000018119812
90.14787101745605,0.6380000114440918,0.7139999866485596,0.6620000004768372,1.065999984741211,0.6919999718666077,0.656000018119812
90.15760660171509,0.6359999775886536,0.6859999895095825,0.6420000195503235,1.0440000295639038,0.6980000138282776,0.656000018119812
90.16841793060303,0.6320000290870667,0.6660000085830688,0.6320000290870667,1.0119999647140503,0.7120000123977661,0.656000018119812
90.1775951385498,0.6299999952316284,0.6620000004768372,0.6299999952316284,0.9860000014305116,0.7059999704360962,0.656000018119812
90.18746542930603,0.628000020980835,0.656000018119812,0.6299999952316284,0.9480000138282776,0.699999988079071,0.656000018119812
90.19745063781738,0.6299999952316284,0.6499999761581421,0.6359999775886536,0.8999999761581421,0.6980000138282776,0.656000018119812
90.20786166191101,0.6299999952316284,0.6460000276565552,0.6439999938011169,0.8539999723434448,0.699999988079071,0.6579999923706055
90.21798801422119,0.6299999952316284,0.6460000276565552,0.6439999938011169,0.7720000147819519,0.6759999990463257,0.6579999923706055
90.229727268219,0.628000020980835,0.6460000276565552,0.6399999856948853,0.7540000081062317,0.656000018119812,0.6579999923706055
90.23818325996399,0.628000020980835,0.6460000276565552,0.6399999856948853,0.7540000081062317,0.656000018119812,0.6579999923706055
90.24784588813782,0.628000020980835,0.6460000276565552,0.6399999856948853,0.75,0.656000018119812,0.6600000262260437
90.25763320922852,0.6299999952316284,0.6460000276565552,0.6420000195503235,0.75,0.656000018119812,0.6679999828338623
90.26774263381958,0.6299999952316284,0.6460000276565552,0.6420000195503235,0.7519999742507935,0.656000018119812,0.6620000004768372
90.27757811546326,0.6299999952316284,0.6460000276565552,0.6420000195503235,0.7559999823570251,0.656000018119812,0.6620000004768372
90.2874903678894,0.6299999952316284,0.6460000276565552,0.6399999856948853,0.7580000162124634,0.656000018119812,0.6620000004768372
90.29972743988037,0.6299999952316284,0.6460000276565552,0.6399999856948853,0.7580000162124634,0.656000018119812,0.6620000004768372
90.3078830242157,0.6299999952316284,0.6460000276565552,0.6380000114440918,0.7580000162124634,0.656000018119812,0.6620000004768372
90.31809711456299,0.6299999952316284,0.6460000276565552,0.6380000114440918,0.7559999823570251,0.656000018119812,0.6620000004768372
90.32816648483276,0.6299999952316284,0.6460000276565552,0.6380000114440918,0.7559999823570251,0.656000018119812,0.6620000004768372
90.33813071250916,0.6299999952316284,0.6460000276565552,0.6380000114440918,0.7540000081062317,0.656000018119812,0.6620000004768372
90.34818983078003,0.6299999952316284,0.6460000276565552,0.6380000114440918,0.7519999742507935,0.656000018119812,0.6620000004768372
90.35975670814514,0.6320000290870667,0.6439999938011169,0.6380000114440918,0.7519999742507935,0.656000018119812,0.6620000004768372
90.37387824058533,0.6299999952316284,0.6439999938011169,0.6380000114440918,0.75,0.656000018119812,0.6620000004768372
90.37822961807251,0.6299999952316284,0.6439999938011169,0.6380000114440918,0.7480000257492065,0.656000018119812,0.6620000004768372
90.38829898834229,0.6320000290870667,0.6439999938011169,0.6380000114440918,0.7480000257492065,0.656000018119812,0.6620000004768372
90.39872312545776,0.6320000290870667,0.6439999938011169,0.6380000114440918,0.7480000257492065,0.656000018119812,0.6620000004768372
90.4075996875763,0.6299999952316284,0.6460000276565552,0.6380000114440918,0.7459999918937683,0.656000018119812,0.6620000004768372
90.41725182533264,0.6299999952316284,0.6460000276565552,0.6380000114440918,0.7459999918937683,0.656000018119812,0.6620000004768372
90.42752432823181,0.6299999952316284,0.6460000276565552,0.6380000114440918,0.7459999918937683,0.656000018119812,0.6620000004768372
90.43746566772461,0.6299999952316284,0.6460000276565552,0.6380000114440918,0.7459999918937683,0.656000018119812,0.6620000004768372
90.44758939743042,0.6320000290870667,0.6460000276565552,0.6380000114440918,0.7459999918937683,0.656000018119812,0.6620000004768372
90.45738291740417,0.6320000290870667,0.6460000276565552,0.6380000114440918,0.7459999918937683,0.656000018119812,0.6620000004768372
90.46731162071228,0.6320000290870667,0.6460000276565552,0.6380000114440918,0.7459999918937683,0.656000018119812,0.6620000004768372
90.47733283042908,0.6320000290870667,0.6460000276565552,0.6380000114440918,0.7459999918937683,0.656000018119812,0.6620000004768372
90.48722791671753,0.6320000290870667,0.6460000276565552,0.6380000114440918,0.7459999918937683,0.656000018119812,0.6620000004768372
90.49759531021118,0.6320000290870667,0.6460000276565552,0.6380000114440918,0.7459999918937683,0.656000018119812,0.6620000004768372
90.50738000869751,0.6320000290870667,0.6460000276565552,0.6380000114440918,0.7459999918937683,0.656000018119812,0.6620000004768372
90.51739645004272,0.6320000290870667,0.6460000276565552,0.6380000114440918,0.7440000176429749,0.656000018119812,0.6620000004768372
90.52733182907104,0.6320000290870667,0.6460000276565552,0.6380000114440918,0.7440000176429749,0.656000018119812,0.6620000004768372
90.53745889663696,0.6320000290870667,0.6460000276565552,0.6380000114440918,0.7440000176429749,0.656000018119812,0.6620000004768372
90.54786968231201,0.6320000290870667,0.6460000276565552,0.6380000114440918,0.7440000176429749,0.656000018119812,0.6620000004768372
90.557692527771,0.6320000290870667,0.6460000276565552,0.6380000114440918,0.7440000176429749,0.656000018119812,0.6620000004768372
90.56751489639282,0.6320000290870667,0.6460000276565552,0.6399999856948853,0.7440000176429749,0.656000018119812,0.6620000004768372
90.57736802101135,0.6320000290870667,0.6439999938011169,0.6399999856948853,0.7440000176429749,0.656000018119812,0.6620000004768372
90.5877115726471,0.6320000290870667,0.6460000276565552,0.6399999856948853,0.7440000176429749,0.656000018119812,0.6620000004768372
90.59742164611816,0.6320000290870667,0.6460000276565552,0.6399999856948853,0.7440000176429749,0.656000018119812,0.6620000004768372
90.60760641098022,0.6320000290870667,0.6439999938011169,0.6399999856948853,0.7440000176429749,0.656000018119812,0.6620000004768372
90.6174042224884,0.6340000033378601,0.6439999938011169,0.6399999856948853,0.7440000176429749,0.656000018119812,0.6620000004768372
90.6273901462555,0.6320000290870667,0.6439999938011169,0.6399999856948853,0.7440000176429749,0.656000018119812,0.6620000004768372
90.63734936714172,0.6320000290870667,0.6439999938011169,0.6399999856948853,0.7419999837875366,0.656000018119812,0.6620000004768372
90.64748096466064,0.6320000290870667,0.6439999938011169,0.6399999856948853,0.7419999837875366,0.656000018119812,0.6620000004768372
90.65889549255371,0.6320000290870667,0.6439999938011169,0.6439999938011169,0.734000027179718,0.6539999842643738,0.6660000085830688
90.66747212409973,0.6320000290870667,0.6439999938011169,0.6480000019073486,0.7319999933242798,0.6480000019073486,0.6800000071525574
90.67732191085815,0.6380000114440918,0.6439999938011169,0.6600000262260437,0.7300000190734863,0.6439999938011169,0.7059999704360962
90.68751454353333,0.6359999775886536,0.6439999938011169,0.6620000004768372,0.7179999947547913,0.6420000195503235,0.7239999771118164
90.69751572608948,0.6380000114440918,0.6420000195503235,0.6800000071525574,0.7139999866485596,0.6399999856948853,0.7279999852180481
90.70747590065002,0.656000018119812,0.6399999856948853,0.6859999895095825,0.7120000123977661,0.6460000276565552,0.722000002861023
90.71743607521057,0.656000018119812,0.6420000195503235,0.6919999718666077,0.7200000286102295,0.6499999761581421,0.7179999947547913
90.72731924057007,0.6579999923706055,0.6420000195503235,0.699999988079071,0.7360000014305115,0.6679999828338623,0.7139999866485596
90.73754930496216,0.6660000085830688,0.6399999856948853,0.7080000042915344,0.7459999918937683,0.7300000190734863,0.7120000123977661
90.74748277664185,0.6800000071525574,0.6399999856948853,0.7160000205039978,0.7639999985694885,0.7519999742507935,0.7120000123977661
90.75749278068542,0.6919999718666077,0.6380000114440918,0.722000002861023,0.7760000228881836,0.7699999809265137,0.7120000123977661
90.76749801635742,0.699999988079071,0.6399999856948853,0.7260000109672546,0.7860000133514404,0.777999997138977,0.7120000123977661
90.78127312660217,0.7080000042915344,0.6399999856948853,0.7319999933242798,0.8100000023841858,0.7919999957084656,0.7120000123977661
90.78750872612,0.7160000205039978,0.6420000195503235,0.7360000014305115,0.828000009059906,0.8080000281333923,0.7099999785423279
90.79836511611938,0.7200000286102295,0.6420000195503235,0.7400000095367432,0.8399999737739563,0.8180000185966492,0.7080000042915344
90.8073079586029,0.7279999852180481,0.6439999938011169,0.7440000176429749,0.8539999723434448,0.828000009059906,0.7059999704360962
90.81734657287598,0.7300000190734863,0.6439999938011169,0.7480000257492065,0.8600000143051147,0.8339999914169312,0.7039999961853027
90.8276538848877,0.734000027179718,0.6439999938011169,0.7519999742507935,0.8679999709129333,0.843999981880188,0.7039999961853027
90.83742690086365,0.734000027179718,0.6439999938011169,0.7540000081062317,0.871999979019165,0.8500000238418579,0.7020000219345093
90.84783673286438,0.7360000014305115,0.6439999938011169,0.7559999823570251,0.8740000128746033,0.8519999980926514,0.7020000219345093
90.85755252838135,0.7379999756813049,0.6460000276565552,0.7559999823570251,0.8740000128746033,0.8539999723434448,0.6980000138282776
90.86744594573975,0.7379999756813049,0.6460000276565552,0.7580000162124634,0.8740000128746033,0.8539999723434448,0.6959999799728394
90.87763285636902,0.7400000095367432,0.6460000276565552,0.7580000162124634,0.8740000128746033,0.8519999980926514,0.6959999799728394
90.88785409927368,0.7400000095367432,0.6460000276565552,0.7580000162124634,0.8740000128746033,0.8500000238418579,0.6919999718666077
90.89745855331421,0.7400000095367432,0.6460000276565552,0.7580000162124634,0.871999979019165,0.8479999899864197,0.6919999718666077
90.90771722793579,0.7419999837875366,0.6460000276565552,0.7580000162124634,0.871999979019165,0.843999981880188,0.6880000233650208
90.91736650466919,0.7419999837875366,0.6460000276565552,0.7599999904632568,0.871999979019165,0.8420000076293945,0.6859999895095825
90.92767858505249,0.7440000176429749,0.6460000276565552,0.7599999904632568,0.871999979019165,0.8399999737739563,0.6840000152587891
90.9375548362732,0.7440000176429749,0.6460000276565552,0.7599999904632568,0.871999979019165,0.8379999995231628,0.6819999814033508
90.94773173332214,0.7459999918937683,0.6460000276565552,0.7599999904632568,0.8740000128746033,0.8360000252723694,0.6800000071525574
90.95812392234802,0.7459999918937683,0.6460000276565552,0.7620000243186951,0.8740000128746033,0.8339999914169312,0.6800000071525574
90.96859002113342,0.7459999918937683,0.6460000276565552,0.7620000243186951,0.8759999871253967,0.8339999914169312,0.6779999732971191
90.9773473739624,0.7480000257492065,0.6460000276565552,0.7620000243186951,0.878000020980835,0.8339999914169312,0.6779999732971191
90.98737144470215,0.7480000257492065,0.6460000276565552,0.7639999985694885,0.8820000290870667,0.8360000252723694,0.6779999732971191
90.99904942512512,0.75,0.6460000276565552,0.7639999985694885,0.8859999775886536,0.8379999995231628,0.6759999990463257
91.00772404670715,0.75,0.6460000276565552,0.765999972820282,0.8899999856948853,0.8379999995231628,0.6759999990463257
91.01786136627197,0.75,0.6460000276565552,0.765999972820282,0.8939999938011169,0.8420000076293945,0.6759999990463257
91.0273585319519,0.75,0.6460000276565552,0.7680000066757202,0.8999999761581421,0.8460000157356262,0.6759999990463257
91.03741526603699,0.7519999742507935,0.6460000276565552,0.7680000066757202,0.9020000100135804,0.8500000238418579,0.6759999990463257
91.04767632484436,0.7519999742507935,0.6460000276565552,0.7699999809265137,0.9079999923706056,0.8560000061988831,0.6759999990463257
91.05747389793396,0.7519999742507935,0.6460000276565552,0.7699999809265137,0.9120000004768372,0.8619999885559082,0.6779999732971191
91.06799721717834,0.7519999742507935,0.6460000276565552,0.7720000147819519,0.9179999828338624,0.8700000047683716,0.6779999732971191
91.07752752304077,0.7540000081062317,0.6480000019073486,0.7720000147819519,0.9240000247955322,0.8759999871253967,0.6800000071525574
91.08746576309204,0.7540000081062317,0.6480000019073486,0.7739999890327454,0.9279999732971193,0.8840000033378601,0.6800000071525574
91.09750270843506,0.7540000081062317,0.6499999761581421,0.7739999890327454,0.9319999814033508,0.8939999938011169,0.6800000071525574
91.1096556186676,0.7540000081062317,0.6499999761581421,0.7760000228881836,0.9359999895095824,0.8980000019073486,0.6800000071525574
91.11773133277893,0.7540000081062317,0.6499999761581421,0.7760000228881836,0.9399999976158142,0.9039999842643738,0.6800000071525574
91.12759137153625,0.7519999742507935,0.6499999761581421,0.7760000228881836,0.944000005722046,0.9079999923706056,0.6800000071525574
91.13737893104553,0.7519999742507935,0.6520000100135803,0.7760000228881836,0.9480000138282776,0.9120000004768372,0.6800000071525574
91.14746522903442,0.7519999742507935,0.6520000100135803,0.7760000228881836,0.9520000219345092,0.9160000085830688,0.6800000071525574
91.15770983695984,0.7519999742507935,0.6520000100135803,0.777999997138977,0.9559999704360962,0.9179999828338624,0.6800000071525574
91.16734528541565,0.75,0.6539999842643738,0.777999997138977,0.959999978542328,0.921999990940094,0.6800000071525574
91.17760181427002,0.75,0.656000018119812,0.777999997138977,0.9639999866485596,0.9259999990463256,0.6779999732971191
91.18742656707764,0.75,0.656000018119812,0.777999997138977,0.9660000205039978,0.9279999732971193,0.6759999990463257
91.19762301445007,0.75,0.656000018119812,0.777999997138977,0.9679999947547911,0.9300000071525574,0.6740000247955322
91.20767784118652,0.75,0.6579999923706055,0.777999997138977,0.972000002861023,0.9340000152587892,0.671999990940094
91.21763277053833,0.7480000257492065,0.6579999923706055,0.7799999713897705,0.9760000109672546,0.9359999895095824,0.6700000166893005
91.22746229171753,0.7480000257492065,0.6579999923706055,0.7799999713897705,0.9800000190734864,0.9399999976158142,0.6679999828338623
91.23772406578064,0.7480000257492065,0.6579999923706055,0.7799999713897705,0.984000027179718,0.9419999718666076,0.6679999828338623
91.24772572517395,0.7480000257492065,0.6600000262260437,0.7799999713897705,0.9860000014305116,0.944000005722046,0.6639999747276306
91.25749731063843,0.7480000257492065,0.6600000262260437,0.7820000052452087,0.9919999837875366,0.9480000138282776,0.6600000262260437
91.26748418807983,0.7459999918937683,0.6600000262260437,0.7820000052452087,0.9959999918937684,0.9520000219345092,0.6579999923706055
91.27734637260437,0.7459999918937683,0.6600000262260437,0.7820000052452087,0.9980000257492064,0.9539999961853028,0.6579999923706055
91.28739023208618,0.7459999918937683,0.6579999923706055,0.7820000052452087,1.0019999742507937,0.9580000042915344,0.656000018119812
91.29739189147949,0.7459999918937683,0.6579999923706055,0.7820000052452087,1.00600004196167,0.959999978542328,0.656000018119812
91.30796408653259,0.7440000176429749,0.6579999923706055,0.7839999794960022,1.0099999904632568,0.962000012397766,0.656000018119812
91.31779265403748,0.7440000176429749,0.6600000262260437,0.7839999794960022,1.0160000324249268,0.9660000205039978,0.6539999842643738
91.32785487174988,0.7440000176429749,0.6620000004768372,0.7839999794960022,1.0199999809265137,0.9660000205039978,0.6539999842643738
91.33816194534302,0.7419999837875366,0.6679999828338623,0.7839999794960022,1.0260000228881836,0.9700000286102296,0.6539999842643738
91.34733867645264,0.7400000095367432,0.6740000247955322,0.7839999794960022,1.0360000133514404,0.972000002861023,0.6539999842643738
91.35760402679443,0.7379999756813049,0.6779999732971191,0.7839999794960022,1.0399999618530271,0.972000002861023,0.6539999842643738
91.36744022369385,0.7360000014305115,0.6819999814033508,0.7839999794960022,1.0499999523162842,0.9739999771118164,0.6539999842643738
91.37740325927734,0.7319999933242798,0.6880000233650208,0.7839999794960022,1.0579999685287476,0.9760000109672546,0.6539999842643738
91.38744831085205,0.7279999852180481,0.6919999718666077,0.7820000052452087,1.0640000104904177,0.9760000109672546,0.6539999842643738
91.39746522903442,0.7239999771118164,0.6980000138282776,0.7799999713897705,1.0720000267028809,0.9760000109672546,0.6539999842643738
91.4074764251709,0.7139999866485596,0.7020000219345093,0.777999997138977,1.0759999752044678,0.9760000109672546,0.6539999842643738
91.41761207580566,0.699999988079071,0.7059999704360962,0.7699999809265137,1.0820000171661377,0.9760000109672546,0.6539999842643738
91.42770767211914,0.6840000152587891,0.7120000123977661,0.7620000243186951,1.0880000591278076,0.9739999771118164,0.6520000100135803
91.43781924247742,0.6740000247955322,0.7139999866485596,0.7540000081062317,1.090000033378601,0.972000002861023,0.6520000100135803
91.44739818572998,0.6620000004768372,0.7179999947547913,0.7419999837875366,1.093999981880188,0.9679999947547911,0.6520000100135803
91.45755457878113,0.656000018119812,0.7200000286102295,0.7260000109672546,1.0980000495910645,0.9520000219345092,0.6520000100135803
91.46741962432861,0.6520000100135803,0.722000002861023,0.7160000205039978,1.100000023841858,0.9120000004768372,0.6499999761581421
91.47737240791321,0.6499999761581421,0.7239999771118164,0.7020000219345093,1.1039999723434448,0.8420000076293945,0.6499999761581421
91.48746824264526,0.6499999761581421,0.7260000109672546,0.6940000057220459,1.1059999465942385,0.7960000038146973,0.6499999761581421
91.49746608734131,0.6460000276565552,0.7319999933242798,0.6840000152587891,1.1059999465942385,0.7720000147819519,0.6499999761581421
91.50736856460571,0.6399999856948853,0.7319999933242798,0.6779999732971191,1.1080000400543213,0.765999972820282,0.6499999761581421
91.51752972602844,0.6380000114440918,0.7260000109672546,0.6740000247955322,1.1059999465942385,0.7599999904632568,0.6499999761581421
91.5280032157898,0.6340000033378601,0.6940000057220459,0.6639999747276306,1.0980000495910645,0.7519999742507935,0.6520000100135803
91.53884601593018,0.6340000033378601,0.6639999747276306,0.6579999923706055,1.0880000591278076,0.7360000014305115,0.6520000100135803
91.54912686347961,0.6359999775886536,0.6620000004768372,0.6399999856948853,1.0640000104904177,0.7099999785423279,0.6539999842643738
91.5576000213623,0.6359999775886536,0.6539999842643738,0.6299999952316284,1.0299999713897705,0.7099999785423279,0.6539999842643738
91.56734299659729,0.6359999775886536,0.6499999761581421,0.628000020980835,1.003999948501587,0.7239999771118164,0.6539999842643738
91.5776572227478,0.6299999952316284,0.6460000276565552,0.628000020980835,0.9580000042915344,0.7120000123977661,0.656000018119812
91.58749604225159,0.6299999952316284,0.6439999938011169,0.628000020980835,0.9020000100135804,0.7099999785423279,0.656000018119812
91.59740781784058,0.6299999952316284,0.6420000195503235,0.6299999952316284,0.8460000157356262,0.7139999866485596,0.656000018119812
91.60755348205566,0.628000020980835,0.6439999938011169,0.6340000033378601,0.7559999823570251,0.6800000071525574,0.6579999923706055
91.61733794212341,0.628000020980835,0.6420000195503235,0.6320000290870667,0.7279999852180481,0.6579999923706055,0.6579999923706055
91.62773895263672,0.6299999952316284,0.6420000195503235,0.6320000290870667,0.7200000286102295,0.6579999923706055,0.6579999923706055
91.63850355148315,0.6320000290870667,0.6420000195503235,0.6320000290870667,0.7200000286102295,0.6579999923706055,0.6759999990463257
91.64972162246704,0.6320000290870667,0.6439999938011169,0.6340000033378601,0.7239999771118164,0.656000018119812,0.6620000004768372
91.65753412246704,0.6320000290870667,0.6420000195503235,0.6359999775886536,0.7379999756813049,0.656000018119812,0.6620000004768372
91.6674542427063,0.6320000290870667,0.6420000195503235,0.6340000033378601,0.7440000176429749,0.6579999923706055,0.6620000004768372
91.67730522155762,0.6340000033378601,0.6420000195503235,0.6340000033378601,0.7459999918937683,0.6579999923706055,0.6620000004768372
91.68748950958252,0.6340000033378601,0.6420000195503235,0.6340000033378601,0.7459999918937683,0.6600000262260437,0.6620000004768372
91.69745922088623,0.6340000033378601,0.6420000195503235,0.6340000033378601,0.7459999918937683,0.6579999923706055,0.6620000004768372
91.70737075805664,0.6340000033378601,0.6420000195503235,0.6320000290870667,0.7459999918937683,0.6579999923706055,0.6620000004768372
91.71754789352417,0.6340000033378601,0.6420000195503235,0.6320000290870667,0.7440000176429749,0.6579999923706055,0.6620000004768372
91.72743916511536,0.6340000033378601,0.6420000195503235,0.6340000033378601,0.7440000176429749,0.6579999923706055,0.6620000004768372
91.73795676231384,0.6340000033378601,0.6420000195503235,0.6340000033378601,0.7419999837875366,0.6579999923706055,0.6620000004768372
91.74745273590088,0.6340000033378601,0.6420000195503235,0.6340000033378601,0.7440000176429749,0.6579999923706055,0.6620000004768372
91.7575261592865,0.6340000033378601,0.6420000195503235,0.6340000033378601,0.7419999837875366,0.6579999923706055,0.6620000004768372
91.76774072647095,0.6340000033378601,0.6420000195503235,0.6340000033378601,0.7419999837875366,0.6579999923706055,0.6620000004768372
91.77768182754517,0.6340000033378601,0.6420000195503235,0.6340000033378601,0.7419999837875366,0.6579999923706055,0.6620000004768372
91.78731441497803,0.6340000033378601,0.6420000195503235,0.6340000033378601,0.7419999837875366,0.6579999923706055,0.6620000004768372
91.79746413230896,0.6340000033378601,0.6420000195503235,0.6340000033378601,0.7419999837875366,0.6579999923706055,0.6620000004768372
91.80740761756897,0.6340000033378601,0.6420000195503235,0.6340000033378601,0.7419999837875366,0.6579999923706055,0.6620000004768372
91.8176155090332,0.6340000033378601,0.6420000195503235,0.6340000033378601,0.7419999837875366,0.6579999923706055,0.6620000004768372
91.82734203338623,0.6340000033378601,0.6420000195503235,0.6340000033378601,0.7419999837875366,0.6579999923706055,0.6620000004768372
91.83742189407349,0.6340000033378601,0.6420000195503235,0.6340000033378601,0.7419999837875366,0.6579999923706055,0.6620000004768372
91.84959411621094,0.6340000033378601,0.6420000195503235,0.6340000033378601,0.7419999837875366,0.6579999923706055,0.6620000004768372
91.85889005661011,0.6340000033378601,0.6420000195503235,0.6359999775886536,0.7419999837875366,0.656000018119812,0.6620000004768372
91.86748671531677,0.6340000033378601,0.6420000195503235,0.6359999775886536,0.7419999837875366,0.656000018119812,0.6620000004768372
91.87741780281067,0.6340000033378601,0.6420000195503235,0.6359999775886536,0.7419999837875366,0.656000018119812,0.6620000004768372
91.88765168190002,0.6340000033378601,0.6420000195503235,0.6359999775886536,0.7419999837875366,0.656000018119812,0.6620000004768372
91.89738059043884,0.6340000033378601,0.6420000195503235,0.6359999775886536,0.7419999837875366,0.656000018119812,0.6620000004768372
91.90732669830322,0.6340000033378601,0.6420000195503235,0.6359999775886536,0.7419999837875366,0.656000018119812,0.6620000004768372
91.91753482818604,0.6340000033378601,0.6420000195503235,0.6359999775886536,0.7419999837875366,0.656000018119812,0.6620000004768372
91.92753005027771,0.6340000033378601,0.6420000195503235,0.6359999775886536,0.7419999837875366,0.656000018119812,0.6620000004768372
91.9373927116394,0.6340000033378601,0.6420000195503235,0.6359999775886536,0.7419999837875366,0.656000018119812,0.6620000004768372
91.94737815856934,0.6340000033378601,0.6420000195503235,0.6359999775886536,0.7419999837875366,0.656000018119812,0.6620000004768372
91.95823001861572,0.6340000033378601,0.6439999938011169,0.6359999775886536,0.7400000095367432,0.656000018119812,0.6620000004768372
91.96777963638306,0.6340000033378601,0.6439999938011169,0.6359999775886536,0.7400000095367432,0.656000018119812,0.6620000004768372
91.98214864730835,0.6340000033378601,0.6439999938011169,0.6359999775886536,0.7400000095367432,0.656000018119812,0.6620000004768372
91.98747682571411,0.6340000033378601,0.6439999938011169,0.6359999775886536,0.7400000095367432,0.6579999923706055,0.6620000004768372
91.99745488166809,0.6340000033378601,0.6439999938011169,0.6359999775886536,0.7400000095367432,0.6579999923706055,0.6620000004768372
92.00738143920898,0.6320000290870667,0.6439999938011169,0.6399999856948853,0.7419999837875366,0.656000018119812,0.6660000085830688
92.0174810886383,0.6340000033378601,0.6439999938011169,0.6439999938011169,0.7360000014305115,0.6499999761581421,0.6759999990463257
92.02748417854309,0.6359999775886536,0.6439999938011169,0.6480000019073486,0.7319999933242798,0.6480000019073486,0.6959999799728394
92.03733229637146,0.6420000195503235,0.6439999938011169,0.656000018119812,0.7319999933242798,0.6420000195503235,0.7239999771118164
92.04742765426636,0.6340000033378601,0.6439999938011169,0.6639999747276306,0.7239999771118164,0.6439999938011169,0.7300000190734863
92.05746221542358,0.6380000114440918,0.6399999856948853,0.6800000071525574,0.722000002861023,0.6359999775886536,0.7300000190734863
92.06745219230652,0.6539999842643738,0.6399999856948853,0.6880000233650208,0.7239999771118164,0.6399999856948853,0.7260000109672546
92.07751703262329,0.656000018119812,0.6399999856948853,0.6959999799728394,0.7379999756813049,0.6480000019073486,0.722000002861023
92.08747458457947,0.6740000247955322,0.6380000114440918,0.7099999785423279,0.7480000257492065,0.6859999895095825,0.7139999866485596
92.09732556343079,0.6880000233650208,0.6380000114440918,0.7179999947547913,0.7559999823570251,0.7260000109672546,0.7120000123977661
92.10766363143921,0.7039999961853027,0.6380000114440918,0.7239999771118164,0.7639999985694885,0.7519999742507935,0.7080000042915344
92.11751675605774,0.7139999866485596,0.6380000114440918,0.7279999852180481,0.7760000228881836,0.7680000066757202,0.7080000042915344
92.12752866744995,0.7200000286102295,0.6380000114440918,0.7319999933242798,0.7900000214576721,0.777999997138977,0.7080000042915344
92.1375560760498,0.7279999852180481,0.6399999856948853,0.7360000014305115,0.8080000281333923,0.7879999876022339,0.7039999961853027
92.14746594429016,0.734000027179718,0.6399999856948853,0.7379999756813049,0.8180000185966492,0.7960000038146973,0.7039999961853027
92.15748643875122,0.7379999756813049,0.6399999856948853,0.7419999837875366,0.8240000009536743,0.8019999861717224,0.7020000219345093
92.16735768318176,0.7400000095367432,0.6399999856948853,0.7440000176429749,0.8259999752044678,0.8059999942779541,0.7020000219345093
92.17736983299255,0.7419999837875366,0.6399999856948853,0.7459999918937683,0.828000009059906,0.8100000023841858,0.699999988079071
92.1887743473053,0.7440000176429749,0.6399999856948853,0.7480000257492065,0.8299999833106995,0.8119999766349792,0.699999988079071
92.19858956336975,0.7440000176429749,0.6399999856948853,0.75,0.8299999833106995,0.8140000104904175,0.6980000138282776
92.20755243301392,0.7440000176429749,0.6420000195503235,0.75,0.8299999833106995,0.8159999847412109,0.6980000138282776
92.21734142303467,0.7459999918937683,0.6399999856948853,0.7519999742507935,0.8299999833106995,0.8180000185966492,0.6959999799728394
92.22802329063416,0.7459999918937683,0.6399999856948853,0.7519999742507935,0.8299999833106995,0.8199999928474426,0.6959999799728394
92.23796367645264,0.7440000176429749,0.6399999856948853,0.7519999742507935,0.8299999833106995,0.8220000267028809,0.6959999799728394
92.24814701080322,0.7440000176429749,0.6399999856948853,0.7519999742507935,0.8299999833106995,0.8220000267028809,0.6940000057220459
92.25737643241882,0.7440000176429749,0.6420000195503235,0.7519999742507935,0.8299999833106995,0.8240000009536743,0.6959999799728394
92.26804208755493,0.7440000176429749,0.6420000195503235,0.7519999742507935,0.828000009059906,0.8240000009536743,0.6959999799728394
92.27777171134949,0.7440000176429749,0.6420000195503235,0.7519999742507935,0.828000009059906,0.8240000009536743,0.6959999799728394
92.28754496574402,0.7440000176429749,0.6420000195503235,0.7519999742507935,0.8259999752044678,0.8220000267028809,0.6959999799728394
92.29795217514038,0.7440000176429749,0.6420000195503235,0.7519999742507935,0.8240000009536743,0.8220000267028809,0.6940000057220459
92.30824017524719,0.7440000176429749,0.6420000195503235,0.7519999742507935,0.8240000009536743,0.8220000267028809,0.6940000057220459
92.31740713119507,0.7440000176429749,0.6420000195503235,0.7519999742507935,0.8240000009536743,0.8220000267028809,0.6940000057220459
92.32751846313477,0.7440000176429749,0.6420000195503235,0.7519999742507935,0.8240000009536743,0.8220000267028809,0.6940000057220459
92.33740401268005,0.7440000176429749,0.6420000195503235,0.7540000081062317,0.8240000009536743,0.8220000267028809,0.6940000057220459
92.34761261940002,0.7459999918937683,0.6420000195503235,0.7540000081062317,0.8240000009536743,0.8240000009536743,0.6940000057220459
92.36079931259155,0.7459999918937683,0.6420000195503235,0.7559999823570251,0.8240000009536743,0.8259999752044678,0.6940000057220459
92.36780738830566,0.7480000257492065,0.6420000195503235,0.7559999823570251,0.8259999752044678,0.8259999752044678,0.6940000057220459
92.37742495536804,0.7480000257492065,0.6420000195503235,0.7580000162124634,0.828000009059906,0.828000009059906,0.6919999718666077
92.38735008239746,0.75,0.6420000195503235,0.7599999904632568,0.8299999833106995,0.8299999833106995,0.6919999718666077
92.39773273468018,0.75,0.6420000195503235,0.7620000243186951,0.8320000171661377,0.8320000171661377,0.6919999718666077
92.4075574874878,0.75,0.6420000195503235,0.7620000243186951,0.8360000252723694,0.8339999914169312,0.6919999718666077
92.41863465309143,0.7519999742507935,0.6420000195503235,0.7639999985694885,0.8379999995231628,0.8360000252723694,0.6919999718666077
92.42734670639038,0.7519999742507935,0.6420000195503235,0.765999972820282,0.8399999737739563,0.8379999995231628,0.6919999718666077
92.4373664855957,0.7519999742507935,0.6420000195503235,0.765999972820282,0.8460000157356262,0.843999981880188,0.6919999718666077
92.44740724563599,0.7540000081062317,0.6420000195503235,0.7680000066757202,0.8479999899864197,0.8479999899864197,0.6919999718666077
92.45790910720825,0.7540000081062317,0.6420000195503235,0.7680000066757202,0.8539999723434448,0.8539999723434448,0.6919999718666077
92.46766018867493,0.7540000081062317,0.6420000195503235,0.7699999809265137,0.8600000143051147,0.8619999885559082,0.6919999718666077
92.47742748260498,0.7540000081062317,0.6420000195503235,0.7699999809265137,0.8640000224113464,0.8679999709129333,0.6919999718666077
92.48741173744202,0.7540000081062317,0.6420000195503235,0.7720000147819519,0.8700000047683716,0.8759999871253967,0.6919999718666077
92.49732184410095,0.7540000081062317,0.6439999938011169,0.7720000147819519,0.8759999871253967,0.8820000290870667,0.6919999718666077
92.50738620758057,0.7519999742507935,0.6439999938011169,0.7720000147819519,0.8840000033378601,0.8899999856948853,0.6919999718666077
92.51759147644043,0.7519999742507935,0.6439999938011169,0.7739999890327454,0.8899999856948853,0.8980000019073486,0.6919999718666077
92.52808213233948,0.7519999742507935,0.6439999938011169,0.7739999890327454,0.8999999761581421,0.9020000100135804,0.6899999976158142
92.53770732879639,0.7519999742507935,0.6439999938011169,0.7760000228881836,0.9100000262260436,0.9100000262260436,0.6859999895095825
92.54771423339844,0.75,0.6460000276565552,0.7760000228881836,0.9200000166893004,0.9139999747276306,0.6840000152587891
92.55740332603455,0.75,0.6480000019073486,0.777999997138977,0.9279999732971193,0.9200000166893004,0.6819999814033508
92.56781673431396,0.75,0.6480000019073486,0.777999997138977,0.9359999895095824,0.9259999990463256,0.6800000071525574
92.57774138450623,0.75,0.6499999761581421,0.777999997138977,0.9419999718666076,0.9300000071525574,0.6759999990463257
92.58765149116516,0.75,0.6499999761581421,0.7799999713897705,0.949999988079071,0.9340000152587892,0.671999990940094
92.59747886657715,0.75,0.6520000100135803,0.7799999713897705,0.9559999704360962,0.9399999976158142,0.6700000166893005
92.60750722885132,0.75,0.6520000100135803,0.7799999713897705,0.962000012397766,0.944000005722046,0.6679999828338623
92.61763668060303,0.7480000257492065,0.6520000100135803,0.7799999713897705,0.9700000286102296,0.9480000138282776,0.6639999747276306
92.62819170951843,0.7480000257492065,0.6539999842643738,0.7820000052452087,0.977999985218048,0.9520000219345092,0.6600000262260437
92.63775777816772,0.7480000257492065,0.6539999842643738,0.7820000052452087,0.9819999933242798,0.9520000219345092,0.6600000262260437
92.64747667312622,0.7459999918937683,0.6539999842643738,0.7820000052452087,0.9879999756813048,0.9559999704360962,0.656000018119812
92.65739822387695,0.7459999918937683,0.656000018119812,0.7839999794960022,0.9940000176429749,0.9580000042915344,0.656000018119812
92.66750478744507,0.7459999918937683,0.656000018119812,0.7839999794960022,1.0019999742507937,0.959999978542328,0.656000018119812
92.67733478546143,0.7440000176429749,0.6579999923706055,0.7839999794960022,1.0099999904632568,0.9639999866485596,0.6539999842643738
92.68743252754211,0.7440000176429749,0.6579999923706055,0.7839999794960022,1.0160000324249268,0.9660000205039978,0.6539999842643738
92.69809150695801,0.7440000176429749,0.6579999923706055,0.7839999794960022,1.0219999551773071,0.9700000286102296,0.6539999842643738
92.70737528800964,0.7419999837875366,0.6579999923706055,0.7860000133514404,1.031999945640564,0.972000002861023,0.6539999842643738
92.71752762794495,0.7400000095367432,0.6600000262260437,0.7860000133514404,1.037999987602234,0.9739999771118164,0.6539999842643738
92.72731876373291,0.7360000014305115,0.6639999747276306,0.7839999794960022,1.0479999780654907,0.9760000109672546,0.6539999842643738
92.73807048797607,0.7319999933242798,0.6700000166893005,0.7839999794960022,1.0540000200271606,0.9760000109672546,0.6539999842643738
92.7475368976593,0.7279999852180481,0.6740000247955322,0.7820000052452087,1.059999942779541,0.9760000109672546,0.6539999842643738
92.75749063491821,0.7239999771118164,0.6779999732971191,0.7799999713897705,1.0679999589920044,0.9760000109672546,0.6539999842643738
92.76744651794434,0.7160000205039978,0.6819999814033508,0.777999997138977,1.0740000009536743,0.9760000109672546,0.6539999842643738
92.7775616645813,0.7020000219345093,0.6859999895095825,0.7699999809265137,1.0800000429153442,0.9739999771118164,0.6539999842643738
92.78748083114624,0.6880000233650208,0.6899999976158142,0.7620000243186951,1.0859999656677246,0.972000002861023,0.6539999842643738
92.79758024215698,0.6740000247955322,0.6940000057220459,0.7540000081062317,1.0880000591278076,0.9700000286102296,0.6520000100135803
92.80764770507812,0.6600000262260437,0.699999988079071,0.7419999837875366,1.093999981880188,0.9639999866485596,0.6520000100135803
92.81737470626831,0.6520000100135803,0.7059999704360962,0.7300000190734863,1.0959999561309814,0.9559999704360962,0.6520000100135803
92.8277735710144,0.6460000276565552,0.7099999785423279,0.7120000123977661,1.100000023841858,0.9179999828338624,0.6520000100135803
92.83742189407349,0.6460000276565552,0.7139999866485596,0.6980000138282776,1.1019999980926514,0.8399999737739563,0.6520000100135803
92.84780550003052,0.6460000276565552,0.7160000205039978,0.6880000233650208,1.1039999723434448,0.7919999957084656,0.6520000100135803
92.85771632194519,0.6439999938011169,0.7179999947547913,0.6819999814033508,1.1039999723434448,0.765999972820282,0.6520000100135803
92.8675799369812,0.6399999856948853,0.7160000205039978,0.671999990940094,1.1019999980926514,0.75,0.6520000100135803
92.87773871421814,0.6359999775886536,0.7080000042915344,0.6679999828338623,1.0980000495910645,0.7419999837875366,0.6520000100135803
92.88756823539734,0.6359999775886536,0.6639999747276306,0.6600000262260437,1.0880000591278076,0.7260000109672546,0.6539999842643738
92.89740538597107,0.6359999775886536,0.6620000004768372,0.6480000019073486,1.0759999752044678,0.7120000123977661,0.6539999842643738
92.90741443634033,0.6380000114440918,0.656000018119812,0.6359999775886536,1.0499999523162842,0.7160000205039978,0.6539999842643738
92.91755890846252,0.6359999775886536,0.6499999761581421,0.6299999952316284,1.0180000066757202,0.722000002861023,0.6539999842643738
92.92887806892395,0.6320000290870667,0.6439999938011169,0.628000020980835,0.9879999756813048,0.7260000109672546,0.656000018119812
92.937504529953,0.628000020980835,0.6420000195503235,0.628000020980835,0.9480000138282776,0.7139999866485596,0.6539999842643738
92.94742941856384,0.628000020980835,0.6420000195503235,0.628000020980835,0.8960000276565552,0.7120000123977661,0.6539999842643738
92.95864343643188,0.628000020980835,0.6399999856948853,0.6320000290870667,0.8339999914169312,0.7120000123977661,0.6539999842643738
92.96888589859009,0.6259999871253967,0.6399999856948853,0.6340000033378601,0.7580000162124634,0.6740000247955322,0.656000018119812
92.9775538444519,0.628000020980835,0.6420000195503235,0.6320000290870667,0.7400000095367432,0.6620000004768372,0.656000018119812
92.98748874664307,0.6299999952316284,0.6420000195503235,0.6359999775886536,0.734000027179718,0.6579999923706055,0.6579999923706055
92.99751281738281,0.6320000290870667,0.6420000195503235,0.6359999775886536,0.734000027179718,0.6579999923706055,0.6700000166893005
93.0075089931488,0.6320000290870667,0.6420000195503235,0.6359999775886536,0.7379999756813049,0.656000018119812,0.6600000262260437
93.01741766929626,0.6320000290870667,0.6420000195503235,0.6359999775886536,0.75,0.6579999923706055,0.6579999923706055
93.02743911743164,0.6320000290870667,0.6420000195503235,0.6359999775886536,0.7559999823570251,0.6579999923706055,0.6579999923706055
93.03745889663696,0.6320000290870667,0.6420000195503235,0.6359999775886536,0.7580000162124634,0.6579999923706055,0.6600000262260437
93.04797410964966,0.6320000290870667,0.6420000195503235,0.6359999775886536,0.7580000162124634,0.6600000262260437,0.6600000262260437
93.05751013755798,0.6320000290870667,0.6420000195503235,0.6359999775886536,0.7559999823570251,0.6600000262260437,0.6600000262260437
93.06742024421692,0.6320000290870667,0.6420000195503235,0.6359999775886536,0.7559999823570251,0.6600000262260437,0.6600000262260437
93.07811975479126,0.6320000290870667,0.6420000195503235,0.6359999775886536,0.7559999823570251,0.6579999923706055,0.6620000004768372
93.08792972564697,0.6320000290870667,0.6420000195503235,0.6359999775886536,0.7559999823570251,0.6579999923706055,0.6620000004768372
93.0973768234253,0.6320000290870667,0.6420000195503235,0.6359999775886536,0.7540000081062317,0.6579999923706055,0.6600000262260437
93.10736775398254,0.6320000290870667,0.6420000195503235,0.6359999775886536,0.7540000081062317,0.6579999923706055,0.6600000262260437
93.11747980117798,0.6320000290870667,0.6420000195503235,0.6359999775886536,0.7540000081062317,0.6579999923706055,0.6600000262260437
93.1274573802948,0.6320000290870667,0.6420000195503235,0.6359999775886536,0.7540000081062317,0.6579999923706055,0.6600000262260437
93.13750100135803,0.6340000033378601,0.6420000195503235,0.6359999775886536,0.7540000081062317,0.6579999923706055,0.6600000262260437
93.1474347114563,0.6340000033378601,0.6420000195503235,0.6359999775886536,0.7519999742507935,0.6579999923706055,0.6600000262260437
93.1578722000122,0.6340000033378601,0.6420000195503235,0.6359999775886536,0.7519999742507935,0.6579999923706055,0.6600000262260437
93.16759943962097,0.6340000033378601,0.6420000195503235,0.6359999775886536,0.7519999742507935,0.6579999923706055,0.6620000004768372
93.17757749557495,0.6340000033378601,0.6420000195503235,0.6359999775886536,0.7519999742507935,0.6579999923706055,0.6620000004768372
93.18801069259644,0.6340000033378601,0.6420000195503235,0.6359999775886536,0.7519999742507935,0.6579999923706055,0.6620000004768372
93.19748783111572,0.6340000033378601,0.6420000195503235,0.6359999775886536,0.7519999742507935,0.6579999923706055,0.6620000004768372
93.20740962028503,0.6340000033378601,0.6420000195503235,0.6359999775886536,0.7519999742507935,0.6579999923706055,0.6620000004768372
93.21767783164978,0.6340000033378601,0.6420000195503235,0.6359999775886536,0.75,0.6579999923706055,0.6620000004768372
93.22736859321594,0.6340000033378601,0.6420000195503235,0.6359999775886536,0.75,0.6579999923706055,0.6620000004768372
93.23735857009888,0.6340000033378601,0.6420000195503235,0.6359999775886536,0.75,0.6579999923706055,0.6620000004768372
93.24747443199158,0.6340000033378601,0.6420000195503235,0.6359999775886536,0.75,0.6579999923706055,0.6620000004768372
93.25736689567566,0.6340000033378601,0.6420000195503235,0.6359999775886536,0.75,0.6579999923706055,0.6620000004768372
93.26741552352905,0.6340000033378601,0.6420000195503235,0.6359999775886536,0.7480000257492065,0.6579999923706055,0.6620000004768372
93.27746224403381,0.6340000033378601,0.6420000195503235,0.6359999775886536,0.7480000257492065,0.6579999923706055,0.6620000004768372
93.28732442855835,0.6340000033378601,0.6420000195503235,0.6359999775886536,0.7459999918937683,0.6579999923706055,0.6620000004768372
93.29851579666138,0.6340000033378601,0.6420000195503235,0.6359999775886536,0.7459999918937683,0.6579999923706055,0.6620000004768372
93.3077118396759,0.6340000033378601,0.6420000195503235,0.6359999775886536,0.7440000176429749,0.6579999923706055,0.6620000004768372
93.31748557090759,0.6340000033378601,0.6420000195503235,0.6359999775886536,0.7440000176429749,0.6579999923706055,0.6620000004768372
93.32768321037292,0.6340000033378601,0.6420000195503235,0.6359999775886536,0.7419999837875366,0.6579999923706055,0.6600000262260437
93.33744692802429,0.6340000033378601,0.6420000195503235,0.6359999775886536,0.7419999837875366,0.6579999923706055,0.6600000262260437
93.34749221801758,0.6320000290870667,0.6420000195503235,0.6420000195503235,0.7419999837875366,0.656000018119812,0.6660000085830688
93.35751700401306,0.6340000033378601,0.6420000195503235,0.6499999761581421,0.7360000014305115,0.6480000019073486,0.6779999732971191
93.36737418174744,0.6380000114440918,0.6420000195503235,0.656000018119812,0.7300000190734863,0.6439999938011169,0.7039999961853027
93.37842321395874,0.6439999938011169,0.6420000195503235,0.6600000262260437,0.7260000109672546,0.6420000195503235,0.7260000109672546
93.38786053657532,0.6380000114440918,0.6399999856948853,0.6759999990463257,0.7160000205039978,0.6380000114440918,0.7319999933242798
93.40038871765137,0.6679999828338623,0.6380000114440918,0.6859999895095825,0.7139999866485596,0.6380000114440918,0.7260000109672546
93.40960311889648,0.6740000247955322,0.6399999856948853,0.6959999799728394,0.7319999933242798,0.6480000019073486,0.7200000286102295
93.42145109176636,0.6919999718666077,0.6380000114440918,0.7080000042915344,0.7480000257492065,0.6880000233650208,0.7099999785423279
93.43414664268494,0.7099999785423279,0.6380000114440918,0.7179999947547913,0.7599999904632568,0.7260000109672546,0.7039999961853027
93.43896698951721,0.7260000109672546,0.6399999856948853,0.7260000109672546,0.7799999713897705,0.7540000081062317,0.6940000057220459
93.44926714897156,0.7360000014305115,0.6399999856948853,0.734000027179718,0.8199999928474426,0.7739999890327454,0.6919999718666077
93.45827460289001,0.7419999837875366,0.6399999856948853,0.7400000095367432,0.8360000252723694,0.7879999876022339,0.6899999976158142
93.46788382530212,0.7459999918937683,0.6420000195503235,0.7459999918937683,0.8500000238418579,0.8019999861717224,0.6899999976158142
93.47749781608582,0.7519999742507935,0.6439999938011169,0.7540000081062317,0.8619999885559082,0.8159999847412109,0.6859999895095825
93.4874324798584,0.7540000081062317,0.6439999938011169,0.7580000162124634,0.8679999709129333,0.8220000267028809,0.6840000152587891
93.49748396873474,0.7559999823570251,0.6439999938011169,0.7599999904632568,0.8740000128746033,0.8259999752044678,0.6819999814033508
93.50727820396423,0.7559999823570251,0.6439999938011169,0.7639999985694885,0.8740000128746033,0.8299999833106995,0.6800000071525574
93.51726031303406,0.7580000162124634,0.6439999938011169,0.7639999985694885,0.8759999871253967,0.8299999833106995,0.6779999732971191
93.52716636657715,0.7580000162124634,0.6460000276565552,0.765999972820282,0.8740000128746033,0.8299999833106995,0.6759999990463257
93.53716969490051,0.7580000162124634,0.6460000276565552,0.765999972820282,0.8740000128746033,0.8299999833106995,0.6740000247955322
93.5472400188446,0.7599999904632568,0.6460000276565552,0.765999972820282,0.871999979019165,0.828000009059906,0.6740000247955322
93.557288646698,0.7599999904632568,0.6460000276565552,0.765999972820282,0.8700000047683716,0.8259999752044678,0.671999990940094
93.56739568710327,0.7580000162124634,0.6439999938011169,0.765999972820282,0.8679999709129333,0.8240000009536743,0.6700000166893005
93.57743740081787,0.7580000162124634,0.6439999938011169,0.765999972820282,0.8659999966621399,0.8220000267028809,0.6679999828338623
93.58770203590393,0.7599999904632568,0.6439999938011169,0.765999972820282,0.8659999966621399,0.8199999928474426,0.6679999828338623
93.59723711013794,0.7580000162124634,0.6460000276565552,0.765999972820282,0.8640000224113464,0.8159999847412109,0.6679999828338623
93.60716962814331,0.7580000162124634,0.6460000276565552,0.765999972820282,0.8659999966621399,0.8140000104904175,0.6679999828338623
93.61713314056396,0.7580000162124634,0.6460000276565552,0.765999972820282,0.8659999966621399,0.8119999766349792,0.6679999828338623
93.6272566318512,0.7599999904632568,0.6460000276565552,0.765999972820282,0.8659999966621399,0.8100000023841858,0.6660000085830688
93.6371386051178,0.7599999904632568,0.6460000276565552,0.765999972820282,0.8659999966621399,0.8100000023841858,0.6660000085830688
93.6474039554596,0.7599999904632568,0.6460000276565552,0.7680000066757202,0.8659999966621399,0.8100000023841858,0.6660000085830688
93.65752720832825,0.7599999904632568,0.6460000276565552,0.7680000066757202,0.8679999709129333,0.8100000023841858,0.6660000085830688
93.66790556907654,0.7599999904632568,0.6460000276565552,0.7680000066757202,0.8679999709129333,0.8100000023841858,0.6660000085830688
93.67950677871704,0.7599999904632568,0.6460000276565552,0.7680000066757202,0.8700000047683716,0.8100000023841858,0.6660000085830688
93.68772912025452,0.7599999904632568,0.6460000276565552,0.7699999809265137,0.871999979019165,0.8119999766349792,0.6679999828338623
93.69858455657959,0.7599999904632568,0.6460000276565552,0.7699999809265137,0.8740000128746033,0.8159999847412109,0.6679999828338623
93.70829463005066,0.7599999904632568,0.6460000276565552,0.7699999809265137,0.8759999871253967,0.8180000185966492,0.6679999828338623
93.71801352500916,0.7599999904632568,0.6460000276565552,0.7720000147819519,0.878000020980835,0.8220000267028809,0.6700000166893005
93.72791004180908,0.7599999904632568,0.6460000276565552,0.7720000147819519,0.8799999952316284,0.8240000009536743,0.6700000166893005
93.73842978477478,0.7620000243186951,0.6460000276565552,0.7720000147819519,0.8820000290870667,0.828000009059906,0.6700000166893005
93.74821138381958,0.7599999904632568,0.6460000276565552,0.7739999890327454,0.8840000033378601,0.8320000171661377,0.671999990940094
93.75790572166443,0.7599999904632568,0.6460000276565552,0.7739999890327454,0.8880000114440918,0.8339999914169312,0.6740000247955322
93.76779437065125,0.7599999904632568,0.6460000276565552,0.7739999890327454,0.8939999938011169,0.8379999995231628,0.6759999990463257
93.77776074409485,0.7599999904632568,0.6480000019073486,0.7739999890327454,0.8980000019073486,0.8420000076293945,0.6779999732971191
93.78817248344421,0.7580000162124634,0.6480000019073486,0.7739999890327454,0.906000018119812,0.8519999980926514,0.6779999732971191
93.8006329536438,0.7580000162124634,0.6480000019073486,0.7760000228881836,0.9120000004768372,0.8619999885559082,0.6800000071525574
93.80980563163757,0.7580000162124634,0.6480000019073486,0.7760000228881836,0.9160000085830688,0.8679999709129333,0.6800000071525574
93.81829833984375,0.7580000162124634,0.6499999761581421,0.7760000228881836,0.9200000166893004,0.8740000128746033,0.6800000071525574
93.82877779006958,0.7580000162124634,0.6499999761581421,0.777999997138977,0.9259999990463256,0.8799999952316284,0.6800000071525574
93.83740544319153,0.7559999823570251,0.6499999761581421,0.777999997138977,0.9300000071525574,0.8859999775886536,0.6800000071525574
93.8473494052887,0.7559999823570251,0.6520000100135803,0.777999997138977,0.9359999895095824,0.8899999856948853,0.6779999732971191
93.85728287696838,0.7559999823570251,0.6520000100135803,0.777999997138977,0.9399999976158142,0.8939999938011169,0.6779999732971191
93.86730623245239,0.7559999823570251,0.6539999842643738,0.777999997138977,0.9480000138282776,0.8999999761581421,0.6759999990463257
93.87735271453857,0.7540000081062317,0.6520000100135803,0.7799999713897705,0.9520000219345092,0.906000018119812,0.6740000247955322
93.88754415512085,0.7540000081062317,0.6539999842643738,0.7799999713897705,0.9559999704360962,0.9100000262260436,0.671999990940094
93.89818048477173,0.7540000081062317,0.6539999842643738,0.7799999713897705,0.962000012397766,0.9160000085830688,0.6700000166893005
93.90729761123657,0.7540000081062317,0.6539999842643738,0.7799999713897705,0.9679999947547911,0.9200000166893004,0.6700000166893005
93.91788673400879,0.7519999742507935,0.6539999842643738,0.7820000052452087,0.9739999771118164,0.9259999990463256,0.6679999828338623
93.92721509933472,0.7519999742507935,0.656000018119812,0.7820000052452087,0.9800000190734864,0.9300000071525574,0.6639999747276306
93.93729901313782,0.7519999742507935,0.656000018119812,0.7820000052452087,0.984000027179718,0.9340000152587892,0.6600000262260437
93.94722890853882,0.75,0.656000018119812,0.7820000052452087,0.9900000095367432,0.9380000233650208,0.6579999923706055
93.95730543136597,0.75,0.6579999923706055,0.7839999794960022,0.9980000257492064,0.9419999718666076,0.6579999923706055
93.96727180480957,0.7480000257492065,0.6600000262260437,0.7839999794960022,1.003999948501587,0.9459999799728394,0.656000018119812
93.97831010818481,0.7480000257492065,0.6620000004768372,0.7839999794960022,1.0080000162124634,0.949999988079071,0.656000018119812
93.98727989196777,0.7459999918937683,0.6660000085830688,0.7839999794960022,1.0140000581741333,0.9520000219345092,0.656000018119812
93.99733257293701,0.7459999918937683,0.671999990940094,0.7839999794960022,1.0219999551773071,0.9559999704360962,0.656000018119812
94.00726079940796,0.7440000176429749,0.6759999990463257,0.7839999794960022,1.0299999713897705,0.959999978542328,0.6539999842643738
94.01799893379211,0.7400000095367432,0.6779999732971191,0.7839999794960022,1.0360000133514404,0.962000012397766,0.6539999842643738
94.02726364135742,0.7379999756813049,0.6819999814033508,0.7839999794960022,1.0440000295639038,0.9639999866485596,0.656000018119812
94.03725266456604,0.7319999933242798,0.6880000233650208,0.7839999794960022,1.0520000457763672,0.9660000205039978,0.6539999842643738
94.04725980758667,0.7279999852180481,0.6899999976158142,0.7820000052452087,1.0579999685287476,0.9679999947547911,0.6539999842643738
94.05731129646301,0.7239999771118164,0.6940000057220459,0.7820000052452087,1.0640000104904177,0.9700000286102296,0.6539999842643738
94.06738781929016,0.7200000286102295,0.6980000138282776,0.7799999713897705,1.0700000524520874,0.9700000286102296,0.656000018119812
94.07728171348572,0.7120000123977661,0.7020000219345093,0.7760000228881836,1.0759999752044678,0.9679999947547911,0.656000018119812
94.08767175674438,0.7039999961853027,0.7039999961853027,0.7699999809265137,1.0800000429153442,0.9660000205039978,0.656000018119812
94.09770131111145,0.6880000233650208,0.7059999704360962,0.7620000243186951,1.0839999914169312,0.9639999866485596,0.6539999842643738
94.10764384269714,0.6740000247955322,0.7099999785423279,0.75,1.090000033378601,0.962000012397766,0.6539999842643738
94.11750912666321,0.6639999747276306,0.7120000123977661,0.7379999756813049,1.093999981880188,0.9559999704360962,0.6539999842643738
94.12758612632751,0.656000018119812,0.7139999866485596,0.7260000109672546,1.0959999561309814,0.949999988079071,0.6539999842643738
94.13750123977661,0.6499999761581421,0.7179999947547913,0.7120000123977661,1.100000023841858,0.9259999990463256,0.6539999842643738
94.14753651618958,0.6460000276565552,0.7200000286102295,0.7039999961853027,1.100000023841858,0.878000020980835,0.6539999842643738
94.15743350982666,0.6460000276565552,0.722000002861023,0.6899999976158142,1.1019999980926514,0.8180000185966492,0.6539999842643738
94.16736245155334,0.6460000276565552,0.7260000109672546,0.6819999814033508,1.1019999980926514,0.7760000228881836,0.6520000100135803
94.17734694480896,0.6420000195503235,0.7260000109672546,0.6779999732971191,1.1019999980926514,0.7639999985694885,0.6539999842643738
94.18777441978455,0.6399999856948853,0.7200000286102295,0.6700000166893005,1.100000023841858,0.7519999742507935,0.6539999842643738
94.2002820968628,0.6380000114440918,0.6919999718666077,0.6639999747276306,1.0920000076293943,0.7319999933242798,0.6539999842643738
94.20794892311096,0.6359999775886536,0.6600000262260437,0.6579999923706055,1.0820000171661377,0.7200000286102295,0.6539999842643738
94.21740579605103,0.6380000114440918,0.6639999747276306,0.6399999856948853,1.062000036239624,0.7099999785423279,0.656000018119812
94.22828722000122,0.6380000114440918,0.6620000004768372,0.6340000033378601,1.037999987602234,0.7099999785423279,0.656000018119812
94.23780703544617,0.6340000033378601,0.6520000100135803,0.628000020980835,1.003999948501587,0.7239999771118164,0.656000018119812
94.24745059013367,0.6299999952316284,0.6480000019073486,0.628000020980835,0.962000012397766,0.7200000286102295,0.656000018119812
94.25744557380676,0.628000020980835,0.6460000276565552,0.628000020980835,0.9240000247955322,0.7139999866485596,0.6579999923706055
94.26734256744385,0.628000020980835,0.6439999938011169,0.6320000290870667,0.8679999709129333,0.7179999947547913,0.6579999923706055
94.27737283706665,0.628000020980835,0.6439999938011169,0.6359999775886536,0.7900000214576721,0.7059999704360962,0.6579999923706055
94.28766298294067,0.6259999871253967,0.6439999938011169,0.6359999775886536,0.7419999837875366,0.6600000262260437,0.6579999923706055
94.29753375053406,0.628000020980835,0.6439999938011169,0.6359999775886536,0.7360000014305115,0.6579999923706055,0.6600000262260437
94.30747079849243,0.6299999952316284,0.6439999938011169,0.6380000114440918,0.7319999933242798,0.656000018119812,0.6620000004768372
94.3173987865448,0.6299999952316284,0.6439999938011169,0.6380000114440918,0.7379999756813049,0.656000018119812,0.6679999828338623
94.32746076583862,0.6299999952316284,0.6439999938011169,0.6399999856948853,0.7480000257492065,0.656000018119812,0.6620000004768372
94.33772206306458,0.6299999952316284,0.6420000195503235,0.6399999856948853,0.7519999742507935,0.656000018119812,0.6620000004768372
94.34755778312683,0.6299999952316284,0.6420000195503235,0.6380000114440918,0.7540000081062317,0.6539999842643738,0.6620000004768372
94.35739207267761,0.6299999952316284,0.6420000195503235,0.6380000114440918,0.7559999823570251,0.656000018119812,0.6620000004768372
94.36735510826111,0.6299999952316284,0.6420000195503235,0.6380000114440918,0.7559999823570251,0.656000018119812,0.6620000004768372
94.37771248817444,0.6299999952316284,0.6420000195503235,0.6380000114440918,0.7540000081062317,0.656000018119812,0.6620000004768372
94.38743352890015,0.6299999952316284,0.6420000195503235,0.6380000114440918,0.7540000081062317,0.656000018119812,0.6620000004768372
94.39770531654358,0.6299999952316284,0.6420000195503235,0.6380000114440918,0.7519999742507935,0.656000018119812,0.6620000004768372
94.40731000900269,0.6320000290870667,0.6420000195503235,0.6380000114440918,0.75,0.656000018119812,0.6620000004768372
94.41750288009644,0.6320000290870667,0.6420000195503235,0.6380000114440918,0.75,0.656000018119812,0.6620000004768372
94.4274046421051,0.6320000290870667,0.6420000195503235,0.6380000114440918,0.7480000257492065,0.656000018119812,0.6620000004768372
94.43731904029846,0.6320000290870667,0.6420000195503235,0.6380000114440918,0.7480000257492065,0.656000018119812,0.6620000004768372
94.4474925994873,0.6320000290870667,0.6420000195503235,0.6380000114440918,0.7480000257492065,0.656000018119812,0.6620000004768372
94.4573872089386,0.6320000290870667,0.6420000195503235,0.6380000114440918,0.7459999918937683,0.656000018119812,0.6620000004768372
94.46760058403015,0.6320000290870667,0.6420000195503235,0.6380000114440918,0.7459999918937683,0.656000018119812,0.6620000004768372
94.4777774810791,0.6320000290870667,0.6420000195503235,0.6380000114440918,0.7459999918937683,0.656000018119812,0.6620000004768372
94.48734092712402,0.6320000290870667,0.6420000195503235,0.6380000114440918,0.7459999918937683,0.656000018119812,0.6620000004768372
94.49732708930969,0.6320000290870667,0.6420000195503235,0.6380000114440918,0.7440000176429749,0.656000018119812,0.6620000004768372
94.50827980041504,0.6320000290870667,0.6420000195503235,0.6380000114440918,0.7440000176429749,0.656000018119812,0.6620000004768372
94.51774096488953,0.6320000290870667,0.6420000195503235,0.6380000114440918,0.7419999837875366,0.656000018119812,0.6620000004768372
94.52741527557373,0.6320000290870667,0.6420000195503235,0.6380000114440918,0.7419999837875366,0.656000018119812,0.6620000004768372
94.53746056556702,0.6320000290870667,0.6420000195503235,0.6380000114440918,0.7419999837875366,0.656000018119812,0.6620000004768372
94.54753422737122,0.6320000290870667,0.6420000195503235,0.6380000114440918,0.7419999837875366,0.656000018119812,0.6620000004768372
94.55738949775696,0.6320000290870667,0.6420000195503235,0.6380000114440918,0.7400000095367432,0.656000018119812,0.6620000004768372
94.56729936599731,0.6320000290870667,0.6420000195503235,0.6380000114440918,0.7400000095367432,0.656000018119812,0.6620000004768372
94.57764935493469,0.6320000290870667,0.6420000195503235,0.6380000114440918,0.7400000095367432,0.656000018119812,0.6620000004768372
94.5874674320221,0.6320000290870667,0.6420000195503235,0.6380000114440918,0.7379999756813049,0.656000018119812,0.6620000004768372
94.59739637374878,0.6320000290870667,0.6420000195503235,0.6380000114440918,0.7379999756813049,0.656000018119812,0.6620000004768372
94.60750770568848,0.6320000290870667,0.6420000195503235,0.6380000114440918,0.7379999756813049,0.656000018119812,0.6620000004768372
94.61738538742065,0.6320000290870667,0.6420000195503235,0.6380000114440918,0.7379999756813049,0.656000018119812,0.6600000262260437
94.62780737876892,0.6320000290870667,0.6420000195503235,0.6380000114440918,0.7360000014305115,0.656000018119812,0.6600000262260437
94.63738298416138,0.6320000290870667,0.6420000195503235,0.6380000114440918,0.7360000014305115,0.656000018119812,0.6600000262260437
94.64791512489319,0.6340000033378601,0.6420000195503235,0.6380000114440918,0.7360000014305115,0.656000018119812,0.6600000262260437
94.65729451179504,0.6340000033378601,0.6420000195503235,0.6380000114440918,0.7360000014305115,0.656000018119812,0.6620000004768372
94.66729974746704,0.6320000290870667,0.6420000195503235,0.6380000114440918,0.7360000014305115,0.656000018119812,0.6600000262260437
94.6778016090393,0.6320000290870667,0.6420000195503235,0.6420000195503235,0.734000027179718,0.6539999842643738,0.6679999828338623
94.68743300437927,0.6320000290870667,0.6420000195503235,0.6460000276565552,0.7260000109672546,0.6499999761581421,0.6800000071525574
94.69791603088379,0.6340000033378601,0.6420000195503235,0.6579999923706055,0.7300000190734863,0.6439999938011169,0.7080000042915344
94.70737934112549,0.6380000114440918,0.6420000195503235,0.6639999747276306,0.722000002861023,0.6420000195503235,0.7179999947547913
94.71747922897339,0.6299999952316284,0.6399999856948853,0.6800000071525574,0.7039999961853027,0.6420000195503235,0.7260000109672546
94.72735023498535,0.656000018119812,0.6399999856948853,0.6959999799728394,0.7020000219345093,0.6460000276565552,0.7239999771118164
94.73770308494568,0.6600000262260437,0.6399999856948853,0.7020000219345093,0.722000002861023,0.6520000100135803,0.7179999947547913
94.74735808372498,0.6740000247955322,0.6380000114440918,0.7139999866485596,0.7379999756813049,0.6859999895095825,0.7099999785423279
94.75744771957397,0.6919999718666077,0.6380000114440918,0.722000002861023,0.7419999837875366,0.734000027179718,0.7020000219345093
94.76745510101318,0.7120000123977661,0.6380000114440918,0.7279999852180481,0.7540000081062317,0.7639999985694885,0.6940000057220459
94.77734851837158,0.7260000109672546,0.6399999856948853,0.734000027179718,0.7940000295639038,0.7799999713897705,0.6919999718666077
94.78743934631348,0.734000027179718,0.6399999856948853,0.7379999756813049,0.8220000267028809,0.7919999957084656,0.6899999976158142
94.7976393699646,0.7400000095367432,0.6399999856948853,0.7440000176429749,0.8399999737739563,0.8040000200271606,0.6899999976158142
94.80748844146729,0.7459999918937683,0.6399999856948853,0.7480000257492065,0.8460000157356262,0.8119999766349792,0.6880000233650208
94.81746554374695,0.7480000257492065,0.6399999856948853,0.7519999742507935,0.8500000238418579,0.8140000104904175,0.6880000233650208
94.82738423347473,0.75,0.6420000195503235,0.7540000081062317,0.8539999723434448,0.8159999847412109,0.6859999895095825
94.8374228477478,0.7519999742507935,0.6420000195503235,0.7559999823570251,0.8539999723434448,0.8159999847412109,0.6859999895095825
94.8475227355957,0.7540000081062317,0.6420000195503235,0.7559999823570251,0.8539999723434448,0.8140000104904175,0.6819999814033508
94.8573739528656,0.7540000081062317,0.6420000195503235,0.7559999823570251,0.8500000238418579,0.8080000281333923,0.6819999814033508
94.86741733551025,0.7559999823570251,0.6420000195503235,0.7559999823570251,0.8460000157356262,0.8040000200271606,0.6800000071525574
94.87759613990784,0.7559999823570251,0.6420000195503235,0.7559999823570251,0.8399999737739563,0.7979999780654907,0.6779999732971191
94.88738369941711,0.7559999823570251,0.6420000195503235,0.7540000081062317,0.8339999914169312,0.7919999957084656,0.6759999990463257
94.89784121513367,0.7580000162124634,0.6420000195503235,0.7540000081062317,0.8299999833106995,0.7879999876022339,0.6759999990463257
94.90739870071411,0.7580000162124634,0.6420000195503235,0.7540000081062317,0.8199999928474426,0.7820000052452087,0.6740000247955322
94.91750741004944,0.7580000162124634,0.6420000195503235,0.7540000081062317,0.8100000023841858,0.777999997138977,0.6740000247955322
94.92744064331055,0.7599999904632568,0.6420000195503235,0.7519999742507935,0.7960000038146973,0.7720000147819519,0.6740000247955322
94.9374029636383,0.7599999904632568,0.6420000195503235,0.7519999742507935,0.7839999794960022,0.7680000066757202,0.671999990940094
94.94757127761841,0.7599999904632568,0.6420000195503235,0.7519999742507935,0.7739999890327454,0.7639999985694885,0.671999990940094
94.95745468139648,0.7599999904632568,0.6420000195503235,0.7519999742507935,0.7699999809265137,0.7599999904632568,0.671999990940094
94.96735763549805,0.7620000243186951,0.6420000195503235,0.7519999742507935,0.765999972820282,0.7519999742507935,0.671999990940094
94.9775128364563,0.7620000243186951,0.6420000195503235,0.7519999742507935,0.7620000243186951,0.7480000257492065,0.6740000247955322
94.98749423027039,0.7620000243186951,0.6420000195503235,0.7519999742507935,0.7580000162124634,0.7440000176429749,0.6740000247955322
94.99749803543091,0.7639999985694885,0.6420000195503235,0.7519999742507935,0.7580000162124634,0.7440000176429749,0.6740000247955322
95.00744342803955,0.7620000243186951,0.6420000195503235,0.7519999742507935,0.7599999904632568,0.7440000176429749,0.6740000247955322
95.01742601394653,0.7639999985694885,0.6420000195503235,0.7540000081062317,0.7639999985694885,0.7459999918937683,0.6740000247955322
95.02737665176392,0.7639999985694885,0.6420000195503235,0.7540000081062317,0.765999972820282,0.7519999742507935,0.6740000247955322
95.03752064704895,0.7639999985694885,0.6420000195503235,0.7559999823570251,0.7739999890327454,0.7580000162124634,0.6740000247955322
95.04746723175049,0.7639999985694885,0.6420000195503235,0.7580000162124634,0.7860000133514404,0.7620000243186951,0.6759999990463257
95.05795526504517,0.7639999985694885,0.6420000195503235,0.7580000162124634,0.8019999861717224,0.7680000066757202,0.6759999990463257
95.06733083724976,0.7639999985694885,0.6420000195503235,0.7599999904632568,0.8119999766349792,0.7720000147819519,0.6779999732971191
95.07747983932495,0.7639999985694885,0.6420000195503235,0.7620000243186951,0.8199999928474426,0.7760000228881836,0.6779999732971191
95.08738017082214,0.7639999985694885,0.6420000195503235,0.7639999985694885,0.8240000009536743,0.7799999713897705,0.6800000071525574
95.09743475914001,0.7639999985694885,0.6420000195503235,0.765999972820282,0.8299999833106995,0.7820000052452087,0.6819999814033508
95.10736680030823,0.7639999985694885,0.6420000195503235,0.765999972820282,0.8299999833106995,0.7860000133514404,0.6819999814033508
95.11732888221741,0.7639999985694885,0.6420000195503235,0.765999972820282,0.8339999914169312,0.7860000133514404,0.6840000152587891
95.12766790390015,0.7639999985694885,0.6420000195503235,0.7680000066757202,0.8339999914169312,0.7879999876022339,0.6840000152587891
95.13758754730225,0.7639999985694885,0.6420000195503235,0.7680000066757202,0.8339999914169312,0.7879999876022339,0.6840000152587891
95.14915370941162,0.7639999985694885,0.6420000195503235,0.7680000066757202,0.8360000252723694,0.7900000214576721,0.6840000152587891
95.15825724601746,0.7639999985694885,0.6399999856948853,0.765999972820282,0.8360000252723694,0.7900000214576721,0.6840000152587891
95.16760730743408,0.7639999985694885,0.6420000195503235,0.765999972820282,0.8379999995231628,0.7900000214576721,0.6859999895095825
95.177565574646,0.7620000243186951,0.6420000195503235,0.7680000066757202,0.8420000076293945,0.7919999957084656,0.6859999895095825
95.18751692771912,0.7599999904632568,0.6420000195503235,0.7680000066757202,0.8460000157356262,0.7960000038146973,0.6859999895095825
95.19738459587097,0.7599999904632568,0.6420000195503235,0.7680000066757202,0.8500000238418579,0.8059999942779541,0.6880000233650208
95.20725083351135,0.7580000162124634,0.6420000195503235,0.7699999809265137,0.8560000061988831,0.8119999766349792,0.6880000233650208
95.21781277656555,0.7559999823570251,0.6420000195503235,0.7699999809265137,0.8619999885559082,0.8220000267028809,0.6899999976158142
95.22733187675476,0.7559999823570251,0.6420000195503235,0.7699999809265137,0.8679999709129333,0.8299999833106995,0.6919999718666077
95.23739695549011,0.7540000081062317,0.6420000195503235,0.7720000147819519,0.8700000047683716,0.8399999737739563,0.6940000057220459
95.24742698669434,0.7540000081062317,0.6420000195503235,0.7720000147819519,0.8759999871253967,0.8500000238418579,0.6940000057220459
95.2580976486206,0.7519999742507935,0.6420000195503235,0.7720000147819519,0.8799999952316284,0.8600000143051147,0.6940000057220459
95.2674298286438,0.7519999742507935,0.6420000195503235,0.7739999890327454,0.8859999775886536,0.8700000047683716,0.6940000057220459
95.27736616134644,0.7519999742507935,0.6420000195503235,0.7739999890327454,0.8920000195503235,0.8799999952316284,0.6940000057220459
95.28747749328613,0.7519999742507935,0.6420000195503235,0.7739999890327454,0.8980000019073486,0.8859999775886536,0.6919999718666077
95.29740262031555,0.75,0.6439999938011169,0.7760000228881836,0.906000018119812,0.8920000195503235,0.6919999718666077
95.30728650093079,0.75,0.6460000276565552,0.7760000228881836,0.9160000085830688,0.8999999761581421,0.6880000233650208
95.31744694709778,0.75,0.6460000276565552,0.777999997138977,0.9240000247955322,0.906000018119812,0.6859999895095825
95.33380055427551,0.75,0.6480000019073486,0.777999997138977,0.9319999814033508,0.9139999747276306,0.6840000152587891
95.33746361732483,0.75,0.6499999761581421,0.7799999713897705,0.9380000233650208,0.9200000166893004,0.6800000071525574
95.3475022315979,0.75,0.6499999761581421,0.7799999713897705,0.944000005722046,0.9259999990463256,0.6779999732971191
95.35733699798584,0.75,0.6520000100135803,0.7820000052452087,0.9520000219345092,0.9319999814033508,0.671999990940094
95.36735510826111,0.75,0.6520000100135803,0.7820000052452087,0.9580000042915344,0.9380000233650208,0.6700000166893005
95.37735223770142,0.75,0.6520000100135803,0.7839999794960022,0.9660000205039978,0.944000005722046,0.6679999828338623
95.38756942749023,0.75,0.6539999842643738,0.7839999794960022,0.9760000109672546,0.949999988079071,0.6600000262260437
95.39746689796448,0.75,0.6539999842643738,0.7839999794960022,0.9819999933242798,0.9539999961853028,0.6579999923706055
95.40738344192505,0.75,0.656000018119812,0.7860000133514404,0.9900000095367432,0.9580000042915344,0.656000018119812
95.41733264923096,0.75,0.6579999923706055,0.7860000133514404,1.0,0.962000012397766,0.656000018119812
95.42738389968872,0.7480000257492065,0.6620000004768372,0.7860000133514404,1.0080000162124634,0.9639999866485596,0.6539999842643738
95.43753051757812,0.7459999918937683,0.6679999828338623,0.7860000133514404,1.0160000324249268,0.9679999947547911,0.6539999842643738
95.44764828681946,0.7419999837875366,0.671999990940094,0.7860000133514404,1.02400004863739,0.9700000286102296,0.6539999842643738
95.4573655128479,0.7379999756813049,0.6759999990463257,0.7860000133514404,1.034000039100647,0.9700000286102296,0.6539999842643738
95.46737957000732,0.7300000190734863,0.6819999814033508,0.7839999794960022,1.0440000295639038,0.972000002861023,0.6539999842643738
95.4780502319336,0.7260000109672546,0.6859999895095825,0.7820000052452087,1.0499999523162842,0.972000002861023,0.6539999842643738
95.48752617835999,0.7160000205039978,0.6919999718666077,0.777999997138977,1.0579999685287476,0.9700000286102296,0.6539999842643738
95.4975483417511,0.7020000219345093,0.6980000138282776,0.7699999809265137,1.0679999589920044,0.9660000205039978,0.6539999842643738
95.50732183456421,0.6880000233650208,0.7039999961853027,0.7639999985694885,1.0720000267028809,0.9639999866485596,0.6539999842643738
95.5174012184143,0.6660000085830688,0.7080000042915344,0.7480000257492065,1.0800000429153442,0.9559999704360962,0.6539999842643738
95.52747869491577,0.656000018119812,0.7120000123977661,0.7319999933242798,1.0839999914169312,0.9459999799728394,0.6539999842643738
95.53748726844788,0.6439999938011169,0.7160000205039978,0.7120000123977661,1.0880000591278076,0.9160000085830688,0.6520000100135803
95.54766178131104,0.6420000195503235,0.7179999947547913,0.699999988079071,1.090000033378601,0.8299999833106995,0.6520000100135803
95.55817699432373,0.6420000195503235,0.7200000286102295,0.6899999976158142,1.0920000076293943,0.7739999890327454,0.6520000100135803
95.56735444068909,0.6439999938011169,0.7239999771118164,0.6819999814033508,1.090000033378601,0.7440000176429749,0.6520000100135803
95.57747411727905,0.6420000195503235,0.7179999947547913,0.6740000247955322,1.0820000171661377,0.722000002861023,0.6539999842643738
95.59200382232666,0.6399999856948853,0.6880000233650208,0.6660000085830688,1.0740000009536743,0.7160000205039978,0.6539999842643738
95.59749388694763,0.6399999856948853,0.6620000004768372,0.6460000276565552,1.0540000200271606,0.7139999866485596,0.6539999842643738
95.60747361183167,0.6380000114440918,0.6620000004768372,0.6399999856948853,1.034000039100647,0.7139999866485596,0.6539999842643738
95.6173574924469,0.6359999775886536,0.6600000262260437,0.6299999952316284,1.0,0.722000002861023,0.6539999842643738
95.62732410430908,0.6299999952316284,0.6499999761581421,0.6299999952316284,0.9660000205039978,0.7200000286102295,0.6539999842643738
95.63738322257996,0.6299999952316284,0.6499999761581421,0.628000020980835,0.9340000152587892,0.7120000123977661,0.656000018119812
95.64736580848694,0.6299999952316284,0.6480000019073486,0.6320000290870667,0.8799999952316284,0.7120000123977661,0.6539999842643738
95.6578676700592,0.628000020980835,0.6460000276565552,0.6359999775886536,0.7919999957084656,0.7039999961853027,0.656000018119812
95.66741132736206,0.6259999871253967,0.6439999938011169,0.6359999775886536,0.7300000190734863,0.6700000166893005,0.656000018119812
95.67736601829529,0.6299999952316284,0.6439999938011169,0.6359999775886536,0.7120000123977661,0.6579999923706055,0.6579999923706055
95.68805742263794,0.6299999952316284,0.6439999938011169,0.6380000114440918,0.7120000123977661,0.6579999923706055,0.6740000247955322
95.69857001304626,0.6299999952316284,0.6439999938011169,0.6399999856948853,0.7139999866485596,0.656000018119812,0.6600000262260437
95.70752382278442,0.6299999952316284,0.6439999938011169,0.6380000114440918,0.7300000190734863,0.656000018119812,0.6579999923706055
95.71736645698547,0.6299999952316284,0.6439999938011169,0.6380000114440918,0.7400000095367432,0.6539999842643738,0.6579999923706055
95.72740721702576,0.6320000290870667,0.6420000195503235,0.6359999775886536,0.7440000176429749,0.656000018119812,0.6579999923706055
95.737478017807,0.6320000290870667,0.6420000195503235,0.6359999775886536,0.7419999837875366,0.656000018119812,0.6600000262260437
95.74741435050964,0.6320000290870667,0.6420000195503235,0.6359999775886536,0.7419999837875366,0.656000018119812,0.6600000262260437
95.75730180740356,0.6320000290870667,0.6420000195503235,0.6359999775886536,0.7419999837875366,0.656000018119812,0.6600000262260437
95.76768970489502,0.6320000290870667,0.6420000195503235,0.6359999775886536,0.7419999837875366,0.656000018119812,0.6600000262260437
95.77749729156494,0.6320000290870667,0.6420000195503235,0.6359999775886536,0.7419999837875366,0.656000018119812,0.6600000262260437
95.78755068778992,0.6320000290870667,0.6420000195503235,0.6359999775886536,0.7400000095367432,0.656000018119812,0.6600000262260437
95.79824662208557,0.6320000290870667,0.6420000195503235,0.6359999775886536,0.7400000095367432,0.656000018119812,0.6600000262260437
95.80764603614807,0.6320000290870667,0.6420000195503235,0.6359999775886536,0.7419999837875366,0.656000018119812,0.6600000262260437
95.81734728813171,0.6320000290870667,0.6420000195503235,0.6359999775886536,0.7400000095367432,0.656000018119812,0.6600000262260437
95.82739067077637,0.6320000290870667,0.6420000195503235,0.6359999775886536,0.7400000095367432,0.656000018119812,0.6600000262260437
95.83731150627136,0.6320000290870667,0.6420000195503235,0.6359999775886536,0.7400000095367432,0.656000018119812,0.6600000262260437
95.84736776351929,0.6320000290870667,0.6420000195503235,0.6359999775886536,0.7400000095367432,0.656000018119812,0.6600000262260437
95.85734605789185,0.6320000290870667,0.6420000195503235,0.6359999775886536,0.7400000095367432,0.656000018119812,0.6600000262260437
95.86751580238342,0.6320000290870667,0.6420000195503235,0.6359999775886536,0.7400000095367432,0.656000018119812,0.6600000262260437
95.87740278244019,0.6320000290870667,0.6420000195503235,0.6359999775886536,0.7400000095367432,0.656000018119812,0.6600000262260437
95.88743543624878,0.6320000290870667,0.6420000195503235,0.6359999775886536,0.7379999756813049,0.656000018119812,0.6600000262260437
95.8973081111908,0.6320000290870667,0.6420000195503235,0.6359999775886536,0.7379999756813049,0.656000018119812,0.6600000262260437
95.90744948387146,0.6320000290870667,0.6420000195503235,0.6359999775886536,0.7360000014305115,0.656000018119812,0.6600000262260437
95.91746592521667,0.6320000290870667,0.6420000195503235,0.6359999775886536,0.7360000014305115,0.6539999842643738,0.6600000262260437
95.92741870880127,0.6320000290870667,0.6420000195503235,0.6359999775886536,0.7360000014305115,0.6539999842643738,0.6600000262260437
95.93736672401428,0.6320000290870667,0.6439999938011169,0.6359999775886536,0.734000027179718,0.6539999842643738,0.6600000262260437
95.94732666015625,0.6320000290870667,0.6439999938011169,0.6359999775886536,0.734000027179718,0.6539999842643738,0.6600000262260437
95.9574089050293,0.6340000033378601,0.6439999938011169,0.6359999775886536,0.734000027179718,0.6539999842643738,0.6600000262260437
95.96745228767395,0.6340000033378601,0.6439999938011169,0.6359999775886536,0.7319999933242798,0.6539999842643738,0.6600000262260437
95.9778003692627,0.6340000033378601,0.6420000195503235,0.6359999775886536,0.7319999933242798,0.656000018119812,0.6600000262260437
95.98745822906494,0.6340000033378601,0.6420000195503235,0.6359999775886536,0.7300000190734863,0.656000018119812,0.6600000262260437
95.99812722206116,0.6340000033378601,0.6420000195503235,0.6359999775886536,0.7300000190734863,0.656000018119812,0.6600000262260437
96.00862169265747,0.6340000033378601,0.6439999938011169,0.6359999775886536,0.7300000190734863,0.656000018119812,0.6600000262260437
96.01745533943176,0.6340000033378601,0.6420000195503235,0.6359999775886536,0.7300000190734863,0.656000018119812,0.6600000262260437
96.02747893333435,0.6340000033378601,0.6420000195503235,0.6359999775886536,0.7300000190734863,0.6579999923706055,0.6600000262260437
96.03743982315063,0.6340000033378601,0.6439999938011169,0.6359999775886536,0.7300000190734863,0.6579999923706055,0.6600000262260437
96.04741835594177,0.6340000033378601,0.6439999938011169,0.6380000114440918,0.7319999933242798,0.6579999923706055,0.6600000262260437
96.0573160648346,0.6320000290870667,0.6439999938011169,0.6420000195503235,0.7260000109672546,0.6539999842643738,0.6660000085830688
96.0675094127655,0.6340000033378601,0.6439999938011169,0.6439999938011169,0.722000002861023,0.6539999842643738,0.6899999976158142
96.07735133171082,0.6380000114440918,0.6439999938011169,0.656000018119812,0.7260000109672546,0.6460000276565552,0.7179999947547913
96.08816432952881,0.6399999856948853,0.6420000195503235,0.6579999923706055,0.7200000286102295,0.6420000195503235,0.7120000123977661
96.09753203392029,0.6340000033378601,0.6399999856948853,0.6740000247955322,0.699999988079071,0.6399999856948853,0.722000002861023
96.10906529426575,0.6439999938011169,0.6380000114440918,0.6840000152587891,0.7020000219345093,0.6359999775886536,0.7239999771118164
96.11749863624573,0.6639999747276306,0.6380000114440918,0.6940000057220459,0.7020000219345093,0.6380000114440918,0.7179999947547913
96.12749242782593,0.6740000247955322,0.6399999856948853,0.7020000219345093,0.7239999771118164,0.6380000114440918,0.7120000123977661
96.13731837272644,0.6899999976158142,0.6380000114440918,0.7139999866485596,0.7239999771118164,0.656000018119812,0.7059999704360962
96.1473400592804,0.7099999785423279,0.6380000114440918,0.7239999771118164,0.734000027179718,0.7179999947547913,0.6959999799728394
96.15757274627686,0.7239999771118164,0.6380000114440918,0.7300000190734863,0.7459999918937683,0.7440000176429749,0.6919999718666077
96.16746807098389,0.734000027179718,0.6399999856948853,0.7360000014305115,0.7580000162124634,0.7639999985694885,0.6899999976158142
96.17743182182312,0.7400000095367432,0.6399999856948853,0.7419999837875366,0.8019999861717224,0.7820000052452087,0.6899999976158142
96.18742966651917,0.7440000176429749,0.6399999856948853,0.7480000257492065,0.8199999928474426,0.7960000038146973,0.6880000233650208
96.19746828079224,0.7480000257492065,0.6399999856948853,0.7519999742507935,0.828000009059906,0.8040000200271606,0.6880000233650208
96.20746850967407,0.75,0.6420000195503235,0.7540000081062317,0.8320000171661377,0.8119999766349792,0.6859999895095825
96.21750831604004,0.75,0.6420000195503235,0.7559999823570251,0.8339999914169312,0.8119999766349792,0.6840000152587891
96.22732663154602,0.7519999742507935,0.6420000195503235,0.7559999823570251,0.8360000252723694,0.8100000023841858,0.6819999814033508
96.23753643035889,0.7519999742507935,0.6420000195503235,0.7580000162124634,0.8339999914169312,0.8080000281333923,0.6819999814033508
96.24749708175659,0.7540000081062317,0.6420000195503235,0.7580000162124634,0.8320000171661377,0.8019999861717224,0.6819999814033508
96.25755953788757,0.7540000081062317,0.6420000195503235,0.7580000162124634,0.8259999752044678,0.7979999780654907,0.6800000071525574
96.26730370521545,0.7540000081062317,0.6420000195503235,0.7559999823570251,0.8199999928474426,0.7940000295639038,0.6779999732971191
96.27734899520874,0.7559999823570251,0.6420000195503235,0.7559999823570251,0.8140000104904175,0.7900000214576721,0.6779999732971191
96.28740191459656,0.7559999823570251,0.6420000195503235,0.7559999823570251,0.800000011920929,0.7860000133514404,0.6779999732971191
96.29741621017456,0.7559999823570251,0.6420000195503235,0.7540000081062317,0.7919999957084656,0.7820000052452087,0.6779999732971191
96.30992221832275,0.7580000162124634,0.6420000195503235,0.7540000081062317,0.7820000052452087,0.777999997138977,0.6779999732971191
96.31739950180054,0.7580000162124634,0.6420000195503235,0.7540000081062317,0.7720000147819519,0.7760000228881836,0.6779999732971191
96.32739567756653,0.7580000162124634,0.6420000195503235,0.7540000081062317,0.7680000066757202,0.7739999890327454,0.6779999732971191
96.3373475074768,0.7580000162124634,0.6420000195503235,0.7540000081062317,0.7620000243186951,0.7699999809265137,0.6759999990463257
96.3473973274231,0.7599999904632568,0.6420000195503235,0.7540000081062317,0.7599999904632568,0.7680000066757202,0.6759999990463257
96.35745477676392,0.7599999904632568,0.6420000195503235,0.7559999823570251,0.7599999904632568,0.7680000066757202,0.6759999990463257
96.36744141578674,0.7599999904632568,0.6420000195503235,0.7559999823570251,0.7599999904632568,0.765999972820282,0.6759999990463257
96.37763214111328,0.7620000243186951,0.6420000195503235,0.7559999823570251,0.7599999904632568,0.765999972820282,0.6759999990463257
96.38742327690125,0.7620000243186951,0.6420000195503235,0.7559999823570251,0.7639999985694885,0.7680000066757202,0.6759999990463257
96.39771842956543,0.7620000243186951,0.6420000195503235,0.7580000162124634,0.7739999890327454,0.7699999809265137,0.6779999732971191
96.40758085250854,0.7620000243186951,0.6420000195503235,0.7599999904632568,0.7839999794960022,0.7739999890327454,0.6779999732971191
96.41742205619812,0.7620000243186951,0.6420000195503235,0.7620000243186951,0.7960000038146973,0.7799999713897705,0.6779999732971191
96.4274845123291,0.7620000243186951,0.6420000195503235,0.7639999985694885,0.8119999766349792,0.7839999794960022,0.6779999732971191
96.43806290626526,0.7620000243186951,0.6420000195503235,0.765999972820282,0.8180000185966492,0.7900000214576721,0.6800000071525574
96.44757270812988,0.7639999985694885,0.6420000195503235,0.7680000066757202,0.8259999752044678,0.7940000295639038,0.6800000071525574
96.45757508277893,0.7639999985694885,0.6420000195503235,0.7680000066757202,0.828000009059906,0.800000011920929,0.6800000071525574
96.46737742424011,0.7620000243186951,0.6420000195503235,0.7699999809265137,0.8320000171661377,0.8040000200271606,0.6819999814033508
96.47751951217651,0.7620000243186951,0.6420000195503235,0.7699999809265137,0.8339999914169312,0.8080000281333923,0.6840000152587891
96.48739361763,0.7620000243186951,0.6420000195503235,0.7699999809265137,0.8360000252723694,0.8119999766349792,0.6840000152587891
96.49823331832886,0.7620000243186951,0.6420000195503235,0.7699999809265137,0.8399999737739563,0.8140000104904175,0.6859999895095825
96.50751805305481,0.7599999904632568,0.6420000195503235,0.7699999809265137,0.8460000157356262,0.8199999928474426,0.6880000233650208
96.51746535301208,0.7599999904632568,0.6420000195503235,0.7699999809265137,0.8479999899864197,0.8240000009536743,0.6880000233650208
96.52769112586975,0.7580000162124634,0.6420000195503235,0.7699999809265137,0.8539999723434448,0.8339999914169312,0.6899999976158142
96.53740549087524,0.7580000162124634,0.6420000195503235,0.7720000147819519,0.8579999804496765,0.8379999995231628,0.6919999718666077
96.54749250411987,0.7580000162124634,0.6420000195503235,0.7720000147819519,0.8600000143051147,0.8460000157356262,0.6919999718666077
96.55751061439514,0.7580000162124634,0.6420000195503235,0.7739999890327454,0.8659999966621399,0.8539999723434448,0.6919999718666077
96.56747817993164,0.7580000162124634,0.6420000195503235,0.7739999890327454,0.8679999709129333,0.8579999804496765,0.6899999976158142
96.57744836807251,0.7580000162124634,0.6420000195503235,0.7739999890327454,0.871999979019165,0.8640000224113464,0.6899999976158142
96.58754229545593,0.7580000162124634,0.6439999938011169,0.7760000228881836,0.8740000128746033,0.8659999966621399,0.6880000233650208
96.59745788574219,0.7580000162124634,0.6439999938011169,0.7760000228881836,0.8799999952316284,0.8700000047683716,0.6859999895095825
96.60741233825684,0.7580000162124634,0.6439999938011169,0.777999997138977,0.8859999775886536,0.8759999871253967,0.6819999814033508
96.61769342422485,0.7580000162124634,0.6460000276565552,0.777999997138977,0.8920000195503235,0.8799999952316284,0.6800000071525574
96.62748265266418,0.7580000162124634,0.6480000019073486,0.7799999713897705,0.9020000100135804,0.8859999775886536,0.6779999732971191
96.6373381614685,0.7580000162124634,0.6480000019073486,0.7799999713897705,0.9100000262260436,0.8920000195503235,0.6740000247955322
96.64739847183228,0.7580000162124634,0.6499999761581421,0.7799999713897705,0.9160000085830688,0.8960000276565552,0.671999990940094
96.65742635726929,0.7559999823570251,0.6520000100135803,0.7820000052452087,0.9259999990463256,0.9039999842643738,0.6700000166893005
96.66785097122192,0.7559999823570251,0.6520000100135803,0.7820000052452087,0.9319999814033508,0.9100000262260436,0.6700000166893005
96.67746114730835,0.7559999823570251,0.6520000100135803,0.7820000052452087,0.9399999976158142,0.9160000085830688,0.6679999828338623
96.68750286102295,0.7540000081062317,0.6520000100135803,0.7839999794960022,0.9459999799728394,0.9240000247955322,0.6660000085830688
96.69733381271362,0.7540000081062317,0.6520000100135803,0.7839999794960022,0.9520000219345092,0.9300000071525574,0.6639999747276306
96.7074568271637,0.7540000081062317,0.6539999842643738,0.7839999794960022,0.9580000042915344,0.9380000233650208,0.6600000262260437
96.71738290786743,0.7519999742507935,0.6539999842643738,0.7839999794960022,0.9660000205039978,0.944000005722046,0.6579999923706055
96.72829556465149,0.7519999742507935,0.6539999842643738,0.7860000133514404,0.9739999771118164,0.949999988079071,0.6579999923706055
96.73791313171387,0.75,0.6539999842643738,0.7860000133514404,0.9800000190734864,0.9559999704360962,0.656000018119812
96.74731850624084,0.75,0.656000018119812,0.7860000133514404,0.9860000014305116,0.959999978542328,0.656000018119812
96.75740551948547,0.7480000257492065,0.656000018119812,0.7860000133514404,0.9959999918937684,0.9639999866485596,0.656000018119812
96.76733565330505,0.7459999918937683,0.6600000262260437,0.7860000133514404,1.003999948501587,0.9679999947547911,0.6539999842643738
96.77736401557922,0.7459999918937683,0.6639999747276306,0.7860000133514404,1.0099999904632568,0.9700000286102296,0.6539999842643738
96.78787446022034,0.7419999837875366,0.6700000166893005,0.7860000133514404,1.0199999809265137,0.9739999771118164,0.6539999842643738
96.79739236831665,0.7419999837875366,0.671999990940094,0.7860000133514404,1.0219999551773071,0.9739999771118164,0.6539999842643738
96.80738687515259,0.7419999837875366,0.671999990940094,0.7860000133514404,1.0219999551773071,0.9739999771118164,0.6539999842643738
96.81739163398743,0.7279999852180481,0.6840000152587891,0.7860000133514404,1.0440000295639038,0.977999985218048,0.6539999842643738
96.82734608650208,0.7239999771118164,0.6880000233650208,0.7839999794960022,1.0499999523162842,0.977999985218048,0.6539999842643738
96.83829402923584,0.7139999866485596,0.6959999799728394,0.7820000052452087,1.055999994277954,0.977999985218048,0.6539999842643738
96.8473608493805,0.699999988079071,0.699999988079071,0.777999997138977,1.0640000104904177,0.977999985218048,0.6539999842643738
96.85751295089722,0.6859999895095825,0.7039999961853027,0.7720000147819519,1.0700000524520874,0.9760000109672546,0.6539999842643738
96.86729550361633,0.6679999828338623,0.7080000042915344,0.7639999985694885,1.0759999752044678,0.9739999771118164,0.6539999842643738
96.87819981575012,0.656000018119812,0.7139999866485596,0.75,1.0820000171661377,0.9679999947547911,0.6539999842643738
96.8881323337555,0.6480000019073486,0.7160000205039978,0.7379999756813049,1.0839999914169312,0.959999978542328,0.6520000100135803
96.89772868156433,0.6399999856948853,0.7200000286102295,0.7200000286102295,1.0880000591278076,0.9279999732971193,0.6520000100135803
96.90892195701599,0.6399999856948853,0.7239999771118164,0.7099999785423279,1.090000033378601,0.8619999885559082,0.6520000100135803
96.91793942451477,0.6399999856948853,0.7279999852180481,0.6940000057220459,1.090000033378601,0.800000011920929,0.6520000100135803
96.92833828926086,0.6399999856948853,0.7300000190734863,0.6859999895095825,1.0880000591278076,0.7720000147819519,0.6520000100135803
96.94210529327393,0.6399999856948853,0.7300000190734863,0.6779999732971191,1.0859999656677246,0.7459999918937683,0.6539999842643738
96.94927453994751,0.6380000114440918,0.7200000286102295,0.6700000166893005,1.0759999752044678,0.7300000190734863,0.6539999842643738
96.95798373222351,0.6359999775886536,0.699999988079071,0.6660000085830688,1.0679999589920044,0.7160000205039978,0.6539999842643738
96.96923422813416,0.6380000114440918,0.6740000247955322,0.6460000276565552,1.0520000457763672,0.722000002861023,0.6539999842643738
96.98279547691345,0.6380000114440918,0.6660000085830688,0.6359999775886536,1.0260000228881836,0.722000002861023,0.6539999842643738
96.99019765853882,0.6340000033378601,0.6600000262260437,0.6299999952316284,0.9900000095367432,0.7279999852180481,0.656000018119812
96.99846363067627,0.6299999952316284,0.656000018119812,0.628000020980835,0.9639999866485596,0.7200000286102295,0.656000018119812
97.00738739967346,0.628000020980835,0.6520000100135803,0.628000020980835,0.9200000166893004,0.7139999866485596,0.656000018119812
97.01733374595642,0.628000020980835,0.6499999761581421,0.6299999952316284,0.8840000033378601,0.7139999866485596,0.656000018119812
97.02790665626526,0.628000020980835,0.6460000276565552,0.6359999775886536,0.7879999876022339,0.7020000219345093,0.656000018119812
97.03747487068176,0.6259999871253967,0.6439999938011169,0.6359999775886536,0.734000027179718,0.6660000085830688,0.656000018119812
97.0473895072937,0.628000020980835,0.6439999938011169,0.6359999775886536,0.7279999852180481,0.6579999923706055,0.656000018119812
97.05751848220825,0.6299999952316284,0.6439999938011169,0.6359999775886536,0.722000002861023,0.6579999923706055,0.6620000004768372
97.06798529624939,0.6299999952316284,0.6439999938011169,0.6359999775886536,0.7260000109672546,0.6579999923706055,0.6700000166893005
97.07735347747803,0.6299999952316284,0.6439999938011169,0.6359999775886536,0.7360000014305115,0.656000018119812,0.6600000262260437
97.08733534812927,0.6299999952316284,0.6439999938011169,0.6359999775886536,0.75,0.656000018119812,0.6600000262260437
97.09747672080994,0.6320000290870667,0.6420000195503235,0.6359999775886536,0.7540000081062317,0.6579999923706055,0.6600000262260437
97.1072587966919,0.6320000290870667,0.6420000195503235,0.6359999775886536,0.7540000081062317,0.6600000262260437,0.6600000262260437
97.11725926399231,0.6320000290870667,0.6420000195503235,0.6359999775886536,0.7540000081062317,0.6579999923706055,0.6600000262260437
97.12733435630798,0.6320000290870667,0.6420000195503235,0.6340000033378601,0.7540000081062317,0.6579999923706055,0.6600000262260437
97.13748383522034,0.6320000290870667,0.6420000195503235,0.6340000033378601,0.7540000081062317,0.6579999923706055,0.6600000262260437
97.14759850502014,0.6320000290870667,0.6420000195503235,0.6340000033378601,0.7540000081062317,0.6579999923706055,0.6600000262260437
97.15746927261353,0.6320000290870667,0.6420000195503235,0.6340000033378601,0.7519999742507935,0.6579999923706055,0.6600000262260437
97.1675055027008,0.6320000290870667,0.6420000195503235,0.6320000290870667,0.75,0.6579999923706055,0.6620000004768372
97.17746543884277,0.6320000290870667,0.6420000195503235,0.6320000290870667,0.75,0.6579999923706055,0.6620000004768372
97.18748497962952,0.6320000290870667,0.6420000195503235,0.6320000290870667,0.75,0.6579999923706055,0.6620000004768372
97.19732570648193,0.6320000290870667,0.6420000195503235,0.6320000290870667,0.7480000257492065,0.6579999923706055,0.6620000004768372
97.20727729797363,0.6320000290870667,0.6420000195503235,0.6320000290870667,0.7480000257492065,0.6600000262260437,0.6620000004768372
97.21733808517456,0.6320000290870667,0.6420000195503235,0.6320000290870667,0.7459999918937683,0.6600000262260437,0.6620000004768372
97.22752141952515,0.6320000290870667,0.6420000195503235,0.6320000290870667,0.7459999918937683,0.6600000262260437,0.6620000004768372
97.23724675178528,0.6320000290870667,0.6420000195503235,0.6320000290870667,0.7459999918937683,0.6600000262260437,0.6620000004768372
97.2484176158905,0.6320000290870667,0.6420000195503235,0.6320000290870667,0.7459999918937683,0.6600000262260437,0.6620000004768372
97.2572853565216,0.6320000290870667,0.6420000195503235,0.6320000290870667,0.7440000176429749,0.6600000262260437,0.6620000004768372
97.26749920845032,0.6320000290870667,0.6420000195503235,0.6320000290870667,0.7440000176429749,0.6600000262260437,0.6620000004768372
97.27746510505676,0.6320000290870667,0.6420000195503235,0.6340000033378601,0.7440000176429749,0.6600000262260437,0.6620000004768372
97.28748202323914,0.6320000290870667,0.6420000195503235,0.6320000290870667,0.7440000176429749,0.6600000262260437,0.6620000004768372
97.29727816581726,0.6320000290870667,0.6420000195503235,0.6340000033378601,0.7419999837875366,0.6620000004768372,0.6620000004768372
97.30733489990234,0.6320000290870667,0.6420000195503235,0.6340000033378601,0.7419999837875366,0.6620000004768372,0.6620000004768372
97.31738066673279,0.6320000290870667,0.6420000195503235,0.6340000033378601,0.7419999837875366,0.6579999923706055,0.6620000004768372
97.32778191566467,0.6320000290870667,0.6420000195503235,0.6340000033378601,0.7400000095367432,0.6579999923706055,0.6620000004768372
97.33833742141724,0.6320000290870667,0.6420000195503235,0.6340000033378601,0.7379999756813049,0.656000018119812,0.6620000004768372
97.34844779968262,0.6320000290870667,0.6420000195503235,0.6359999775886536,0.7360000014305115,0.656000018119812,0.6600000262260437
97.3578691482544,0.6320000290870667,0.6439999938011169,0.6359999775886536,0.7360000014305115,0.656000018119812,0.6600000262260437
97.36829233169556,0.6320000290870667,0.6420000195503235,0.6359999775886536,0.7360000014305115,0.6579999923706055,0.6600000262260437
97.37945365905762,0.6340000033378601,0.6420000195503235,0.6359999775886536,0.734000027179718,0.6579999923706055,0.6620000004768372
97.39188742637634,0.6340000033378601,0.6420000195503235,0.6359999775886536,0.734000027179718,0.6579999923706055,0.6600000262260437
97.39808464050293,0.6340000033378601,0.6420000195503235,0.6359999775886536,0.734000027179718,0.6579999923706055,0.6600000262260437
97.40803050994873,0.6320000290870667,0.6439999938011169,0.6380000114440918,0.7319999933242798,0.656000018119812,0.6600000262260437
97.41801285743713,0.6340000033378601,0.6420000195503235,0.6460000276565552,0.7300000190734863,0.6499999761581421,0.6759999990463257
97.4275541305542,0.6340000033378601,0.6420000195503235,0.6480000019073486,0.7260000109672546,0.6480000019073486,0.6919999718666077
97.43762421607971,0.6399999856948853,0.6439999938011169,0.6520000100135803,0.7279999852180481,0.6420000195503235,0.7200000286102295
97.44736123085022,0.6359999775886536,0.6399999856948853,0.6660000085830688,0.7039999961853027,0.6420000195503235,0.7300000190734863
97.4575548171997,0.6420000195503235,0.6399999856948853,0.6800000071525574,0.7020000219345093,0.6359999775886536,0.7279999852180481
97.46958065032959,0.6660000085830688,0.6380000114440918,0.6899999976158142,0.699999988079071,0.6460000276565552,0.7239999771118164
97.47757458686829,0.671999990940094,0.6420000195503235,0.699999988079071,0.7319999933242798,0.6499999761581421,0.7139999866485596
97.48759412765503,0.6859999895095825,0.6380000114440918,0.7120000123977661,0.7480000257492065,0.7300000190734863,0.7099999785423279
97.49758076667786,0.6980000138282776,0.6380000114440918,0.7179999947547913,0.765999972820282,0.7540000081062317,0.7020000219345093
97.50757622718811,0.7099999785423279,0.6399999856948853,0.7260000109672546,0.8059999942779541,0.7820000052452087,0.6959999799728394
97.5180196762085,0.7160000205039978,0.6420000195503235,0.7300000190734863,0.8240000009536743,0.7960000038146973,0.6959999799728394
97.52759218215942,0.7239999771118164,0.6399999856948853,0.7360000014305115,0.8460000157356262,0.8199999928474426,0.6940000057220459
97.53780817985535,0.7300000190734863,0.6420000195503235,0.7419999837875366,0.8619999885559082,0.8379999995231628,0.6940000057220459
97.54766392707825,0.7319999933242798,0.6420000195503235,0.7440000176429749,0.871999979019165,0.8519999980926514,0.6940000057220459
97.55763077735901,0.734000027179718,0.6439999938011169,0.7519999742507935,0.8799999952316284,0.8659999966621399,0.6919999718666077
97.56735134124756,0.7360000014305115,0.6439999938011169,0.7540000081062317,0.8880000114440918,0.8759999871253967,0.6919999718666077
97.57775568962097,0.7379999756813049,0.6460000276565552,0.7559999823570251,0.8920000195503235,0.8799999952316284,0.6899999976158142
97.58739924430847,0.7400000095367432,0.6460000276565552,0.7580000162124634,0.8960000276565552,0.8859999775886536,0.6880000233650208
97.59774899482727,0.7400000095367432,0.6460000276565552,0.7599999904632568,0.8960000276565552,0.8899999856948853,0.6880000233650208
97.60769033432007,0.7400000095367432,0.6460000276565552,0.7599999904632568,0.8960000276565552,0.8939999938011169,0.6859999895095825
97.61807870864868,0.7400000095367432,0.6460000276565552,0.7599999904632568,0.8960000276565552,0.8960000276565552,0.6859999895095825
97.62759208679199,0.7400000095367432,0.6460000276565552,0.7599999904632568,0.8920000195503235,0.8960000276565552,0.6840000152587891
97.6374888420105,0.7400000095367432,0.6460000276565552,0.7599999904632568,0.8880000114440918,0.8960000276565552,0.6840000152587891
97.64754462242126,0.7400000095367432,0.6460000276565552,0.7599999904632568,0.8859999775886536,0.8960000276565552,0.6819999814033508
97.65749287605286,0.7419999837875366,0.6480000019073486,0.7599999904632568,0.8820000290870667,0.8960000276565552,0.6800000071525574
97.66741824150085,0.7419999837875366,0.6480000019073486,0.7599999904632568,0.8799999952316284,0.8960000276565552,0.6779999732971191
97.67755961418152,0.7419999837875366,0.6480000019073486,0.7599999904632568,0.878000020980835,0.8939999938011169,0.6759999990463257
97.68801212310791,0.7419999837875366,0.6480000019073486,0.7599999904632568,0.8759999871253967,0.8939999938011169,0.6759999990463257
97.69834661483765,0.7419999837875366,0.6480000019073486,0.7599999904632568,0.8759999871253967,0.8920000195503235,0.6759999990463257
97.7075035572052,0.7440000176429749,0.6480000019073486,0.7620000243186951,0.8759999871253967,0.8899999856948853,0.6740000247955322
97.71856617927551,0.7440000176429749,0.6480000019073486,0.7620000243186951,0.8759999871253967,0.8899999856948853,0.6740000247955322
97.72760891914368,0.7440000176429749,0.6480000019073486,0.7620000243186951,0.8759999871253967,0.8880000114440918,0.671999990940094
97.73773550987244,0.7440000176429749,0.6480000019073486,0.7620000243186951,0.878000020980835,0.8859999775886536,0.6700000166893005
97.74764323234558,0.7459999918937683,0.6480000019073486,0.7639999985694885,0.878000020980835,0.8840000033378601,0.6700000166893005
97.7574245929718,0.7480000257492065,0.6480000019073486,0.7639999985694885,0.8799999952316284,0.8840000033378601,0.6679999828338623
97.76749730110168,0.7480000257492065,0.6480000019073486,0.765999972820282,0.8820000290870667,0.8840000033378601,0.6679999828338623
97.77843523025513,0.75,0.6480000019073486,0.7680000066757202,0.8859999775886536,0.8840000033378601,0.6679999828338623
97.7874825000763,0.7519999742507935,0.6499999761581421,0.7680000066757202,0.8899999856948853,0.8840000033378601,0.6679999828338623
97.79744267463684,0.7519999742507935,0.6499999761581421,0.7699999809265137,0.8960000276565552,0.8859999775886536,0.6679999828338623
97.80747151374817,0.7540000081062317,0.6499999761581421,0.7699999809265137,0.8999999761581421,0.8880000114440918,0.6679999828338623
97.81882333755493,0.7540000081062317,0.6499999761581421,0.7720000147819519,0.906000018119812,0.8920000195503235,0.6679999828338623
97.82841968536377,0.7540000081062317,0.6499999761581421,0.7739999890327454,0.9139999747276306,0.8980000019073486,0.6700000166893005
97.83864402770996,0.7559999823570251,0.6499999761581421,0.7739999890327454,0.9179999828338624,0.9020000100135804,0.6700000166893005
97.84770464897156,0.7559999823570251,0.6520000100135803,0.7760000228881836,0.9259999990463256,0.9079999923706056,0.6700000166893005
97.8574469089508,0.7559999823570251,0.6539999842643738,0.777999997138977,0.9380000233650208,0.9160000085830688,0.6700000166893005
97.86771082878113,0.7559999823570251,0.6539999842643738,0.777999997138977,0.944000005722046,0.9200000166893004,0.6679999828338623
97.87760949134827,0.7559999823570251,0.656000018119812,0.777999997138977,0.9520000219345092,0.9279999732971193,0.6679999828338623
97.88745522499084,0.7559999823570251,0.6579999923706055,0.7799999713897705,0.9580000042915344,0.9300000071525574,0.6679999828338623
97.89756321907043,0.7540000081062317,0.6620000004768372,0.7799999713897705,0.9639999866485596,0.9359999895095824,0.6660000085830688
97.9074776172638,0.7540000081062317,0.6639999747276306,0.7799999713897705,0.9660000205039978,0.9380000233650208,0.6660000085830688
97.9201340675354,0.7540000081062317,0.6660000085830688,0.7799999713897705,0.9679999947547911,0.9419999718666076,0.6639999747276306
97.92803525924683,0.7519999742507935,0.6679999828338623,0.7799999713897705,0.972000002861023,0.944000005722046,0.6620000004768372
97.93753027915955,0.7519999742507935,0.6700000166893005,0.7799999713897705,0.9739999771118164,0.9459999799728394,0.6600000262260437
97.94792675971985,0.7519999742507935,0.6700000166893005,0.7799999713897705,0.9760000109672546,0.9459999799728394,0.6600000262260437
97.95813989639282,0.75,0.671999990940094,0.7799999713897705,0.977999985218048,0.9480000138282776,0.6600000262260437
97.96737051010132,0.75,0.671999990940094,0.7799999713897705,0.9800000190734864,0.949999988079071,0.6600000262260437
97.97757363319397,0.7480000257492065,0.6740000247955322,0.7799999713897705,0.984000027179718,0.949999988079071,0.6600000262260437
97.98747682571411,0.7459999918937683,0.6759999990463257,0.7799999713897705,0.9879999756813048,0.9520000219345092,0.6579999923706055
97.99740362167358,0.7459999918937683,0.6779999732971191,0.7799999713897705,0.9900000095367432,0.9539999961853028,0.6579999923706055
98.00754499435425,0.7440000176429749,0.6800000071525574,0.7799999713897705,0.9940000176429749,0.9539999961853028,0.6579999923706055
98.01735353469849,0.7419999837875366,0.6840000152587891,0.7799999713897705,1.0,0.9539999961853028,0.6579999923706055
98.0273323059082,0.7419999837875366,0.6859999895095825,0.7799999713897705,1.003999948501587,0.9559999704360962,0.656000018119812
98.03748202323914,0.7400000095367432,0.6880000233650208,0.7799999713897705,1.0080000162124634,0.9559999704360962,0.6579999923706055
98.04847836494446,0.7400000095367432,0.6899999976158142,0.7799999713897705,1.0140000581741333,0.9559999704360962,0.656000018119812
98.05747818946838,0.7379999756813049,0.6940000057220459,0.777999997138977,1.0199999809265137,0.9559999704360962,0.6579999923706055
98.0675368309021,0.7360000014305115,0.6959999799728394,0.777999997138977,1.02400004863739,0.9580000042915344,0.6579999923706055
98.07769131660461,0.7319999933242798,0.699999988079071,0.777999997138977,1.027999997138977,0.9580000042915344,0.6579999923706055
98.08746218681335,0.7300000190734863,0.7039999961853027,0.777999997138977,1.0360000133514404,0.959999978542328,0.6579999923706055
98.097421169281,0.7260000109672546,0.7080000042915344,0.7760000228881836,1.0440000295639038,0.959999978542328,0.6579999923706055
98.10747194290161,0.7239999771118164,0.7099999785423279,0.7760000228881836,1.0479999780654907,0.962000012397766,0.6579999923706055
98.11759948730469,0.7200000286102295,0.7139999866485596,0.7739999890327454,1.0540000200271606,0.962000012397766,0.6579999923706055
98.1275954246521,0.7179999947547913,0.7179999947547913,0.7720000147819519,1.059999942779541,0.962000012397766,0.6579999923706055
98.1374044418335,0.7120000123977661,0.722000002861023,0.765999972820282,1.065999984741211,0.962000012397766,0.6579999923706055
98.14776682853699,0.7059999704360962,0.7260000109672546,0.7620000243186951,1.0700000524520874,0.962000012397766,0.6579999923706055
98.15782141685486,0.6980000138282776,0.7279999852180481,0.7559999823570251,1.0740000009536743,0.962000012397766,0.6579999923706055
98.16844153404236,0.6899999976158142,0.7319999933242798,0.7480000257492065,1.0779999494552612,0.9580000042915344,0.6579999923706055
98.17781662940979,0.6800000071525574,0.734000027179718,0.734000027179718,1.0820000171661377,0.9559999704360962,0.6579999923706055
98.18756031990051,0.6740000247955322,0.7360000014305115,0.7239999771118164,1.0859999656677246,0.9520000219345092,0.6579999923706055
98.19753694534302,0.6660000085830688,0.7400000095367432,0.7099999785423279,1.090000033378601,0.9480000138282776,0.6579999923706055
98.20748925209045,0.6579999923706055,0.7400000095367432,0.699999988079071,1.0920000076293943,0.944000005722046,0.656000018119812
98.21805095672607,0.6520000100135803,0.7419999837875366,0.6940000057220459,1.093999981880188,0.921999990940094,0.656000018119812
98.22764921188354,0.6499999761581421,0.7419999837875366,0.6859999895095825,1.0959999561309814,0.8619999885559082,0.656000018119812
98.23854732513428,0.6480000019073486,0.7440000176429749,0.6800000071525574,1.0980000495910645,0.8339999914169312,0.656000018119812
98.24815487861633,0.6439999938011169,0.7419999837875366,0.6759999990463257,1.100000023841858,0.7960000038146973,0.656000018119812
98.25827121734619,0.6380000114440918,0.7419999837875366,0.6679999828338623,1.1019999980926514,0.7820000052452087,0.6539999842643738
98.27166604995728,0.6359999775886536,0.7400000095367432,0.6639999747276306,1.1019999980926514,0.7799999713897705,0.6539999842643738
98.27945041656494,0.6320000290870667,0.7300000190734863,0.6579999923706055,1.100000023841858,0.7820000052452087,0.6539999842643738
98.28818988800049,0.6320000290870667,0.7039999961853027,0.6539999842643738,1.0980000495910645,0.7799999713897705,0.6539999842643738
98.29801321029663,0.6320000290870667,0.6840000152587891,0.6439999938011169,1.0859999656677246,0.7680000066757202,0.6539999842643738
98.30830907821655,0.6359999775886536,0.6639999747276306,0.6340000033378601,1.065999984741211,0.7379999756813049,0.6539999842643738
98.32024216651917,0.6399999856948853,0.6600000262260437,0.628000020980835,1.0440000295639038,0.722000002861023,0.6539999842643738
98.32780456542969,0.6399999856948853,0.6600000262260437,0.6259999871253967,0.9980000257492064,0.7139999866485596,0.656000018119812
98.33724045753479,0.6299999952316284,0.6579999923706055,0.6259999871253967,0.9399999976158142,0.6980000138282776,0.6579999923706055
98.34742856025696,0.6299999952316284,0.656000018119812,0.6259999871253967,0.9020000100135804,0.6980000138282776,0.6579999923706055
98.3573682308197,0.628000020980835,0.6499999761581421,0.628000020980835,0.8019999861717224,0.699999988079071,0.6600000262260437
98.36737847328186,0.6259999871253967,0.6480000019073486,0.628000020980835,0.7400000095367432,0.6959999799728394,0.6600000262260437
98.37790846824646,0.6299999952316284,0.6480000019073486,0.628000020980835,0.722000002861023,0.6740000247955322,0.6740000247955322
98.38738417625427,0.6299999952316284,0.6480000019073486,0.6299999952316284,0.7300000190734863,0.656000018119812,0.6639999747276306
98.39751601219177,0.6320000290870667,0.6460000276565552,0.628000020980835,0.7459999918937683,0.6679999828338623,0.6620000004768372
98.4073166847229,0.6299999952316284,0.6460000276565552,0.628000020980835,0.765999972820282,0.6779999732971191,0.6639999747276306
98.41754126548767,0.6299999952316284,0.6460000276565552,0.628000020980835,0.7639999985694885,0.6819999814033508,0.6639999747276306
98.4272358417511,0.6299999952316284,0.6460000276565552,0.628000020980835,0.7599999904632568,0.6800000071525574,0.6639999747276306
98.43732023239136,0.6299999952316284,0.6460000276565552,0.628000020980835,0.7540000081062317,0.6779999732971191,0.6639999747276306
98.44754195213318,0.6299999952316284,0.6460000276565552,0.628000020980835,0.7540000081062317,0.6779999732971191,0.6639999747276306
98.4572651386261,0.6299999952316284,0.6460000276565552,0.628000020980835,0.7559999823570251,0.6800000071525574,0.6639999747276306
98.46744084358215,0.6299999952316284,0.6439999938011169,0.628000020980835,0.7580000162124634,0.6800000071525574,0.6639999747276306
98.47738289833069,0.6299999952316284,0.6460000276565552,0.628000020980835,0.7580000162124634,0.6800000071525574,0.6639999747276306
98.49101567268372,0.6299999952316284,0.6460000276565552,0.628000020980835,0.7580000162124634,0.6800000071525574,0.6639999747276306
98.49840593338013,0.6299999952316284,0.6439999938011169,0.628000020980835,0.7559999823570251,0.6800000071525574,0.6639999747276306
98.50733351707458,0.6299999952316284,0.6460000276565552,0.628000020980835,0.7580000162124634,0.6800000071525574,0.6639999747276306
98.51733183860779,0.6320000290870667,0.6460000276565552,0.628000020980835,0.7559999823570251,0.6800000071525574,0.6639999747276306
98.5273175239563,0.6299999952316284,0.6460000276565552,0.628000020980835,0.7540000081062317,0.6800000071525574,0.6639999747276306
98.53725457191467,0.6299999952316284,0.6460000276565552,0.628000020980835,0.7519999742507935,0.6800000071525574,0.6639999747276306
98.54734206199646,0.6320000290870667,0.6460000276565552,0.628000020980835,0.7519999742507935,0.6800000071525574,0.6639999747276306
98.55725431442261,0.6320000290870667,0.6460000276565552,0.628000020980835,0.75,0.6800000071525574,0.6639999747276306
98.5674159526825,0.6320000290870667,0.6460000276565552,0.628000020980835,0.75,0.6800000071525574,0.6639999747276306
98.5779812335968,0.6299999952316284,0.6460000276565552,0.628000020980835,0.75,0.6800000071525574,0.6639999747276306
98.58757376670837,0.6320000290870667,0.6460000276565552,0.628000020980835,0.7480000257492065,0.6800000071525574,0.6620000004768372
98.5983521938324,0.6299999952316284,0.6439999938011169,0.628000020980835,0.7480000257492065,0.6800000071525574,0.6620000004768372
98.60761284828186,0.6320000290870667,0.6460000276565552,0.628000020980835,0.7459999918937683,0.6800000071525574,0.6620000004768372
98.6174669265747,0.6299999952316284,0.6460000276565552,0.628000020980835,0.7459999918937683,0.6819999814033508,0.6620000004768372
98.62755823135376,0.6299999952316284,0.6460000276565552,0.6299999952316284,0.7440000176429749,0.6819999814033508,0.6620000004768372
98.63734602928162,0.6299999952316284,0.6460000276565552,0.6299999952316284,0.7440000176429749,0.6819999814033508,0.6620000004768372
98.64745330810547,0.6299999952316284,0.6439999938011169,0.6299999952316284,0.7419999837875366,0.6800000071525574,0.6620000004768372
98.65760278701782,0.6320000290870667,0.6439999938011169,0.6299999952316284,0.7419999837875366,0.6800000071525574,0.6620000004768372
98.66739463806152,0.6320000290870667,0.6439999938011169,0.6299999952316284,0.7419999837875366,0.6779999732971191,0.6620000004768372
98.67743921279907,0.6320000290870667,0.6439999938011169,0.6299999952316284,0.7419999837875366,0.6800000071525574,0.6620000004768372
98.68748450279236,0.6320000290870667,0.6439999938011169,0.6299999952316284,0.7419999837875366,0.6800000071525574,0.6620000004768372
98.70207500457764,0.6320000290870667,0.6439999938011169,0.6299999952316284,0.7419999837875366,0.6800000071525574,0.6620000004768372
98.70744752883911,0.6320000290870667,0.6439999938011169,0.6340000033378601,0.7379999756813049,0.6579999923706055,0.6679999828338623
98.71775102615356,0.6320000290870667,0.6439999938011169,0.6380000114440918,0.7360000014305115,0.656000018119812,0.671999990940094
98.72762870788574,0.6320000290870667,0.6439999938011169,0.6439999938011169,0.7279999852180481,0.6520000100135803,0.6779999732971191
98.7375841140747,0.6340000033378601,0.6439999938011169,0.6480000019073486,0.7260000109672546,0.6499999761581421,0.6980000138282776
98.74746179580688,0.6299999952316284,0.6439999938011169,0.6639999747276306,0.7020000219345093,0.6480000019073486,0.7239999771118164
98.75738859176636,0.628000020980835,0.6420000195503235,0.6740000247955322,0.699999988079071,0.6499999761581421,0.7260000109672546
98.76751494407654,0.6439999938011169,0.6420000195503235,0.6840000152587891,0.7039999961853027,0.6499999761581421,0.722000002861023
98.77735662460327,0.6480000019073486,0.6420000195503235,0.6940000057220459,0.7279999852180481,0.6660000085830688,0.7120000123977661
98.78744721412659,0.656000018119812,0.6399999856948853,0.7059999704360962,0.7419999837875366,0.734000027179718,0.7080000042915344
98.79749035835266,0.6679999828338623,0.6399999856948853,0.7120000123977661,0.7480000257492065,0.7599999904632568,0.7039999961853027
98.80742955207825,0.6819999814033508,0.6399999856948853,0.722000002861023,0.7820000052452087,0.7919999957084656,0.6959999799728394
98.81745028495789,0.6940000057220459,0.6420000195503235,0.7260000109672546,0.8080000281333923,0.8100000023841858,0.6959999799728394
98.82761263847351,0.7020000219345093,0.6399999856948853,0.7319999933242798,0.828000009059906,0.8299999833106995,0.6959999799728394
98.83756303787231,0.7099999785423279,0.6420000195503235,0.7360000014305115,0.843999981880188,0.8500000238418579,0.6959999799728394
98.84808540344238,0.7139999866485596,0.6420000195503235,0.7400000095367432,0.8519999980926514,0.8619999885559082,0.6959999799728394
98.8578314781189,0.722000002861023,0.6420000195503235,0.7459999918937683,0.8640000224113464,0.871999979019165,0.6940000057220459
98.86751413345337,0.7279999852180481,0.6439999938011169,0.75,0.8700000047683716,0.878000020980835,0.6940000057220459
98.87750196456909,0.7319999933242798,0.6439999938011169,0.7540000081062317,0.8740000128746033,0.8820000290870667,0.6919999718666077
98.88733315467834,0.734000027179718,0.6460000276565552,0.7559999823570251,0.878000020980835,0.8840000033378601,0.6899999976158142
98.89751601219177,0.7360000014305115,0.6480000019073486,0.7580000162124634,0.878000020980835,0.8840000033378601,0.6880000233650208
98.90746402740479,0.7400000095367432,0.6499999761581421,0.7599999904632568,0.878000020980835,0.8859999775886536,0.6859999895095825
98.91736698150635,0.7419999837875366,0.6520000100135803,0.7599999904632568,0.8759999871253967,0.8840000033378601,0.6840000152587891
98.9274570941925,0.7440000176429749,0.6520000100135803,0.7620000243186951,0.8759999871253967,0.8820000290870667,0.6819999814033508
98.93748807907104,0.7459999918937683,0.6539999842643738,0.7620000243186951,0.871999979019165,0.8799999952316284,0.6800000071525574
98.94819498062134,0.7459999918937683,0.6539999842643738,0.7620000243186951,0.8700000047683716,0.8759999871253967,0.6759999990463257
98.95762848854065,0.7480000257492065,0.6539999842643738,0.7620000243186951,0.8659999966621399,0.871999979019165,0.6740000247955322
98.96754479408264,0.7480000257492065,0.6520000100135803,0.7620000243186951,0.8640000224113464,0.8679999709129333,0.6740000247955322
98.97745990753174,0.75,0.6520000100135803,0.7620000243186951,0.8619999885559082,0.8640000224113464,0.671999990940094
98.98763966560364,0.75,0.6539999842643738,0.7620000243186951,0.8600000143051147,0.8600000143051147,0.671999990940094
98.99750089645386,0.75,0.6520000100135803,0.7639999985694885,0.8579999804496765,0.8560000061988831,0.6700000166893005
99.007479429245,0.7519999742507935,0.6520000100135803,0.7639999985694885,0.8579999804496765,0.8539999723434448,0.6700000166893005
99.01793503761292,0.7519999742507935,0.6520000100135803,0.7639999985694885,0.8579999804496765,0.8479999899864197,0.6700000166893005
99.02754378318787,0.7519999742507935,0.6520000100135803,0.7639999985694885,0.8579999804496765,0.8460000157356262,0.6679999828338623
99.03746128082275,0.7540000081062317,0.6520000100135803,0.765999972820282,0.8600000143051147,0.843999981880188,0.6679999828338623
99.0490095615387,0.7540000081062317,0.6539999842643738,0.765999972820282,0.8619999885559082,0.843999981880188,0.6679999828338623
99.057608127594,0.7559999823570251,0.6539999842643738,0.7680000066757202,0.8619999885559082,0.843999981880188,0.6679999828338623
99.06751561164856,0.7559999823570251,0.6539999842643738,0.7680000066757202,0.8659999966621399,0.8460000157356262,0.6679999828338623
99.07747173309326,0.7580000162124634,0.6539999842643738,0.7699999809265137,0.8679999709129333,0.8479999899864197,0.6700000166893005
99.08742475509644,0.7580000162124634,0.656000018119812,0.7699999809265137,0.8700000047683716,0.8500000238418579,0.6700000166893005
99.09758162498474,0.7599999904632568,0.656000018119812,0.7720000147819519,0.871999979019165,0.8539999723434448,0.6700000166893005
99.10743117332458,0.7599999904632568,0.656000018119812,0.7720000147819519,0.8740000128746033,0.8579999804496765,0.6700000166893005
99.11750602722168,0.7599999904632568,0.656000018119812,0.7739999890327454,0.878000020980835,0.8619999885559082,0.6700000166893005
99.12738537788391,0.7599999904632568,0.6579999923706055,0.7739999890327454,0.8820000290870667,0.8679999709129333,0.6700000166893005
99.13794612884521,0.7620000243186951,0.6579999923706055,0.7760000228881836,0.8859999775886536,0.871999979019165,0.6700000166893005
99.14775228500366,0.7620000243186951,0.6579999923706055,0.7760000228881836,0.8880000114440918,0.8759999871253967,0.6700000166893005
99.1574912071228,0.7620000243186951,0.6579999923706055,0.7760000228881836,0.8899999856948853,0.8759999871253967,0.671999990940094
99.167551279068,0.7620000243186951,0.6579999923706055,0.777999997138977,0.8899999856948853,0.878000020980835,0.671999990940094
99.17746162414551,0.7620000243186951,0.656000018119812,0.777999997138977,0.8899999856948853,0.878000020980835,0.671999990940094
99.1875524520874,0.7620000243186951,0.656000018119812,0.777999997138977,0.8899999856948853,0.878000020980835,0.671999990940094
99.19741940498352,0.7620000243186951,0.6539999842643738,0.777999997138977,0.8920000195503235,0.878000020980835,0.6740000247955322
99.20750641822815,0.7620000243186951,0.6539999842643738,0.777999997138977,0.8939999938011169,0.8799999952316284,0.6740000247955322
99.21737813949585,0.7620000243186951,0.6539999842643738,0.777999997138977,0.8980000019073486,0.8799999952316284,0.6740000247955322
99.22745323181152,0.7599999904632568,0.6520000100135803,0.777999997138977,0.9020000100135804,0.8840000033378601,0.6740000247955322
99.23777055740356,0.7599999904632568,0.6520000100135803,0.777999997138977,0.906000018119812,0.8880000114440918,0.6759999990463257
99.24741697311401,0.7580000162124634,0.6520000100135803,0.777999997138977,0.9079999923706056,0.8899999856948853,0.6759999990463257
99.25793170928955,0.7580000162124634,0.6499999761581421,0.777999997138977,0.9139999747276306,0.8939999938011169,0.6759999990463257
99.26787996292114,0.7580000162124634,0.6499999761581421,0.777999997138977,0.9179999828338624,0.8960000276565552,0.6759999990463257
99.27746534347534,0.7559999823570251,0.6520000100135803,0.7799999713897705,0.921999990940094,0.8980000019073486,0.6759999990463257
99.28740763664246,0.7559999823570251,0.6520000100135803,0.7799999713897705,0.9259999990463256,0.8999999761581421,0.6740000247955322
99.29758501052856,0.7559999823570251,0.6520000100135803,0.7799999713897705,0.9300000071525574,0.9020000100135804,0.6740000247955322
99.30746388435364,0.7559999823570251,0.6520000100135803,0.7799999713897705,0.9359999895095824,0.906000018119812,0.671999990940094
99.31739258766174,0.7540000081062317,0.6520000100135803,0.7799999713897705,0.9399999976158142,0.9079999923706056,0.671999990940094
99.32747268676758,0.7540000081062317,0.6520000100135803,0.7799999713897705,0.944000005722046,0.9139999747276306,0.6700000166893005
99.33753275871277,0.7540000081062317,0.6539999842643738,0.7820000052452087,0.949999988079071,0.9179999828338624,0.6700000166893005
99.34754538536072,0.7540000081062317,0.6539999842643738,0.7820000052452087,0.9539999961853028,0.921999990940094,0.6679999828338623
99.35825943946838,0.7540000081062317,0.656000018119812,0.7820000052452087,0.959999978542328,0.9279999732971193,0.6679999828338623
99.36798024177551,0.7540000081062317,0.6579999923706055,0.7820000052452087,0.9660000205039978,0.9319999814033508,0.6660000085830688
99.37749242782593,0.7519999742507935,0.6600000262260437,0.7839999794960022,0.9700000286102296,0.9380000233650208,0.6639999747276306
99.3873782157898,0.7519999742507935,0.6620000004768372,0.7839999794960022,0.977999985218048,0.944000005722046,0.6620000004768372
99.3973925113678,0.7519999742507935,0.6639999747276306,0.7839999794960022,0.9819999933242798,0.9480000138282776,0.6579999923706055
99.40750885009766,0.7519999742507935,0.6679999828338623,0.7839999794960022,0.9900000095367432,0.9539999961853028,0.6579999923706055
99.41750574111938,0.75,0.6700000166893005,0.7860000133514404,0.9959999918937684,0.9580000042915344,0.656000018119812
99.42755770683289,0.75,0.6740000247955322,0.7860000133514404,1.0019999742507937,0.962000012397766,0.656000018119812
99.43743801116943,0.75,0.6759999990463257,0.7860000133514404,1.0099999904632568,0.9660000205039978,0.656000018119812
99.44739484786987,0.7480000257492065,0.6800000071525574,0.7860000133514404,1.0180000066757202,0.9679999947547911,0.6539999842643738
99.45746541023254,0.7459999918937683,0.6819999814033508,0.7860000133514404,1.0260000228881836,0.9700000286102296,0.656000018119812
99.46771574020386,0.7440000176429749,0.6840000152587891,0.7860000133514404,1.034000039100647,0.972000002861023,0.656000018119812
99.47758316993713,0.7400000095367432,0.6880000233650208,0.7860000133514404,1.0399999618530271,0.9739999771118164,0.6539999842643738
99.48934721946716,0.734000027179718,0.6940000057220459,0.7860000133514404,1.0499999523162842,0.9739999771118164,0.6539999842643738
99.49768042564392,0.7279999852180481,0.699999988079071,0.7839999794960022,1.0579999685287476,0.972000002861023,0.6539999842643738
99.50777697563171,0.7239999771118164,0.7059999704360962,0.7820000052452087,1.0640000104904177,0.972000002861023,0.6539999842643738
99.51750421524048,0.7059999704360962,0.7099999785423279,0.7760000228881836,1.0720000267028809,0.9700000286102296,0.6539999842643738
99.52738642692566,0.6899999976158142,0.7160000205039978,0.765999972820282,1.0779999494552612,0.9660000205039978,0.6539999842643738
99.53757095336914,0.6759999990463257,0.7179999947547913,0.7559999823570251,1.0820000171661377,0.959999978542328,0.6539999842643738
99.54768681526184,0.6600000262260437,0.722000002861023,0.7379999756813049,1.0880000591278076,0.9480000138282776,0.6539999842643738
99.5574643611908,0.6499999761581421,0.7260000109672546,0.7239999771118164,1.090000033378601,0.9319999814033508,0.6539999842643738
99.56747913360596,0.6439999938011169,0.7300000190734863,0.7059999704360962,1.0920000076293943,0.8560000061988831,0.6539999842643738
99.57785153388977,0.6439999938011169,0.7319999933242798,0.6919999718666077,1.0920000076293943,0.7839999794960022,0.6539999842643738
99.58787322044373,0.6420000195503235,0.734000027179718,0.6840000152587891,1.090000033378601,0.7540000081062317,0.6539999842643738
99.59756016731262,0.6399999856948853,0.734000027179718,0.6740000247955322,1.0859999656677246,0.7319999933242798,0.6539999842643738
99.60791182518005,0.6380000114440918,0.7260000109672546,0.6660000085830688,1.0779999494552612,0.7120000123977661,0.656000018119812
99.61740589141846,0.6380000114440918,0.6980000138282776,0.6480000019073486,1.0679999589920044,0.7179999947547913,0.656000018119812
99.62755393981934,0.6359999775886536,0.6759999990463257,0.6340000033378601,1.0479999780654907,0.7200000286102295,0.656000018119812
99.6375060081482,0.6340000033378601,0.6620000004768372,0.6299999952316284,1.02400004863739,0.7239999771118164,0.656000018119812
99.64745163917542,0.628000020980835,0.6620000004768372,0.628000020980835,0.9860000014305116,0.7120000123977661,0.656000018119812
99.65743350982666,0.628000020980835,0.6600000262260437,0.628000020980835,0.949999988079071,0.6980000138282776,0.656000018119812
99.66739320755005,0.628000020980835,0.6579999923706055,0.628000020980835,0.9160000085830688,0.6980000138282776,0.656000018119812
99.67966532707214,0.628000020980835,0.6520000100135803,0.6320000290870667,0.843999981880188,0.699999988079071,0.6579999923706055
99.68736124038696,0.628000020980835,0.6480000019073486,0.6359999775886536,0.7680000066757202,0.6899999976158142,0.6579999923706055
99.69833421707153,0.628000020980835,0.6480000019073486,0.6340000033378601,0.7239999771118164,0.671999990940094,0.6579999923706055
99.7075047492981,0.6299999952316284,0.6480000019073486,0.6359999775886536,0.7120000123977661,0.6579999923706055,0.6600000262260437
99.7174825668335,0.6320000290870667,0.6460000276565552,0.6359999775886536,0.7099999785423279,0.6579999923706055,0.6759999990463257
99.7278380393982,0.6320000290870667,0.6460000276565552,0.6359999775886536,0.7200000286102295,0.656000018119812,0.6620000004768372
99.73740220069885,0.6299999952316284,0.6460000276565552,0.6359999775886536,0.7360000014305115,0.6579999923706055,0.6620000004768372
99.74746561050415,0.6299999952316284,0.6460000276565552,0.6359999775886536,0.7419999837875366,0.6639999747276306,0.6620000004768372
99.7573516368866,0.6320000290870667,0.6460000276565552,0.6359999775886536,0.7440000176429749,0.6679999828338623,0.6620000004768372
99.76737928390503,0.6320000290870667,0.6460000276565552,0.6340000033378601,0.7419999837875366,0.6660000085830688,0.6620000004768372
99.77842617034912,0.6320000290870667,0.6460000276565552,0.6340000033378601,0.7419999837875366,0.6660000085830688,0.6620000004768372
99.78747630119324,0.6320000290870667,0.6460000276565552,0.6340000033378601,0.7419999837875366,0.6660000085830688,0.6620000004768372
99.79794335365295,0.6320000290870667,0.6460000276565552,0.6340000033378601,0.7419999837875366,0.6660000085830688,0.6620000004768372
99.80734729766846,0.6320000290870667,0.6460000276565552,0.6340000033378601,0.7419999837875366,0.6660000085830688,0.6620000004768372
99.81750202178955,0.6320000290870667,0.6460000276565552,0.6340000033378601,0.7419999837875366,0.6639999747276306,0.6620000004768372
99.82758712768555,0.6320000290870667,0.6460000276565552,0.6340000033378601,0.7440000176429749,0.6639999747276306,0.6620000004768372
99.83732414245605,0.6320000290870667,0.6460000276565552,0.6340000033378601,0.7440000176429749,0.6639999747276306,0.6620000004768372
99.8474805355072,0.6320000290870667,0.6460000276565552,0.6340000033378601,0.7419999837875366,0.6639999747276306,0.6620000004768372
99.85754442214966,0.6320000290870667,0.6460000276565552,0.6340000033378601,0.7419999837875366,0.6660000085830688,0.6620000004768372
99.86742949485779,0.6320000290870667,0.6460000276565552,0.6340000033378601,0.7419999837875366,0.6660000085830688,0.6620000004768372
99.87759757041931,0.6320000290870667,0.6460000276565552,0.6340000033378601,0.7419999837875366,0.6660000085830688,0.6620000004768372
99.88740301132202,0.6320000290870667,0.6460000276565552,0.6340000033378601,0.7400000095367432,0.6679999828338623,0.6620000004768372
99.89835834503174,0.6320000290870667,0.6460000276565552,0.6340000033378601,0.7400000095367432,0.6660000085830688,0.6620000004768372
99.90778231620789,0.6320000290870667,0.6460000276565552,0.6340000033378601,0.7400000095367432,0.6660000085830688,0.6620000004768372
99.91861653327942,0.6320000290870667,0.6460000276565552,0.6340000033378601,0.7379999756813049,0.6660000085830688,0.6620000004768372
99.92763900756836,0.6320000290870667,0.6460000276565552,0.6340000033378601,0.7379999756813049,0.6679999828338623,0.6620000004768372
99.93753790855408,0.6320000290870667,0.6460000276565552,0.6340000033378601,0.7360000014305115,0.6679999828338623,0.6620000004768372
99.94747066497803,0.6320000290870667,0.6460000276565552,0.6340000033378601,0.734000027179718,0.6679999828338623,0.6620000004768372
99.95742058753967,0.6340000033378601,0.6460000276565552,0.6340000033378601,0.7319999933242798,0.6679999828338623,0.6620000004768372
99.96747183799744,0.6340000033378601,0.6460000276565552,0.6340000033378601,0.7319999933242798,0.6660000085830688,0.6620000004768372
99.97786521911621,0.6340000033378601,0.6460000276565552,0.6340000033378601,0.7300000190734863,0.6639999747276306,0.6620000004768372
99.98751401901245,0.6340000033378601,0.6460000276565552,0.6340000033378601,0.7300000190734863,0.6620000004768372,0.6620000004768372
99.99753499031067,0.6340000033378601,0.6460000276565552,0.6340000033378601,0.7279999852180481,0.6600000262260437,0.6620000004768372
100.00758290290833,0.6340000033378601,0.6460000276565552,0.6340000033378601,0.7279999852180481,0.6600000262260437,0.6620000004768372
100.01775741577148,0.6340000033378601,0.6460000276565552,0.6340000033378601,0.7260000109672546,0.6600000262260437,0.6620000004768372
100.02835011482239,0.6340000033378601,0.6460000276565552,0.6340000033378601,0.7260000109672546,0.6600000262260437,0.6620000004768372
100.03874468803406,0.6340000033378601,0.6460000276565552,0.6359999775886536,0.7260000109672546,0.6600000262260437,0.6600000262260437
100.0475218296051,0.6340000033378601,0.6460000276565552,0.6399999856948853,0.7239999771118164,0.656000018119812,0.6660000085830688
100.05764579772949,0.6340000033378601,0.6460000276565552,0.6439999938011169,0.7239999771118164,0.6539999842643738,0.671999990940094
100.06744623184204,0.6359999775886536,0.6439999938011169,0.6520000100135803,0.722000002861023,0.6460000276565552,0.6759999990463257
100.07746529579163,0.6399999856948853,0.6439999938011169,0.6539999842643738,0.7139999866485596,0.6420000195503235,0.7059999704360962
100.08731842041016,0.6340000033378601,0.6420000195503235,0.6700000166893005,0.7080000042915344,0.6460000276565552,0.7239999771118164
100.09738421440125,0.6620000004768372,0.6399999856948853,0.6740000247955322,0.6980000138282776,0.6399999856948853,0.7239999771118164
100.10748434066772,0.6759999990463257,0.6420000195503235,0.6840000152587891,0.7160000205039978,0.6520000100135803,0.7160000205039978
100.11763763427734,0.6759999990463257,0.6420000195503235,0.6919999718666077,0.7300000190734863,0.6779999732971191,0.7080000042915344
100.1278486251831,0.6940000057220459,0.6420000195503235,0.7080000042915344,0.7419999837875366,0.734000027179718,0.7020000219345093
100.13751292228699,0.7059999704360962,0.6439999938011169,0.7179999947547913,0.7639999985694885,0.7540000081062317,0.6959999799728394
100.14786791801453,0.7179999947547913,0.6439999938011169,0.7260000109672546,0.8220000267028809,0.7720000147819519,0.6899999976158142
100.15737462043762,0.7279999852180481,0.6460000276565552,0.734000027179718,0.8460000157356262,0.7940000295639038,0.6899999976158142
100.16739749908447,0.7319999933242798,0.6480000019073486,0.7400000095367432,0.8619999885559082,0.8119999766349792,0.6899999976158142
100.1774480342865,0.7379999756813049,0.6480000019073486,0.7480000257492065,0.878000020980835,0.828000009059906,0.6880000233650208
100.18758821487427,0.7419999837875366,0.6480000019073486,0.7540000081062317,0.8939999938011169,0.8420000076293945,0.6859999895095825
100.1974127292633,0.7440000176429749,0.6480000019073486,0.7580000162124634,0.9020000100135804,0.8500000238418579,0.6840000152587891
100.20735120773315,0.7459999918937683,0.6539999842643738,0.7620000243186951,0.9139999747276306,0.8579999804496765,0.6819999814033508
100.2174129486084,0.7480000257492065,0.6620000004768372,0.7639999985694885,0.9179999828338624,0.8619999885559082,0.6779999732971191
100.2278196811676,0.75,0.6679999828338623,0.765999972820282,0.9240000247955322,0.8640000224113464,0.6759999990463257
100.23775601387024,0.75,0.671999990940094,0.765999972820282,0.9259999990463256,0.8640000224113464,0.6740000247955322
100.24763631820679,0.75,0.671999990940094,0.765999972820282,0.9259999990463256,0.8640000224113464,0.6740000247955322
100.25771069526672,0.7519999742507935,0.6740000247955322,0.765999972820282,0.9259999990463256,0.8640000224113464,0.671999990940094
100.26737594604492,0.75,0.6740000247955322,0.765999972820282,0.9259999990463256,0.8640000224113464,0.6700000166893005
100.27749013900757,0.7519999742507935,0.6740000247955322,0.765999972820282,0.9240000247955322,0.8619999885559082,0.6679999828338623
100.28731894493103,0.75,0.6740000247955322,0.765999972820282,0.9240000247955322,0.8619999885559082,0.6679999828338623
100.29745864868164,0.75,0.6740000247955322,0.765999972820282,0.921999990940094,0.8619999885559082,0.6679999828338623
100.30760049819946,0.75,0.671999990940094,0.765999972820282,0.921999990940094,0.8619999885559082,0.6679999828338623
100.31756138801575,0.75,0.671999990940094,0.765999972820282,0.9200000166893004,0.8600000143051147,0.6679999828338623
100.32792496681213,0.75,0.671999990940094,0.7680000066757202,0.9200000166893004,0.8600000143051147,0.6679999828338623
100.33788394927979,0.75,0.6740000247955322,0.7680000066757202,0.9200000166893004,0.8600000143051147,0.6660000085830688
100.34752464294434,0.7519999742507935,0.6740000247955322,0.7680000066757202,0.9200000166893004,0.8600000143051147,0.6660000085830688
100.35748338699341,0.7519999742507935,0.6740000247955322,0.7680000066757202,0.921999990940094,0.8600000143051147,0.6660000085830688
100.36772274971008,0.7519999742507935,0.6759999990463257,0.7699999809265137,0.921999990940094,0.8579999804496765,0.6660000085830688
100.37762594223022,0.7540000081062317,0.6759999990463257,0.7699999809265137,0.9240000247955322,0.8579999804496765,0.6660000085830688
100.38742423057556,0.7540000081062317,0.6779999732971191,0.7699999809265137,0.9240000247955322,0.8579999804496765,0.6639999747276306
100.39754462242126,0.7540000081062317,0.6779999732971191,0.7699999809265137,0.9259999990463256,0.8579999804496765,0.6639999747276306
100.40748882293701,0.7559999823570251,0.6800000071525574,0.7720000147819519,0.9279999732971193,0.8579999804496765,0.6639999747276306
100.41750741004944,0.7559999823570251,0.6800000071525574,0.7720000147819519,0.9279999732971193,0.8579999804496765,0.6639999747276306
100.42755222320557,0.7559999823570251,0.6800000071525574,0.7739999890327454,0.9300000071525574,0.8600000143051147,0.6660000085830688
100.43869471549988,0.7559999823570251,0.6819999814033508,0.7739999890327454,0.9319999814033508,0.8619999885559082,0.6660000085830688
100.44890284538269,0.7580000162124634,0.6819999814033508,0.7739999890327454,0.9340000152587892,0.8640000224113464,0.6660000085830688
100.45760011672974,0.7580000162124634,0.6819999814033508,0.7760000228881836,0.9359999895095824,0.8640000224113464,0.6660000085830688
100.4674425125122,0.7580000162124634,0.6840000152587891,0.7760000228881836,0.9399999976158142,0.8659999966621399,0.6660000085830688
100.4783992767334,0.7599999904632568,0.6859999895095825,0.7760000228881836,0.944000005722046,0.871999979019165,0.6660000085830688
100.48754596710205,0.7599999904632568,0.6880000233650208,0.777999997138977,0.9459999799728394,0.8740000128746033,0.6660000085830688
100.49754428863525,0.7599999904632568,0.6880000233650208,0.777999997138977,0.9480000138282776,0.8759999871253967,0.6660000085830688
100.50739908218384,0.7599999904632568,0.6899999976158142,0.7799999713897705,0.9520000219345092,0.878000020980835,0.6660000085830688
100.51740074157715,0.7599999904632568,0.6919999718666077,0.7799999713897705,0.9539999961853028,0.8799999952316284,0.6660000085830688
100.52743482589722,0.7599999904632568,0.6919999718666077,0.7799999713897705,0.9559999704360962,0.8859999775886536,0.6660000085830688
100.53812170028687,0.7599999904632568,0.6940000057220459,0.7799999713897705,0.9580000042915344,0.8880000114440918,0.6660000085830688
100.54759335517883,0.7599999904632568,0.6940000057220459,0.7820000052452087,0.959999978542328,0.8899999856948853,0.6660000085830688
100.55762314796448,0.7599999904632568,0.6940000057220459,0.7820000052452087,0.962000012397766,0.8920000195503235,0.6660000085830688
100.5676863193512,0.7580000162124634,0.6940000057220459,0.7820000052452087,0.9639999866485596,0.8960000276565552,0.6660000085830688
100.57753467559814,0.7580000162124634,0.6940000057220459,0.7820000052452087,0.9660000205039978,0.8999999761581421,0.6660000085830688
100.58738422393799,0.7580000162124634,0.6940000057220459,0.7820000052452087,0.9679999947547911,0.9039999842643738,0.6660000085830688
100.59799003601074,0.7580000162124634,0.6940000057220459,0.7820000052452087,0.9700000286102296,0.9079999923706056,0.6679999828338623
100.60780382156372,0.7559999823570251,0.6940000057220459,0.7820000052452087,0.9739999771118164,0.9120000004768372,0.6660000085830688
100.61747479438782,0.7559999823570251,0.6940000057220459,0.7820000052452087,0.9760000109672546,0.9160000085830688,0.6660000085830688
100.627450466156,0.7559999823570251,0.6940000057220459,0.7820000052452087,0.9800000190734864,0.9200000166893004,0.6660000085830688
100.6374945640564,0.7540000081062317,0.6940000057220459,0.7820000052452087,0.9819999933242798,0.9240000247955322,0.6639999747276306
100.64747262001038,0.7540000081062317,0.6959999799728394,0.7820000052452087,0.984000027179718,0.9259999990463256,0.6620000004768372
100.65789937973022,0.7519999742507935,0.6980000138282776,0.7820000052452087,0.9879999756813048,0.9300000071525574,0.6620000004768372
100.66773080825806,0.7519999742507935,0.6980000138282776,0.7820000052452087,0.9900000095367432,0.9319999814033508,0.6620000004768372
100.67747712135315,0.7519999742507935,0.6980000138282776,0.7820000052452087,0.9959999918937684,0.9340000152587892,0.6620000004768372
100.68763375282288,0.75,0.699999988079071,0.7820000052452087,1.0019999742507937,0.9380000233650208,0.6620000004768372
100.69739127159119,0.75,0.7020000219345093,0.7839999794960022,1.00600004196167,0.9399999976158142,0.6600000262260437
100.70880794525146,0.75,0.7020000219345093,0.7839999794960022,1.0119999647140503,0.9459999799728394,0.6600000262260437
100.71747422218323,0.7480000257492065,0.7059999704360962,0.7839999794960022,1.0160000324249268,0.949999988079071,0.6600000262260437
100.72751474380493,0.7480000257492065,0.7059999704360962,0.7839999794960022,1.0219999551773071,0.9539999961853028,0.6579999923706055
100.7379322052002,0.7480000257492065,0.7099999785423279,0.7839999794960022,1.0299999713897705,0.9559999704360962,0.6600000262260437
100.74743342399597,0.7459999918937683,0.7099999785423279,0.7839999794960022,1.0360000133514404,0.959999978542328,0.6600000262260437
100.75737619400024,0.7440000176429749,0.7139999866485596,0.7839999794960022,1.0420000553131104,0.962000012397766,0.6579999923706055
100.76767635345459,0.7419999837875366,0.7160000205039978,0.7839999794960022,1.0520000457763672,0.9660000205039978,0.6579999923706055
100.77755570411682,0.7400000095367432,0.7160000205039978,0.7839999794960022,1.0579999685287476,0.9660000205039978,0.6579999923706055
100.7875063419342,0.7360000014305115,0.7179999947547913,0.7839999794960022,1.0640000104904177,0.9679999947547911,0.6579999923706055
100.79754137992859,0.7300000190734863,0.722000002861023,0.7820000052452087,1.0700000524520874,0.9679999947547911,0.6579999923706055
100.80749249458313,0.7260000109672546,0.722000002861023,0.7799999713897705,1.0759999752044678,0.9679999947547911,0.6579999923706055
100.81727457046509,0.7120000123977661,0.7239999771118164,0.7760000228881836,1.0820000171661377,0.9660000205039978,0.6579999923706055
100.82755780220032,0.7039999961853027,0.7260000109672546,0.7699999809265137,1.0859999656677246,0.9639999866485596,0.6579999923706055
100.83751726150513,0.6899999976158142,0.7300000190734863,0.7620000243186951,1.090000033378601,0.9580000042915344,0.6579999923706055
100.84761071205139,0.6740000247955322,0.7319999933242798,0.75,1.093999981880188,0.9520000219345092,0.6579999923706055
100.85750031471252,0.6639999747276306,0.734000027179718,0.7400000095367432,1.0959999561309814,0.9459999799728394,0.6579999923706055
100.86738848686218,0.6539999842643738,0.7360000014305115,0.722000002861023,1.100000023841858,0.9300000071525574,0.6579999923706055
100.87743258476257,0.6480000019073486,0.7379999756813049,0.7080000042915344,1.1019999980926514,0.8619999885559082,0.656000018119812
100.88753414154053,0.6480000019073486,0.7400000095367432,0.6959999799728394,1.1039999723434448,0.8100000023841858,0.656000018119812
100.89754271507263,0.6480000019073486,0.7379999756813049,0.6840000152587891,1.1039999723434448,0.7540000081062317,0.656000018119812
100.9074809551239,0.6460000276565552,0.7379999756813049,0.6779999732971191,1.1019999980926514,0.7360000014305115,0.6579999923706055
100.91741681098938,0.6420000195503235,0.734000027179718,0.671999990940094,1.0980000495910645,0.7139999866485596,0.6579999923706055
100.92778968811035,0.6399999856948853,0.7260000109672546,0.6639999747276306,1.0920000076293943,0.7039999961853027,0.6579999923706055
100.93751883506775,0.6399999856948853,0.6919999718666077,0.6420000195503235,1.0800000429153442,0.699999988079071,0.6579999923706055
100.94752264022827,0.6380000114440918,0.6639999747276306,0.6320000290870667,1.059999942779541,0.7120000123977661,0.6579999923706055
100.95746731758118,0.6359999775886536,0.6620000004768372,0.6299999952316284,1.0360000133514404,0.7200000286102295,0.6579999923706055
100.96773290634155,0.6299999952316284,0.6600000262260437,0.628000020980835,0.9959999918937684,0.7059999704360962,0.6600000262260437
100.97760486602783,0.628000020980835,0.656000018119812,0.628000020980835,0.9539999961853028,0.6980000138282776,0.6600000262260437
100.98773312568665,0.628000020980835,0.6539999842643738,0.628000020980835,0.9179999828338624,0.6980000138282776,0.6600000262260437
100.99750757217407,0.628000020980835,0.6520000100135803,0.6320000290870667,0.8579999804496765,0.699999988079071,0.6600000262260437
101.00747561454773,0.628000020980835,0.6480000019073486,0.6359999775886536,0.7680000066757202,0.6840000152587891,0.6600000262260437
101.01735401153564,0.6259999871253967,0.6460000276565552,0.6340000033378601,0.7360000014305115,0.6600000262260437,0.6600000262260437
101.02741765975952,0.6299999952316284,0.6460000276565552,0.6359999775886536,0.7179999947547913,0.6579999923706055,0.6600000262260437
101.0374686717987,0.6299999952316284,0.6460000276565552,0.6359999775886536,0.7160000205039978,0.6579999923706055,0.6700000166893005
101.048100233078,0.6320000290870667,0.6460000276565552,0.6380000114440918,0.7179999947547913,0.656000018119812,0.6639999747276306
101.05760335922241,0.6320000290870667,0.6460000276565552,0.6380000114440918,0.7300000190734863,0.6539999842643738,0.6620000004768372
101.06755661964417,0.6320000290870667,0.6460000276565552,0.6380000114440918,0.7379999756813049,0.6539999842643738,0.6639999747276306
101.07884550094604,0.6320000290870667,0.6460000276565552,0.6359999775886536,0.7419999837875366,0.656000018119812,0.6639999747276306
101.08803677558899,0.6340000033378601,0.6460000276565552,0.6359999775886536,0.7419999837875366,0.656000018119812,0.6639999747276306
101.097336769104,0.6340000033378601,0.6439999938011169,0.6359999775886536,0.7419999837875366,0.656000018119812,0.6639999747276306
101.1074333190918,0.6340000033378601,0.6460000276565552,0.6359999775886536,0.7419999837875366,0.656000018119812,0.6639999747276306
101.11753726005554,0.6340000033378601,0.6460000276565552,0.6359999775886536,0.7419999837875366,0.656000018119812,0.6639999747276306
101.12762928009033,0.6340000033378601,0.6439999938011169,0.6359999775886536,0.7400000095367432,0.656000018119812,0.6639999747276306
101.13738679885864,0.6340000033378601,0.6439999938011169,0.6359999775886536,0.7400000095367432,0.656000018119812,0.6639999747276306
101.1473970413208,0.6340000033378601,0.6439999938011169,0.6359999775886536,0.7400000095367432,0.656000018119812,0.6639999747276306
101.15874171257019,0.6340000033378601,0.6439999938011169,0.6359999775886536,0.7379999756813049,0.656000018119812,0.6639999747276306
101.16736483573914,0.6340000033378601,0.6460000276565552,0.6359999775886536,0.7379999756813049,0.656000018119812,0.6639999747276306
101.17762064933777,0.6340000033378601,0.6460000276565552,0.6359999775886536,0.7379999756813049,0.656000018119812,0.6639999747276306
101.18767046928406,0.6340000033378601,0.6460000276565552,0.6359999775886536,0.7379999756813049,0.656000018119812,0.6639999747276306
101.19750618934631,0.6340000033378601,0.6460000276565552,0.6359999775886536,0.7379999756813049,0.656000018119812,0.6639999747276306
101.20780754089355,0.6340000033378601,0.6460000276565552,0.6359999775886536,0.7360000014305115,0.656000018119812,0.6639999747276306
101.21738243103027,0.6340000033378601,0.6460000276565552,0.6359999775886536,0.7360000014305115,0.656000018119812,0.6639999747276306
101.2274923324585,0.6340000033378601,0.6460000276565552,0.6359999775886536,0.7360000014305115,0.656000018119812,0.6639999747276306
101.23733401298523,0.6340000033378601,0.6439999938011169,0.6359999775886536,0.7360000014305115,0.656000018119812,0.6639999747276306
101.24745774269104,0.6340000033378601,0.6439999938011169,0.6359999775886536,0.7360000014305115,0.656000018119812,0.6639999747276306
101.25787663459778,0.6340000033378601,0.6439999938011169,0.6359999775886536,0.734000027179718,0.656000018119812,0.6639999747276306
101.26767659187317,0.6340000033378601,0.6439999938011169,0.6359999775886536,0.734000027179718,0.656000018119812,0.6639999747276306
101.27854228019714,0.6340000033378601,0.6439999938011169,0.6359999775886536,0.734000027179718,0.656000018119812,0.6639999747276306
101.2893316745758,0.6340000033378601,0.6439999938011169,0.6359999775886536,0.734000027179718,0.656000018119812,0.6639999747276306
101.29905891418457,0.6340000033378601,0.6439999938011169,0.6359999775886536,0.734000027179718,0.656000018119812,0.6639999747276306
101.30973315238953,0.6359999775886536,0.6439999938011169,0.6359999775886536,0.734000027179718,0.656000018119812,0.6639999747276306
101.31790590286255,0.6359999775886536,0.6439999938011169,0.6359999775886536,0.734000027179718,0.656000018119812,0.6639999747276306
101.32806062698364,0.6359999775886536,0.6439999938011169,0.6359999775886536,0.734000027179718,0.656000018119812,0.6639999747276306
101.33840107917786,0.6359999775886536,0.6439999938011169,0.6359999775886536,0.734000027179718,0.656000018119812,0.6639999747276306
101.34829592704773,0.6359999775886536,0.6439999938011169,0.6359999775886536,0.734000027179718,0.656000018119812,0.6639999747276306
101.35876679420471,0.6359999775886536,0.6439999938011169,0.6380000114440918,0.734000027179718,0.656000018119812,0.6639999747276306
101.36806416511536,0.6359999775886536,0.6439999938011169,0.6380000114440918,0.7319999933242798,0.656000018119812,0.6639999747276306
101.37849378585815,0.6359999775886536,0.6439999938011169,0.6380000114440918,0.7319999933242798,0.656000018119812,0.6620000004768372
101.38984322547913,0.6359999775886536,0.6439999938011169,0.6380000114440918,0.7319999933242798,0.656000018119812,0.6620000004768372
101.4004020690918,0.6359999775886536,0.6439999938011169,0.6380000114440918,0.7319999933242798,0.656000018119812,0.6620000004768372
101.4099702835083,0.6359999775886536,0.6439999938011169,0.6380000114440918,0.7319999933242798,0.656000018119812,0.6620000004768372
101.42052245140076,0.6359999775886536,0.6439999938011169,0.6380000114440918,0.7319999933242798,0.656000018119812,0.6620000004768372
101.4282898902893,0.6340000033378601,0.6439999938011169,0.6439999938011169,0.7260000109672546,0.6499999761581421,0.6679999828338623
101.43756103515625,0.6359999775886536,0.6439999938011169,0.6460000276565552,0.7239999771118164,0.6480000019073486,0.6740000247955322
101.44733333587646,0.6380000114440918,0.6439999938011169,0.6520000100135803,0.722000002861023,0.6460000276565552,0.6880000233650208
101.45723223686218,0.6340000033378601,0.6420000195503235,0.6639999747276306,0.7179999947547913,0.6439999938011169,0.7179999947547913
101.4672954082489,0.6299999952316284,0.6420000195503235,0.6620000004768372,0.7099999785423279,0.6499999761581421,0.7239999771118164
101.47771143913269,0.6480000019073486,0.6399999856948853,0.6660000085830688,0.7099999785423279,0.6460000276565552,0.7200000286102295
101.48734378814697,0.6499999761581421,0.6420000195503235,0.6700000166893005,0.7080000042915344,0.6520000100135803,0.7179999947547913
101.49804258346558,0.6480000019073486,0.6420000195503235,0.6819999814033508,0.7239999771118164,0.6660000085830688,0.7139999866485596
101.50728750228882,0.6600000262260437,0.6420000195503235,0.6959999799728394,0.7419999837875366,0.7319999933242798,0.7099999785423279
101.51718854904175,0.6740000247955322,0.6399999856948853,0.7039999961853027,0.7559999823570251,0.7459999918937683,0.7080000042915344
101.52740716934204,0.6919999718666077,0.6399999856948853,0.7139999866485596,0.7720000147819519,0.7680000066757202,0.7059999704360962
101.53724455833435,0.7039999961853027,0.6420000195503235,0.722000002861023,0.7979999780654907,0.7839999794960022,0.7020000219345093
101.54727482795715,0.7120000123977661,0.6439999938011169,0.7260000109672546,0.8220000267028809,0.7960000038146973,0.7020000219345093
101.55735182762146,0.7160000205039978,0.6439999938011169,0.734000027179718,0.8479999899864197,0.8180000185966492,0.699999988079071
101.5674614906311,0.7239999771118164,0.6460000276565552,0.7379999756813049,0.8640000224113464,0.8360000252723694,0.699999988079071
101.57781529426575,0.7279999852180481,0.6499999761581421,0.7419999837875366,0.878000020980835,0.8560000061988831,0.6980000138282776
101.587895154953,0.7300000190734863,0.6499999761581421,0.7480000257492065,0.8960000276565552,0.8700000047683716,0.6959999799728394
101.59876823425293,0.7319999933242798,0.6499999761581421,0.75,0.9039999842643738,0.878000020980835,0.6959999799728394
101.60771989822388,0.7319999933242798,0.6499999761581421,0.7519999742507935,0.9120000004768372,0.8859999775886536,0.6959999799728394
101.61745715141296,0.7319999933242798,0.6520000100135803,0.7540000081062317,0.9139999747276306,0.8880000114440918,0.6940000057220459
101.62761783599854,0.7319999933242798,0.6520000100135803,0.7540000081062317,0.9160000085830688,0.8920000195503235,0.6940000057220459
101.63726568222046,0.734000027179718,0.6520000100135803,0.7559999823570251,0.9160000085830688,0.8939999938011169,0.6919999718666077
101.64730381965637,0.734000027179718,0.6520000100135803,0.7559999823570251,0.9139999747276306,0.8960000276565552,0.6919999718666077
101.65738844871521,0.734000027179718,0.6520000100135803,0.7559999823570251,0.9100000262260436,0.8960000276565552,0.6880000233650208
101.66741681098938,0.734000027179718,0.6520000100135803,0.7559999823570251,0.906000018119812,0.8960000276565552,0.6859999895095825
101.6773374080658,0.7360000014305115,0.6520000100135803,0.7559999823570251,0.9039999842643738,0.8939999938011169,0.6840000152587891
101.68789863586426,0.7360000014305115,0.6520000100135803,0.7559999823570251,0.9020000100135804,0.8939999938011169,0.6819999814033508
101.69742965698242,0.7360000014305115,0.6539999842643738,0.7559999823570251,0.8999999761581421,0.8939999938011169,0.6800000071525574
101.70738887786865,0.7379999756813049,0.6520000100135803,0.7559999823570251,0.8999999761581421,0.8920000195503235,0.6779999732971191
101.71927881240845,0.7379999756813049,0.6539999842643738,0.7559999823570251,0.8999999761581421,0.8920000195503235,0.6779999732971191
101.72748255729675,0.7379999756813049,0.6520000100135803,0.7580000162124634,0.9020000100135804,0.8920000195503235,0.6759999990463257
101.73759126663208,0.7400000095367432,0.6539999842643738,0.7580000162124634,0.9039999842643738,0.8899999856948853,0.6740000247955322
101.74764370918274,0.7400000095367432,0.6539999842643738,0.7599999904632568,0.906000018119812,0.8899999856948853,0.6740000247955322
101.75735974311829,0.7419999837875366,0.6520000100135803,0.7599999904632568,0.9079999923706056,0.8899999856948853,0.671999990940094
101.76756381988525,0.7419999837875366,0.6539999842643738,0.7620000243186951,0.9120000004768372,0.8899999856948853,0.6700000166893005
101.77747964859009,0.7440000176429749,0.6539999842643738,0.7620000243186951,0.9139999747276306,0.8920000195503235,0.6700000166893005
101.78750896453857,0.7459999918937683,0.6539999842643738,0.7639999985694885,0.9179999828338624,0.8920000195503235,0.6700000166893005
101.7977340221405,0.7459999918937683,0.6539999842643738,0.7639999985694885,0.9200000166893004,0.8920000195503235,0.6679999828338623
101.80794954299927,0.7480000257492065,0.6539999842643738,0.765999972820282,0.9240000247955322,0.8939999938011169,0.6700000166893005
101.81737327575684,0.75,0.6539999842643738,0.7680000066757202,0.9340000152587892,0.8980000019073486,0.6700000166893005
101.82859921455383,0.7519999742507935,0.656000018119812,0.7699999809265137,0.9399999976158142,0.8999999761581421,0.6700000166893005
101.83774948120117,0.7519999742507935,0.656000018119812,0.7699999809265137,0.944000005722046,0.9020000100135804,0.6700000166893005
101.84725952148438,0.7519999742507935,0.6579999923706055,0.7720000147819519,0.9480000138282776,0.906000018119812,0.6700000166893005
101.8574800491333,0.7540000081062317,0.6600000262260437,0.7739999890327454,0.9520000219345092,0.9100000262260436,0.6700000166893005
101.8674681186676,0.7540000081062317,0.6639999747276306,0.7739999890327454,0.9559999704360962,0.9139999747276306,0.6700000166893005
101.87738680839539,0.7540000081062317,0.6679999828338623,0.7760000228881836,0.962000012397766,0.9179999828338624,0.6700000166893005
101.88743472099304,0.7540000081062317,0.671999990940094,0.7760000228881836,0.9660000205039978,0.9200000166893004,0.6700000166893005
101.8974540233612,0.7559999823570251,0.6759999990463257,0.777999997138977,0.9679999947547911,0.921999990940094,0.6700000166893005
101.90754795074463,0.7540000081062317,0.6779999732971191,0.777999997138977,0.9700000286102296,0.9240000247955322,0.6679999828338623
101.91755843162537,0.7540000081062317,0.6779999732971191,0.777999997138977,0.9739999771118164,0.9259999990463256,0.6679999828338623
101.92752075195312,0.7540000081062317,0.6819999814033508,0.7799999713897705,0.977999985218048,0.9279999732971193,0.6660000085830688
101.93756937980652,0.7540000081062317,0.6840000152587891,0.7799999713897705,0.9800000190734864,0.9300000071525574,0.6639999747276306
101.9473729133606,0.7540000081062317,0.6859999895095825,0.7799999713897705,0.984000027179718,0.9319999814033508,0.6620000004768372
101.95742201805115,0.7540000081062317,0.6899999976158142,0.7799999713897705,0.9900000095367432,0.9340000152587892,0.6600000262260437
101.96731662750244,0.7519999742507935,0.6919999718666077,0.7799999713897705,0.9940000176429749,0.9340000152587892,0.6579999923706055
101.97726655006409,0.7519999742507935,0.6959999799728394,0.7799999713897705,0.9980000257492064,0.9380000233650208,0.6579999923706055
101.98741149902344,0.75,0.6980000138282776,0.7799999713897705,1.0019999742507937,0.9380000233650208,0.6579999923706055
101.99799251556396,0.75,0.699999988079071,0.7799999713897705,1.00600004196167,0.9399999976158142,0.6579999923706055
102.00754475593567,0.7480000257492065,0.7020000219345093,0.7799999713897705,1.0099999904632568,0.9419999718666076,0.656000018119812
102.0175416469574,0.7480000257492065,0.7039999961853027,0.7799999713897705,1.0119999647140503,0.9419999718666076,0.656000018119812
102.02748036384583,0.7459999918937683,0.7059999704360962,0.7799999713897705,1.0160000324249268,0.944000005722046,0.656000018119812
102.0385639667511,0.7440000176429749,0.7080000042915344,0.7799999713897705,1.02400004863739,0.9459999799728394,0.656000018119812
102.04738187789917,0.7440000176429749,0.7099999785423279,0.7799999713897705,1.0260000228881836,0.9480000138282776,0.656000018119812
102.05744481086731,0.7419999837875366,0.7120000123977661,0.7799999713897705,1.031999945640564,0.949999988079071,0.656000018119812
102.06741404533386,0.7400000095367432,0.7120000123977661,0.7799999713897705,1.034000039100647,0.949999988079071,0.656000018119812
102.0772795677185,0.7379999756813049,0.7139999866485596,0.7799999713897705,1.037999987602234,0.9520000219345092,0.656000018119812
102.0873396396637,0.7360000014305115,0.7179999947547913,0.7799999713897705,1.0440000295639038,0.9539999961853028,0.656000018119812
102.09739446640015,0.734000027179718,0.7179999947547913,0.7799999713897705,1.0479999780654907,0.9559999704360962,0.656000018119812
102.10808682441711,0.7319999933242798,0.7200000286102295,0.7799999713897705,1.0520000457763672,0.9580000042915344,0.656000018119812
102.11736130714417,0.7300000190734863,0.722000002861023,0.7799999713897705,1.059999942779541,0.959999978542328,0.656000018119812
102.12740564346313,0.7279999852180481,0.7239999771118164,0.7799999713897705,1.062000036239624,0.962000012397766,0.656000018119812
102.13744163513184,0.7239999771118164,0.7260000109672546,0.7799999713897705,1.0679999589920044,0.9660000205039978,0.656000018119812
102.14751172065735,0.722000002861023,0.7279999852180481,0.777999997138977,1.0700000524520874,0.9660000205039978,0.656000018119812
102.15742778778076,0.7160000205039978,0.7300000190734863,0.777999997138977,1.0740000009536743,0.9679999947547911,0.656000018119812
102.1679298877716,0.7080000042915344,0.7319999933242798,0.7739999890327454,1.0800000429153442,0.9679999947547911,0.656000018119812
102.17754364013672,0.7020000219345093,0.734000027179718,0.7699999809265137,1.0820000171661377,0.9679999947547911,0.656000018119812
102.18737149238586,0.6919999718666077,0.7379999756813049,0.7639999985694885,1.0880000591278076,0.9679999947547911,0.656000018119812
102.19744777679443,0.6779999732971191,0.7400000095367432,0.7559999823570251,1.090000033378601,0.9639999866485596,0.656000018119812
102.20738577842712,0.6700000166893005,0.7419999837875366,0.7480000257492065,1.093999981880188,0.9639999866485596,0.656000018119812
102.21753263473511,0.6620000004768372,0.7419999837875366,0.7379999756813049,1.0959999561309814,0.959999978542328,0.656000018119812
102.22783899307251,0.656000018119812,0.7440000176429749,0.7239999771118164,1.100000023841858,0.9480000138282776,0.656000018119812
102.23752284049988,0.6520000100135803,0.7459999918937683,0.7120000123977661,1.100000023841858,0.9300000071525574,0.656000018119812
102.24735403060913,0.6480000019073486,0.7459999918937683,0.7020000219345093,1.1019999980926514,0.8700000047683716,0.656000018119812
102.25758862495422,0.6480000019073486,0.7459999918937683,0.6940000057220459,1.1039999723434448,0.8399999737739563,0.656000018119812
102.26759219169617,0.6439999938011169,0.7459999918937683,0.6840000152587891,1.1039999723434448,0.7919999957084656,0.656000018119812
102.27731943130493,0.6420000195503235,0.7440000176429749,0.6759999990463257,1.1019999980926514,0.7680000066757202,0.6579999923706055
102.2877585887909,0.6380000114440918,0.7440000176429749,0.6700000166893005,1.100000023841858,0.7559999823570251,0.6579999923706055
102.29728579521179,0.6359999775886536,0.7419999837875366,0.6660000085830688,1.0959999561309814,0.7379999756813049,0.6579999923706055
102.30729007720947,0.6340000033378601,0.7400000095367432,0.6620000004768372,1.0920000076293943,0.722000002861023,0.6600000262260437
102.31737565994263,0.6340000033378601,0.722000002861023,0.656000018119812,1.0859999656677246,0.6980000138282776,0.6600000262260437
102.32736563682556,0.6340000033378601,0.6919999718666077,0.6399999856948853,1.0740000009536743,0.6880000233650208,0.6600000262260437
102.33807182312012,0.6359999775886536,0.6700000166893005,0.6320000290870667,1.055999994277954,0.6919999718666077,0.6600000262260437
102.34749221801758,0.6320000290870667,0.6639999747276306,0.628000020980835,1.0219999551773071,0.7059999704360962,0.6600000262260437
102.35744380950928,0.6320000290870667,0.6639999747276306,0.628000020980835,0.9819999933242798,0.7059999704360962,0.6600000262260437
102.36739420890808,0.6299999952316284,0.6579999923706055,0.628000020980835,0.949999988079071,0.699999988079071,0.6600000262260437
102.37739777565002,0.6299999952316284,0.6579999923706055,0.6259999871253967,0.9039999842643738,0.699999988079071,0.6600000262260437
102.38743901252747,0.6299999952316284,0.6539999842643738,0.628000020980835,0.8619999885559082,0.7020000219345093,0.6600000262260437
102.39745688438416,0.628000020980835,0.6499999761581421,0.6340000033378601,0.7760000228881836,0.6899999976158142,0.6600000262260437
102.40755224227905,0.628000020980835,0.6480000019073486,0.6320000290870667,0.7379999756813049,0.6579999923706055,0.6600000262260437
102.41742491722107,0.6299999952316284,0.6480000019073486,0.6320000290870667,0.7319999933242798,0.656000018119812,0.6600000262260437
102.42738938331604,0.6320000290870667,0.6480000019073486,0.6320000290870667,0.7239999771118164,0.656000018119812,0.6620000004768372
102.43756031990051,0.6340000033378601,0.6480000019073486,0.6340000033378601,0.7239999771118164,0.656000018119812,0.6679999828338623
102.44742679595947,0.6340000033378601,0.6480000019073486,0.6340000033378601,0.7319999933242798,0.656000018119812,0.6639999747276306
102.45756006240845,0.6340000033378601,0.6480000019073486,0.6340000033378601,0.7360000014305115,0.656000018119812,0.6620000004768372
102.46751880645752,0.6340000033378601,0.6480000019073486,0.6340000033378601,0.7400000095367432,0.656000018119812,0.6620000004768372
102.47850823402405,0.6340000033378601,0.6460000276565552,0.6340000033378601,0.7419999837875366,0.6579999923706055,0.6639999747276306
102.48759460449219,0.6340000033378601,0.6460000276565552,0.6340000033378601,0.7419999837875366,0.6579999923706055,0.6620000004768372
102.49732661247253,0.6340000033378601,0.6460000276565552,0.6340000033378601,0.7419999837875366,0.6579999923706055,0.6620000004768372
102.5074508190155,0.6340000033378601,0.6460000276565552,0.6320000290870667,0.7419999837875366,0.6579999923706055,0.6639999747276306
102.51750230789185,0.6340000033378601,0.6460000276565552,0.6320000290870667,0.7419999837875366,0.6579999923706055,0.6639999747276306
102.5274167060852,0.6340000033378601,0.6460000276565552,0.6320000290870667,0.7419999837875366,0.6579999923706055,0.6639999747276306
102.53804111480713,0.6340000033378601,0.6460000276565552,0.6340000033378601,0.7419999837875366,0.6579999923706055,0.6639999747276306
102.54754900932312,0.6340000033378601,0.6460000276565552,0.6340000033378601,0.7419999837875366,0.6579999923706055,0.6639999747276306
102.55746865272522,0.6340000033378601,0.6460000276565552,0.6340000033378601,0.7419999837875366,0.6579999923706055,0.6639999747276306
102.56759285926819,0.6340000033378601,0.6460000276565552,0.6340000033378601,0.7419999837875366,0.6579999923706055,0.6639999747276306
102.57736325263977,0.6340000033378601,0.6460000276565552,0.6340000033378601,0.7419999837875366,0.6579999923706055,0.6639999747276306
102.58740234375,0.6340000033378601,0.6460000276565552,0.6340000033378601,0.7419999837875366,0.6579999923706055,0.6620000004768372
102.59754395484924,0.6359999775886536,0.6460000276565552,0.6340000033378601,0.7440000176429749,0.6579999923706055,0.6620000004768372
102.60763883590698,0.6359999775886536,0.6460000276565552,0.6340000033378601,0.7440000176429749,0.6579999923706055,0.6620000004768372
102.61750888824463,0.6340000033378601,0.6460000276565552,0.6340000033378601,0.7419999837875366,0.6579999923706055,0.6620000004768372
102.62738823890686,0.6340000033378601,0.6460000276565552,0.6340000033378601,0.7419999837875366,0.6579999923706055,0.6620000004768372
102.6373815536499,0.6340000033378601,0.6460000276565552,0.6340000033378601,0.7440000176429749,0.6579999923706055,0.6620000004768372
102.64748954772949,0.6340000033378601,0.6460000276565552,0.6340000033378601,0.7440000176429749,0.6579999923706055,0.6620000004768372
102.65749931335449,0.6340000033378601,0.6460000276565552,0.6340000033378601,0.7440000176429749,0.6579999923706055,0.6620000004768372
102.6673436164856,0.6340000033378601,0.6460000276565552,0.6340000033378601,0.7440000176429749,0.6579999923706055,0.6620000004768372
102.67740631103516,0.6340000033378601,0.6460000276565552,0.6340000033378601,0.7440000176429749,0.6579999923706055,0.6620000004768372
102.68737816810608,0.6340000033378601,0.6460000276565552,0.6340000033378601,0.7419999837875366,0.6579999923706055,0.6620000004768372
102.6977105140686,0.6340000033378601,0.6460000276565552,0.6340000033378601,0.7419999837875366,0.6579999923706055,0.6620000004768372
102.7074327468872,0.6359999775886536,0.6460000276565552,0.6359999775886536,0.7419999837875366,0.6579999923706055,0.6620000004768372
102.71762895584106,0.6359999775886536,0.6460000276565552,0.6359999775886536,0.7419999837875366,0.6579999923706055,0.6620000004768372
102.72766876220703,0.6359999775886536,0.6460000276565552,0.6359999775886536,0.7419999837875366,0.6579999923706055,0.6620000004768372
102.73761081695557,0.6359999775886536,0.6460000276565552,0.6359999775886536,0.7400000095367432,0.6579999923706055,0.6620000004768372
102.74747776985168,0.6359999775886536,0.6460000276565552,0.6359999775886536,0.7419999837875366,0.6579999923706055,0.6620000004768372
102.75745606422424,0.6359999775886536,0.6460000276565552,0.6359999775886536,0.7419999837875366,0.6579999923706055,0.6620000004768372
102.76743221282959,0.6359999775886536,0.6460000276565552,0.6359999775886536,0.7419999837875366,0.6579999923706055,0.6620000004768372
102.77741074562073,0.6340000033378601,0.6460000276565552,0.6380000114440918,0.7440000176429749,0.6579999923706055,0.6660000085830688
102.78748512268066,0.6340000033378601,0.6460000276565552,0.6420000195503235,0.7419999837875366,0.6539999842643738,0.6740000247955322
102.79797911643982,0.6359999775886536,0.6460000276565552,0.6460000276565552,0.734000027179718,0.6499999761581421,0.6899999976158142
102.80759406089783,0.6380000114440918,0.6460000276565552,0.6539999842643738,0.7360000014305115,0.6460000276565552,0.7160000205039978
102.81746888160706,0.6320000290870667,0.6439999938011169,0.6639999747276306,0.7239999771118164,0.6460000276565552,0.7279999852180481
102.82733154296875,0.6499999761581421,0.6420000195503235,0.6840000152587891,0.722000002861023,0.6380000114440918,0.7279999852180481
102.83748006820679,0.6539999842643738,0.6420000195503235,0.6959999799728394,0.734000027179718,0.6520000100135803,0.722000002861023
102.84743165969849,0.6600000262260437,0.6399999856948853,0.7039999961853027,0.7459999918937683,0.6700000166893005,0.7120000123977661
102.85735630989075,0.6800000071525574,0.6399999856948853,0.7139999866485596,0.7559999823570251,0.734000027179718,0.7080000042915344
102.86736392974854,0.6940000057220459,0.6399999856948853,0.7200000286102295,0.7599999904632568,0.7559999823570251,0.699999988079071
102.87735080718994,0.7080000042915344,0.6399999856948853,0.7239999771118164,0.7699999809265137,0.7699999809265137,0.6959999799728394
102.88742709159851,0.7139999866485596,0.6399999856948853,0.7279999852180481,0.7879999876022339,0.7839999794960022,0.6980000138282776
102.89822196960449,0.7239999771118164,0.6420000195503235,0.7319999933242798,0.8019999861717224,0.7960000038146973,0.6980000138282776
102.90758323669434,0.7300000190734863,0.6399999856948853,0.734000027179718,0.8119999766349792,0.8019999861717224,0.6959999799728394
102.91848921775818,0.734000027179718,0.6420000195503235,0.7379999756813049,0.8180000185966492,0.8059999942779541,0.6959999799728394
102.92754483222961,0.7379999756813049,0.6420000195503235,0.7400000095367432,0.8220000267028809,0.8100000023841858,0.6940000057220459
102.93746042251587,0.7419999837875366,0.6420000195503235,0.7419999837875366,0.8220000267028809,0.8119999766349792,0.6940000057220459
102.9473283290863,0.7440000176429749,0.6439999938011169,0.7440000176429749,0.8220000267028809,0.8100000023841858,0.6919999718666077
102.9573872089386,0.7459999918937683,0.6439999938011169,0.7440000176429749,0.8180000185966492,0.8059999942779541,0.6919999718666077
102.9672954082489,0.7459999918937683,0.6439999938011169,0.7440000176429749,0.8159999847412109,0.8040000200271606,0.6899999976158142
102.97739863395691,0.7480000257492065,0.6439999938011169,0.7440000176429749,0.8080000281333923,0.7979999780654907,0.6880000233650208
102.98755073547363,0.7480000257492065,0.6439999938011169,0.7440000176429749,0.8059999942779541,0.7940000295639038,0.6880000233650208
102.99879264831543,0.75,0.6439999938011169,0.7440000176429749,0.8040000200271606,0.7919999957084656,0.6859999895095825
103.00758862495422,0.75,0.6439999938011169,0.7440000176429749,0.800000011920929,0.7879999876022339,0.6840000152587891
103.01810050010681,0.7519999742507935,0.6439999938011169,0.7440000176429749,0.7960000038146973,0.7860000133514404,0.6819999814033508
103.02738666534424,0.7519999742507935,0.6439999938011169,0.7440000176429749,0.7919999957084656,0.7820000052452087,0.6819999814033508
103.03768634796143,0.7540000081062317,0.6439999938011169,0.7440000176429749,0.7860000133514404,0.7799999713897705,0.6800000071525574
103.04766917228699,0.7540000081062317,0.6439999938011169,0.7440000176429749,0.7820000052452087,0.777999997138977,0.6779999732971191
103.05744743347168,0.7540000081062317,0.6439999938011169,0.7440000176429749,0.7760000228881836,0.7739999890327454,0.6779999732971191
103.06743669509888,0.7559999823570251,0.6439999938011169,0.7440000176429749,0.7720000147819519,0.7720000147819519,0.6779999732971191
103.07736563682556,0.7559999823570251,0.6439999938011169,0.7440000176429749,0.7680000066757202,0.7699999809265137,0.6779999732971191
103.08745789527893,0.7580000162124634,0.6439999938011169,0.7459999918937683,0.7699999809265137,0.7699999809265137,0.6779999732971191
103.09743881225586,0.7580000162124634,0.6439999938011169,0.7459999918937683,0.7720000147819519,0.7699999809265137,0.6779999732971191
103.10784554481506,0.7580000162124634,0.6439999938011169,0.7480000257492065,0.7760000228881836,0.7699999809265137,0.6779999732971191
103.11732888221741,0.7599999904632568,0.6439999938011169,0.75,0.7799999713897705,0.7739999890327454,0.6779999732971191
103.12734341621399,0.7599999904632568,0.6439999938011169,0.75,0.7860000133514404,0.7760000228881836,0.6779999732971191
103.13772368431091,0.7599999904632568,0.6439999938011169,0.7519999742507935,0.7919999957084656,0.777999997138977,0.6800000071525574
103.14753460884094,0.7599999904632568,0.6439999938011169,0.7540000081062317,0.7960000038146973,0.7799999713897705,0.6800000071525574
103.15736842155457,0.7599999904632568,0.6460000276565552,0.7559999823570251,0.800000011920929,0.7820000052452087,0.6800000071525574
103.16740679740906,0.7620000243186951,0.6460000276565552,0.7559999823570251,0.8059999942779541,0.7879999876022339,0.6819999814033508
103.17754650115967,0.7620000243186951,0.6460000276565552,0.7580000162124634,0.8100000023841858,0.7900000214576721,0.6819999814033508
103.1873574256897,0.7620000243186951,0.6460000276565552,0.7599999904632568,0.8140000104904175,0.7919999957084656,0.6819999814033508
103.19807767868042,0.7620000243186951,0.6460000276565552,0.7620000243186951,0.8159999847412109,0.7960000038146973,0.6819999814033508
103.20736289024353,0.7620000243186951,0.6460000276565552,0.7639999985694885,0.8199999928474426,0.800000011920929,0.6819999814033508
103.21738266944885,0.7620000243186951,0.6460000276565552,0.765999972820282,0.8220000267028809,0.8040000200271606,0.6819999814033508
103.2275767326355,0.7639999985694885,0.6460000276565552,0.765999972820282,0.8240000009536743,0.8040000200271606,0.6819999814033508
103.23740005493164,0.7639999985694885,0.6460000276565552,0.7680000066757202,0.8259999752044678,0.8080000281333923,0.6819999814033508
103.24737048149109,0.7639999985694885,0.6460000276565552,0.7680000066757202,0.828000009059906,0.8080000281333923,0.6819999814033508
103.25737690925598,0.7639999985694885,0.6460000276565552,0.7680000066757202,0.828000009059906,0.8100000023841858,0.6800000071525574
103.26796436309814,0.7639999985694885,0.6460000276565552,0.7680000066757202,0.8320000171661377,0.8119999766349792,0.6819999814033508
103.27738356590271,0.7620000243186951,0.6460000276565552,0.7699999809265137,0.8339999914169312,0.8140000104904175,0.6819999814033508
103.28742551803589,0.7620000243186951,0.6460000276565552,0.7699999809265137,0.8360000252723694,0.8159999847412109,0.6819999814033508
103.29743528366089,0.7620000243186951,0.6460000276565552,0.7699999809265137,0.8420000076293945,0.8180000185966492,0.6819999814033508
103.30755043029785,0.7620000243186951,0.6460000276565552,0.7699999809265137,0.8460000157356262,0.8220000267028809,0.6840000152587891
103.3175323009491,0.7599999904632568,0.6460000276565552,0.7699999809265137,0.8500000238418579,0.8259999752044678,0.6840000152587891
103.32729291915894,0.7599999904632568,0.6480000019073486,0.7699999809265137,0.8560000061988831,0.8320000171661377,0.6840000152587891
103.33754801750183,0.7580000162124634,0.6480000019073486,0.7720000147819519,0.8600000143051147,0.8339999914169312,0.6840000152587891
103.34729981422424,0.7580000162124634,0.6480000019073486,0.7720000147819519,0.8619999885559082,0.8399999737739563,0.6840000152587891
103.35752058029175,0.7580000162124634,0.6499999761581421,0.7720000147819519,0.8679999709129333,0.8460000157356262,0.6840000152587891
103.36752247810364,0.7580000162124634,0.6520000100135803,0.7720000147819519,0.8700000047683716,0.8500000238418579,0.6840000152587891
103.37738418579102,0.7559999823570251,0.6520000100135803,0.7739999890327454,0.8759999871253967,0.8560000061988831,0.6819999814033508
103.38742113113403,0.7559999823570251,0.6520000100135803,0.7739999890327454,0.8799999952316284,0.8619999885559082,0.6819999814033508
103.39741253852844,0.7559999823570251,0.6520000100135803,0.7739999890327454,0.8880000114440918,0.871999979019165,0.6800000071525574
103.40900301933289,0.7559999823570251,0.6520000100135803,0.7760000228881836,0.8960000276565552,0.8799999952316284,0.6800000071525574
103.41806483268738,0.7559999823570251,0.6520000100135803,0.7760000228881836,0.9020000100135804,0.8840000033378601,0.6779999732971191
103.42739009857178,0.7559999823570251,0.6520000100135803,0.777999997138977,0.9120000004768372,0.8920000195503235,0.6759999990463257
103.43741202354431,0.7559999823570251,0.6539999842643738,0.777999997138977,0.9179999828338624,0.8960000276565552,0.6740000247955322
103.44731855392456,0.7559999823570251,0.6539999842643738,0.7799999713897705,0.9279999732971193,0.9020000100135804,0.671999990940094
103.45753002166748,0.7559999823570251,0.656000018119812,0.7799999713897705,0.9359999895095824,0.9100000262260436,0.6700000166893005
103.4677197933197,0.7559999823570251,0.656000018119812,0.7799999713897705,0.9399999976158142,0.9139999747276306,0.6679999828338623
103.47752666473389,0.7559999823570251,0.6579999923706055,0.7820000052452087,0.949999988079071,0.921999990940094,0.6679999828338623
103.48730540275574,0.7559999823570251,0.6579999923706055,0.7820000052452087,0.9580000042915344,0.9279999732971193,0.6639999747276306
103.49750328063965,0.7559999823570251,0.6620000004768372,0.7820000052452087,0.9639999866485596,0.9340000152587892,0.6600000262260437
103.50755596160889,0.7540000081062317,0.6679999828338623,0.7839999794960022,0.972000002861023,0.9399999976158142,0.6579999923706055
103.5174822807312,0.7540000081062317,0.671999990940094,0.7839999794960022,0.977999985218048,0.944000005722046,0.656000018119812
103.52754402160645,0.7519999742507935,0.6740000247955322,0.7839999794960022,0.9860000014305116,0.9480000138282776,0.656000018119812
103.53742980957031,0.7519999742507935,0.6779999732971191,0.7839999794960022,0.9940000176429749,0.9539999961853028,0.656000018119812
103.54747581481934,0.75,0.6819999814033508,0.7839999794960022,1.0019999742507937,0.9559999704360962,0.6539999842643738
103.55750250816345,0.75,0.6859999895095825,0.7839999794960022,1.0099999904632568,0.959999978542328,0.6539999842643738
103.56746125221252,0.7440000176429749,0.6899999976158142,0.7839999794960022,1.0180000066757202,0.962000012397766,0.6539999842643738
103.57770228385925,0.7419999837875366,0.6940000057220459,0.7839999794960022,1.02400004863739,0.9639999866485596,0.6539999842643738
103.58731770515442,0.7379999756813049,0.6980000138282776,0.7839999794960022,1.034000039100647,0.9660000205039978,0.6539999842643738
103.5973892211914,0.7319999933242798,0.7020000219345093,0.7839999794960022,1.0420000553131104,0.9660000205039978,0.6539999842643738
103.60739541053772,0.7260000109672546,0.7080000042915344,0.7799999713897705,1.0520000457763672,0.9660000205039978,0.6539999842643738
103.6173632144928,0.7179999947547913,0.7120000123977661,0.7760000228881836,1.059999942779541,0.9639999866485596,0.6539999842643738
103.62752866744995,0.7059999704360962,0.7139999866485596,0.7699999809265137,1.065999984741211,0.962000012397766,0.6539999842643738
103.63747143745422,0.6899999976158142,0.7200000286102295,0.7599999904632568,1.0740000009536743,0.9580000042915344,0.6539999842643738
103.64736485481262,0.6700000166893005,0.7239999771118164,0.7419999837875366,1.0800000429153442,0.949999988079071,0.6539999842643738
103.65751004219055,0.6579999923706055,0.7260000109672546,0.722000002861023,1.0839999914169312,0.9399999976158142,0.6539999842643738
103.66754531860352,0.6460000276565552,0.7260000109672546,0.7059999704360962,1.090000033378601,0.9020000100135804,0.6539999842643738
103.67738580703735,0.6439999938011169,0.7279999852180481,0.6959999799728394,1.090000033378601,0.8320000171661377,0.6539999842643738
103.68747687339783,0.6439999938011169,0.7300000190734863,0.6859999895095825,1.0920000076293943,0.7620000243186951,0.6539999842643738
103.69752931594849,0.6420000195503235,0.7319999933242798,0.6779999732971191,1.090000033378601,0.7300000190734863,0.6539999842643738
103.70738816261292,0.6420000195503235,0.7260000109672546,0.671999990940094,1.0859999656677246,0.7139999866485596,0.6539999842643738
103.71731996536255,0.6399999856948853,0.699999988079071,0.6639999747276306,1.0740000009536743,0.7020000219345093,0.6539999842643738
103.72745823860168,0.6399999856948853,0.6639999747276306,0.6439999938011169,1.0540000200271606,0.699999988079071,0.6539999842643738
103.73742032051086,0.6380000114440918,0.6639999747276306,0.6399999856948853,1.031999945640564,0.7099999785423279,0.656000018119812
103.74765539169312,0.6340000033378601,0.6600000262260437,0.6320000290870667,1.0,0.7179999947547913,0.656000018119812
103.75768423080444,0.6299999952316284,0.6520000100135803,0.6299999952316284,0.9739999771118164,0.7179999947547913,0.656000018119812
103.76741433143616,0.628000020980835,0.6499999761581421,0.6299999952316284,0.9319999814033508,0.7139999866485596,0.656000018119812
103.77730131149292,0.628000020980835,0.6499999761581421,0.6320000290870667,0.8859999775886536,0.7120000123977661,0.656000018119812
103.78752970695496,0.628000020980835,0.6480000019073486,0.6359999775886536,0.8140000104904175,0.7039999961853027,0.656000018119812
103.79724836349487,0.6259999871253967,0.6460000276565552,0.6380000114440918,0.75,0.6740000247955322,0.656000018119812
103.80751943588257,0.628000020980835,0.6460000276565552,0.6359999775886536,0.7300000190734863,0.6579999923706055,0.6579999923706055
103.81762909889221,0.6299999952316284,0.6460000276565552,0.6380000114440918,0.7260000109672546,0.6579999923706055,0.6600000262260437
103.8274474143982,0.6299999952316284,0.6460000276565552,0.6399999856948853,0.7260000109672546,0.656000018119812,0.6679999828338623
103.83745312690735,0.6299999952316284,0.6460000276565552,0.6399999856948853,0.7300000190734863,0.6539999842643738,0.6600000262260437
103.84745717048645,0.6299999952316284,0.6460000276565552,0.6380000114440918,0.7419999837875366,0.656000018119812,0.6600000262260437
103.8579728603363,0.6299999952316284,0.6439999938011169,0.6380000114440918,0.7480000257492065,0.656000018119812,0.6600000262260437
103.86823344230652,0.6320000290870667,0.6439999938011169,0.6359999775886536,0.7480000257492065,0.656000018119812,0.6620000004768372
103.8774688243866,0.6320000290870667,0.6439999938011169,0.6359999775886536,0.7480000257492065,0.656000018119812,0.6620000004768372
103.8874294757843,0.6320000290870667,0.6439999938011169,0.6340000033378601,0.7459999918937683,0.6579999923706055,0.6620000004768372
103.89749264717102,0.6320000290870667,0.6439999938011169,0.6340000033378601,0.7459999918937683,0.6579999923706055,0.6620000004768372
103.90744853019714,0.6320000290870667,0.6439999938011169,0.6340000033378601,0.7459999918937683,0.6579999923706055,0.6620000004768372
103.9194724559784,0.6320000290870667,0.6439999938011169,0.6340000033378601,0.7440000176429749,0.6579999923706055,0.6620000004768372
103.92739653587341,0.6320000290870667,0.6439999938011169,0.6320000290870667,0.7440000176429749,0.6579999923706055,0.6620000004768372
103.93734431266785,0.6320000290870667,0.6439999938011169,0.6320000290870667,0.7440000176429749,0.6579999923706055,0.6620000004768372
103.94731712341309,0.6320000290870667,0.6439999938011169,0.6299999952316284,0.7440000176429749,0.6579999923706055,0.6620000004768372
103.95772981643677,0.6320000290870667,0.6439999938011169,0.6299999952316284,0.7440000176429749,0.6579999923706055,0.6620000004768372
103.96954774856567,0.6320000290870667,0.6439999938011169,0.6299999952316284,0.7440000176429749,0.6600000262260437,0.6620000004768372
103.978098154068,0.6320000290870667,0.6439999938011169,0.6299999952316284,0.7440000176429749,0.6600000262260437,0.6620000004768372
103.988924741745,0.6320000290870667,0.6420000195503235,0.6299999952316284,0.7440000176429749,0.6600000262260437,0.6620000004768372
103.99999189376831,0.6320000290870667,0.6420000195503235,0.6299999952316284,0.7440000176429749,0.6600000262260437,0.6620000004768372
104.00803923606873,0.6320000290870667,0.6420000195503235,0.6299999952316284,0.7419999837875366,0.6600000262260437,0.6620000004768372
104.0185661315918,0.6320000290870667,0.6439999938011169,0.6299999952316284,0.7419999837875366,0.6600000262260437,0.6620000004768372
104.03180480003357,0.6320000290870667,0.6439999938011169,0.6299999952316284,0.7419999837875366,0.6600000262260437,0.6620000004768372
104.038649559021,0.6320000290870667,0.6439999938011169,0.6299999952316284,0.7419999837875366,0.6600000262260437,0.6620000004768372
104.04736280441284,0.6320000290870667,0.6439999938011169,0.6320000290870667,0.7419999837875366,0.6600000262260437,0.6620000004768372
104.05737280845642,0.6320000290870667,0.6439999938011169,0.6320000290870667,0.7419999837875366,0.6600000262260437,0.6620000004768372
104.06805682182312,0.6320000290870667,0.6439999938011169,0.6320000290870667,0.7419999837875366,0.6600000262260437,0.6620000004768372
104.07789778709412,0.6320000290870667,0.6439999938011169,0.6320000290870667,0.7419999837875366,0.6600000262260437,0.6620000004768372
104.08926820755005,0.6320000290870667,0.6439999938011169,0.6340000033378601,0.7419999837875366,0.6600000262260437,0.6620000004768372
104.0981593132019,0.6320000290870667,0.6439999938011169,0.6340000033378601,0.7419999837875366,0.6579999923706055,0.6620000004768372
104.10770010948181,0.6340000033378601,0.6439999938011169,0.6340000033378601,0.7419999837875366,0.656000018119812,0.6600000262260437
104.11778521537781,0.6340000033378601,0.6439999938011169,0.6340000033378601,0.7419999837875366,0.6579999923706055,0.6620000004768372
104.12818479537964,0.6340000033378601,0.6439999938011169,0.6359999775886536,0.7400000095367432,0.656000018119812,0.6600000262260437
104.13805961608887,0.6340000033378601,0.6439999938011169,0.6359999775886536,0.7400000095367432,0.656000018119812,0.6600000262260437
104.14845728874207,0.6340000033378601,0.6439999938011169,0.6359999775886536,0.7379999756813049,0.656000018119812,0.6620000004768372
104.15997982025146,0.6340000033378601,0.6439999938011169,0.6359999775886536,0.7379999756813049,0.656000018119812,0.6600000262260437
104.16786885261536,0.6359999775886536,0.6439999938011169,0.6359999775886536,0.7379999756813049,0.656000018119812,0.6620000004768372
104.1778392791748,0.6320000290870667,0.6439999938011169,0.6420000195503235,0.7360000014305115,0.656000018119812,0.6620000004768372
104.18781614303589,0.6340000033378601,0.6439999938011169,0.6460000276565552,0.7319999933242798,0.6480000019073486,0.6740000247955322
104.20152044296265,0.6380000114440918,0.6439999938011169,0.6520000100135803,0.7260000109672546,0.6460000276565552,0.6899999976158142
104.20960807800293,0.6420000195503235,0.6439999938011169,0.656000018119812,0.7239999771118164,0.6420000195503235,0.7179999947547913
104.2194435596466,0.6340000033378601,0.6439999938011169,0.6679999828338623,0.7139999866485596,0.6439999938011169,0.7279999852180481
104.22896552085876,0.6539999842643738,0.6420000195503235,0.6779999732971191,0.7139999866485596,0.6380000114440918,0.7260000109672546
104.23789381980896,0.6600000262260437,0.6420000195503235,0.6880000233650208,0.722000002861023,0.6460000276565552,0.7179999947547913
104.24739980697632,0.6639999747276306,0.6420000195503235,0.699999988079071,0.7360000014305115,0.6520000100135803,0.7099999785423279
104.25841879844666,0.6819999814033508,0.6399999856948853,0.7099999785423279,0.7419999837875366,0.7160000205039978,0.7059999704360962
104.26737976074219,0.699999988079071,0.6399999856948853,0.7200000286102295,0.75,0.7419999837875366,0.6980000138282776
104.27730751037598,0.7160000205039978,0.6399999856948853,0.7260000109672546,0.7580000162124634,0.765999972820282,0.6959999799728394
104.28729724884033,0.7239999771118164,0.6399999856948853,0.7319999933242798,0.7839999794960022,0.777999997138977,0.6940000057220459
104.29742622375488,0.734000027179718,0.6399999856948853,0.7379999756813049,0.8159999847412109,0.7960000038146973,0.6919999718666077
104.30907917022705,0.7400000095367432,0.6420000195503235,0.7440000176429749,0.8299999833106995,0.8100000023841858,0.6899999976158142
104.3188214302063,0.7440000176429749,0.6420000195503235,0.7480000257492065,0.8379999995231628,0.8159999847412109,0.6899999976158142
104.3274359703064,0.7480000257492065,0.6439999938011169,0.7519999742507935,0.843999981880188,0.8220000267028809,0.6880000233650208
104.3374547958374,0.75,0.6460000276565552,0.7559999823570251,0.8460000157356262,0.8240000009536743,0.6859999895095825
104.34728479385376,0.7519999742507935,0.6460000276565552,0.7580000162124634,0.8479999899864197,0.8240000009536743,0.6840000152587891
104.35738205909729,0.7540000081062317,0.6460000276565552,0.7580000162124634,0.8479999899864197,0.8240000009536743,0.6819999814033508
104.3672571182251,0.7540000081062317,0.6460000276565552,0.7580000162124634,0.8460000157356262,0.8220000267028809,0.6800000071525574
104.37800741195679,0.7559999823570251,0.6460000276565552,0.7599999904632568,0.843999981880188,0.8159999847412109,0.6779999732971191
104.38740110397339,0.7580000162124634,0.6460000276565552,0.7599999904632568,0.8399999737739563,0.8119999766349792,0.6759999990463257
104.39733982086182,0.7580000162124634,0.6460000276565552,0.7599999904632568,0.8379999995231628,0.8059999942779541,0.6740000247955322
104.40888571739197,0.7599999904632568,0.6460000276565552,0.7599999904632568,0.8339999914169312,0.8019999861717224,0.6740000247955322
104.41747236251831,0.7599999904632568,0.6460000276565552,0.7580000162124634,0.8320000171661377,0.7979999780654907,0.671999990940094
104.42747831344604,0.7599999904632568,0.6439999938011169,0.7580000162124634,0.8259999752044678,0.7919999957084656,0.6700000166893005
104.43737411499023,0.7620000243186951,0.6460000276565552,0.7580000162124634,0.8199999928474426,0.7860000133514404,0.6679999828338623
104.44740891456604,0.7620000243186951,0.6439999938011169,0.7580000162124634,0.8140000104904175,0.7820000052452087,0.6679999828338623
104.45728254318237,0.7620000243186951,0.6439999938011169,0.7580000162124634,0.8059999942779541,0.777999997138977,0.6679999828338623
104.46744871139526,0.7620000243186951,0.6439999938011169,0.7580000162124634,0.800000011920929,0.7760000228881836,0.6679999828338623
104.47730255126953,0.7620000243186951,0.6439999938011169,0.7580000162124634,0.7919999957084656,0.7720000147819519,0.6679999828338623
104.48831129074097,0.7639999985694885,0.6439999938011169,0.7580000162124634,0.7860000133514404,0.7699999809265137,0.6679999828338623
104.4973931312561,0.7639999985694885,0.6439999938011169,0.7580000162124634,0.777999997138977,0.7680000066757202,0.6679999828338623
104.50737738609314,0.7639999985694885,0.6439999938011169,0.7580000162124634,0.7760000228881836,0.765999972820282,0.6700000166893005
104.51821637153625,0.7639999985694885,0.6439999938011169,0.7580000162124634,0.7760000228881836,0.765999972820282,0.6700000166893005
104.52805137634277,0.7639999985694885,0.6439999938011169,0.7580000162124634,0.7799999713897705,0.7680000066757202,0.6700000166893005
104.53791308403015,0.765999972820282,0.6439999938011169,0.7599999904632568,0.7860000133514404,0.7680000066757202,0.671999990940094
104.54815983772278,0.765999972820282,0.6439999938011169,0.7599999904632568,0.7919999957084656,0.7720000147819519,0.671999990940094
104.55814623832703,0.765999972820282,0.6439999938011169,0.7620000243186951,0.800000011920929,0.7760000228881836,0.671999990940094
104.56803059577942,0.765999972820282,0.6439999938011169,0.7639999985694885,0.8080000281333923,0.777999997138977,0.6740000247955322
104.577810049057,0.765999972820282,0.6439999938011169,0.7639999985694885,0.8140000104904175,0.7820000052452087,0.6740000247955322
104.58843898773193,0.765999972820282,0.6439999938011169,0.765999972820282,0.8199999928474426,0.7839999794960022,0.6759999990463257
104.60267090797424,0.765999972820282,0.6439999938011169,0.765999972820282,0.8220000267028809,0.7879999876022339,0.6759999990463257
104.60795283317566,0.765999972820282,0.6439999938011169,0.7680000066757202,0.8240000009536743,0.7879999876022339,0.6759999990463257
104.61911940574646,0.765999972820282,0.6439999938011169,0.7680000066757202,0.8240000009536743,0.7900000214576721,0.6779999732971191
104.62890243530273,0.765999972820282,0.6439999938011169,0.7680000066757202,0.8240000009536743,0.7919999957084656,0.6800000071525574
104.63932466506958,0.765999972820282,0.6439999938011169,0.7680000066757202,0.8220000267028809,0.7919999957084656,0.6800000071525574
104.64806580543518,0.765999972820282,0.6439999938011169,0.7680000066757202,0.8220000267028809,0.7919999957084656,0.6819999814033508
104.65854549407959,0.765999972820282,0.6439999938011169,0.765999972820282,0.8220000267028809,0.7919999957084656,0.6819999814033508
104.66756510734558,0.765999972820282,0.6439999938011169,0.765999972820282,0.8220000267028809,0.7919999957084656,0.6819999814033508
104.67730259895325,0.765999972820282,0.6439999938011169,0.765999972820282,0.8240000009536743,0.7919999957084656,0.6819999814033508
104.6874577999115,0.7639999985694885,0.6439999938011169,0.7680000066757202,0.8259999752044678,0.7940000295639038,0.6819999814033508
104.69748783111572,0.7639999985694885,0.6439999938011169,0.7680000066757202,0.8320000171661377,0.7979999780654907,0.6840000152587891
104.70728993415833,0.7620000243186951,0.6439999938011169,0.7680000066757202,0.8339999914169312,0.8019999861717224,0.6859999895095825
104.71854043006897,0.7620000243186951,0.6439999938011169,0.7699999809265137,0.8399999737739563,0.8100000023841858,0.6859999895095825
104.72781467437744,0.7599999904632568,0.6439999938011169,0.7699999809265137,0.843999981880188,0.8140000104904175,0.6880000233650208
104.73734617233276,0.7580000162124634,0.6439999938011169,0.7699999809265137,0.8479999899864197,0.8199999928474426,0.6880000233650208
104.74784755706787,0.7580000162124634,0.6439999938011169,0.7699999809265137,0.8519999980926514,0.8259999752044678,0.6899999976158142
104.75725030899048,0.7559999823570251,0.6439999938011169,0.7699999809265137,0.8560000061988831,0.8320000171661377,0.6899999976158142
104.76726007461548,0.7559999823570251,0.6439999938011169,0.7720000147819519,0.8619999885559082,0.8379999995231628,0.6919999718666077
104.77722096443176,0.7559999823570251,0.6460000276565552,0.7720000147819519,0.8640000224113464,0.8479999899864197,0.6919999718666077
104.7873592376709,0.7540000081062317,0.6460000276565552,0.7720000147819519,0.8679999709129333,0.8539999723434448,0.6919999718666077
104.79746603965759,0.7540000081062317,0.6460000276565552,0.7739999890327454,0.871999979019165,0.8619999885559082,0.6899999976158142
104.80783462524414,0.7540000081062317,0.6460000276565552,0.7739999890327454,0.8759999871253967,0.8659999966621399,0.6880000233650208
104.81757855415344,0.7559999823570251,0.6480000019073486,0.7739999890327454,0.878000020980835,0.871999979019165,0.6859999895095825
104.82766366004944,0.7559999823570251,0.6480000019073486,0.7760000228881836,0.8859999775886536,0.878000020980835,0.6840000152587891
104.83828783035278,0.7559999823570251,0.6499999761581421,0.7760000228881836,0.8920000195503235,0.8820000290870667,0.6819999814033508
104.84918570518494,0.7559999823570251,0.6520000100135803,0.777999997138977,0.8999999761581421,0.8899999856948853,0.6800000071525574
104.85793733596802,0.7559999823570251,0.6520000100135803,0.777999997138977,0.9079999923706056,0.8939999938011169,0.6779999732971191
104.86917543411255,0.7559999823570251,0.6520000100135803,0.7799999713897705,0.9179999828338624,0.9020000100135804,0.6759999990463257
104.87778353691101,0.7559999823570251,0.6539999842643738,0.7820000052452087,0.9300000071525574,0.9120000004768372,0.671999990940094
104.88767743110657,0.7559999823570251,0.6539999842643738,0.7820000052452087,0.9359999895095824,0.9179999828338624,0.6700000166893005
104.89825367927551,0.7559999823570251,0.656000018119812,0.7820000052452087,0.9419999718666076,0.9259999990463256,0.6679999828338623
104.90777063369751,0.7559999823570251,0.656000018119812,0.7839999794960022,0.949999988079071,0.9319999814033508,0.6639999747276306
104.91751623153687,0.7559999823570251,0.656000018119812,0.7839999794960022,0.9559999704360962,0.9359999895095824,0.6600000262260437
104.9286904335022,0.7559999823570251,0.6579999923706055,0.7839999794960022,0.9660000205039978,0.9419999718666076,0.6579999923706055
104.93752527236938,0.7540000081062317,0.6600000262260437,0.7860000133514404,0.9739999771118164,0.9480000138282776,0.656000018119812
104.94940781593323,0.7540000081062317,0.6620000004768372,0.7860000133514404,0.9800000190734864,0.9520000219345092,0.656000018119812
104.95758366584778,0.7540000081062317,0.6700000166893005,0.7860000133514404,0.9879999756813048,0.9559999704360962,0.656000018119812
104.96975350379944,0.7540000081062317,0.6740000247955322,0.7860000133514404,0.9940000176429749,0.9580000042915344,0.6539999842643738
104.97870254516602,0.7519999742507935,0.6779999732971191,0.7860000133514404,1.003999948501587,0.962000012397766,0.6539999842643738
104.98867321014404,0.7480000257492065,0.6840000152587891,0.7860000133514404,1.0140000581741333,0.9639999866485596,0.6539999842643738
104.99827289581299,0.7459999918937683,0.6880000233650208,0.7860000133514404,1.0199999809265137,0.9660000205039978,0.6539999842643738
105.00768160820007,0.7400000095367432,0.6959999799728394,0.7860000133514404,1.0299999713897705,0.9660000205039978,0.6539999842643738
105.01778769493103,0.7360000014305115,0.7020000219345093,0.7839999794960022,1.0399999618530271,0.9660000205039978,0.6539999842643738
105.0274658203125,0.7279999852180481,0.7099999785423279,0.7820000052452087,1.0479999780654907,0.9660000205039978,0.6539999842643738
105.03747129440308,0.7200000286102295,0.7179999947547913,0.777999997138977,1.0579999685287476,0.9639999866485596,0.6539999842643738
105.04858088493347,0.7080000042915344,0.7200000286102295,0.7699999809265137,1.0640000104904177,0.959999978542328,0.6539999842643738
105.05848121643066,0.6899999976158142,0.7260000109672546,0.7580000162124634,1.0720000267028809,0.9539999961853028,0.6539999842643738
105.06774663925171,0.6700000166893005,0.7300000190734863,0.7400000095367432,1.0800000429153442,0.9419999718666076,0.6539999842643738
105.07791018486023,0.6579999923706055,0.7319999933242798,0.722000002861023,1.0839999914169312,0.9319999814033508,0.6520000100135803
105.08773589134216,0.6439999938011169,0.734000027179718,0.7059999704360962,1.0880000591278076,0.8759999871253967,0.6520000100135803
105.09874248504639,0.6439999938011169,0.734000027179718,0.6980000138282776,1.090000033378601,0.8059999942779541,0.6520000100135803
105.10749983787537,0.6439999938011169,0.7379999756813049,0.6880000233650208,1.0880000591278076,0.7519999742507935,0.6539999842643738
105.11792993545532,0.6420000195503235,0.7360000014305115,0.6800000071525574,1.0839999914169312,0.7200000286102295,0.6539999842643738
105.12787294387817,0.6420000195503235,0.7319999933242798,0.671999990940094,1.0800000429153442,0.7059999704360962,0.6539999842643738
105.13765048980713,0.6399999856948853,0.7059999704360962,0.6499999761581421,1.062000036239624,0.7039999961853027,0.6539999842643738
105.14801073074341,0.6359999775886536,0.671999990940094,0.6359999775886536,1.0399999618530271,0.7120000123977661,0.6539999842643738
105.1581678390503,0.6340000033378601,0.6620000004768372,0.6299999952316284,1.0180000066757202,0.7200000286102295,0.6539999842643738
105.16804075241089,0.6299999952316284,0.6620000004768372,0.6299999952316284,0.9800000190734864,0.7059999704360962,0.656000018119812
105.1782693862915,0.6299999952316284,0.6579999923706055,0.628000020980835,0.9459999799728394,0.6959999799728394,0.656000018119812
105.18768167495728,0.628000020980835,0.6579999923706055,0.628000020980835,0.9020000100135804,0.6959999799728394,0.656000018119812
105.20206642150879,0.628000020980835,0.6520000100135803,0.6359999775886536,0.8240000009536743,0.6959999799728394,0.656000018119812
105.20822405815125,0.628000020980835,0.6480000019073486,0.6359999775886536,0.765999972820282,0.6779999732971191,0.656000018119812
105.2179765701294,0.628000020980835,0.6480000019073486,0.6340000033378601,0.7419999837875366,0.6700000166893005,0.6579999923706055
105.22810196876526,0.6299999952316284,0.6480000019073486,0.6359999775886536,0.7300000190734863,0.6600000262260437,0.6660000085830688
105.23831224441528,0.6320000290870667,0.6460000276565552,0.6340000033378601,0.734000027179718,0.656000018119812,0.6660000085830688
105.24761772155762,0.6299999952316284,0.6460000276565552,0.6359999775886536,0.7379999756813049,0.656000018119812,0.6600000262260437
105.25738406181335,0.6299999952316284,0.6460000276565552,0.6359999775886536,0.7480000257492065,0.656000018119812,0.6600000262260437
105.26743650436401,0.6320000290870667,0.6460000276565552,0.6359999775886536,0.7540000081062317,0.6620000004768372,0.6600000262260437
105.27759671211243,0.6320000290870667,0.6460000276565552,0.6340000033378601,0.7540000081062317,0.6639999747276306,0.6600000262260437
105.2883141040802,0.6320000290870667,0.6460000276565552,0.6340000033378601,0.7540000081062317,0.6620000004768372,0.6600000262260437
105.29833030700684,0.6320000290870667,0.6460000276565552,0.6340000033378601,0.7540000081062317,0.6639999747276306,0.6600000262260437
105.30840063095093,0.6320000290870667,0.6460000276565552,0.6340000033378601,0.7540000081062317,0.6639999747276306,0.6600000262260437
105.31879329681396,0.6320000290870667,0.6460000276565552,0.6340000033378601,0.7540000081062317,0.6639999747276306,0.6620000004768372
105.32814955711365,0.6320000290870667,0.6460000276565552,0.6340000033378601,0.7559999823570251,0.6620000004768372,0.6620000004768372
105.3379476070404,0.6320000290870667,0.6460000276565552,0.6340000033378601,0.7540000081062317,0.6620000004768372,0.6620000004768372
105.34859681129456,0.6320000290870667,0.6460000276565552,0.6340000033378601,0.7540000081062317,0.6620000004768372,0.6620000004768372
105.35804533958435,0.6320000290870667,0.6460000276565552,0.6340000033378601,0.7540000081062317,0.6620000004768372,0.6620000004768372
105.36762046813965,0.6320000290870667,0.6460000276565552,0.6340000033378601,0.7540000081062317,0.6639999747276306,0.6620000004768372
105.37744498252869,0.6320000290870667,0.6439999938011169,0.6340000033378601,0.7540000081062317,0.6639999747276306,0.6620000004768372
105.38760805130005,0.6320000290870667,0.6439999938011169,0.6340000033378601,0.7540000081062317,0.6639999747276306,0.6620000004768372
105.39732789993286,0.6320000290870667,0.6460000276565552,0.6340000033378601,0.7540000081062317,0.6639999747276306,0.6620000004768372
105.4077377319336,0.6320000290870667,0.6460000276565552,0.6340000033378601,0.7540000081062317,0.6639999747276306,0.6620000004768372
105.41993641853333,0.6320000290870667,0.6439999938011169,0.6340000033378601,0.7540000081062317,0.6639999747276306,0.6620000004768372
105.42757606506348,0.6340000033378601,0.6460000276565552,0.6340000033378601,0.7519999742507935,0.6620000004768372,0.6620000004768372
105.43845415115356,0.6320000290870667,0.6439999938011169,0.6340000033378601,0.7519999742507935,0.6620000004768372,0.6620000004768372
105.4479296207428,0.6320000290870667,0.6439999938011169,0.6340000033378601,0.7519999742507935,0.6620000004768372,0.6620000004768372
105.45750284194946,0.6320000290870667,0.6460000276565552,0.6340000033378601,0.7519999742507935,0.6620000004768372,0.6620000004768372
105.46750164031982,0.6320000290870667,0.6460000276565552,0.6340000033378601,0.75,0.6620000004768372,0.6620000004768372
105.47743964195251,0.6320000290870667,0.6460000276565552,0.6340000033378601,0.75,0.6620000004768372,0.6620000004768372
105.4875078201294,0.6320000290870667,0.6460000276565552,0.6340000033378601,0.75,0.6600000262260437,0.6620000004768372
105.49739336967468,0.6340000033378601,0.6460000276565552,0.6340000033378601,0.75,0.6579999923706055,0.6620000004768372
105.50746750831604,0.6340000033378601,0.6460000276565552,0.6340000033378601,0.7480000257492065,0.6579999923706055,0.6620000004768372
105.51755690574646,0.6340000033378601,0.6460000276565552,0.6340000033378601,0.7480000257492065,0.6579999923706055,0.6600000262260437
105.52780556678772,0.6340000033378601,0.6460000276565552,0.6340000033378601,0.7459999918937683,0.6579999923706055,0.6600000262260437
105.53821134567261,0.6340000033378601,0.6460000276565552,0.6340000033378601,0.7480000257492065,0.6579999923706055,0.6600000262260437
105.54880881309509,0.6340000033378601,0.6460000276565552,0.6359999775886536,0.7480000257492065,0.6579999923706055,0.6600000262260437
105.55786323547363,0.6340000033378601,0.6460000276565552,0.6359999775886536,0.7459999918937683,0.6579999923706055,0.6620000004768372
105.56751084327698,0.6340000033378601,0.6460000276565552,0.6359999775886536,0.7480000257492065,0.6579999923706055,0.6620000004768372
105.57772421836853,0.6340000033378601,0.6460000276565552,0.6359999775886536,0.7459999918937683,0.6579999923706055,0.6620000004768372
105.58761930465698,0.6340000033378601,0.6439999938011169,0.6399999856948853,0.7459999918937683,0.656000018119812,0.6620000004768372
105.597496509552,0.6340000033378601,0.6439999938011169,0.6439999938011169,0.734000027179718,0.6539999842643738,0.671999990940094
105.60756778717041,0.6359999775886536,0.6439999938011169,0.6499999761581421,0.7300000190734863,0.6480000019073486,0.6859999895095825
105.61757922172546,0.6380000114440918,0.6439999938011169,0.6660000085830688,0.7239999771118164,0.6420000195503235,0.7279999852180481
105.62740898132324,0.6320000290870667,0.6439999938011169,0.671999990940094,0.7179999947547913,0.6480000019073486,0.7319999933242798
105.63758611679077,0.6539999842643738,0.6399999856948853,0.6840000152587891,0.7200000286102295,0.6439999938011169,0.7279999852180481
105.64771842956543,0.6600000262260437,0.6420000195503235,0.6919999718666077,0.734000027179718,0.6539999842643738,0.7160000205039978
105.65872097015381,0.6620000004768372,0.6420000195503235,0.7020000219345093,0.7440000176429749,0.6700000166893005,0.7099999785423279
105.66752648353577,0.6880000233650208,0.6399999856948853,0.7120000123977661,0.7540000081062317,0.7360000014305115,0.7059999704360962
105.67780780792236,0.7020000219345093,0.6399999856948853,0.7179999947547913,0.7639999985694885,0.75,0.6980000138282776
105.68741178512573,0.7160000205039978,0.6399999856948853,0.7239999771118164,0.7799999713897705,0.7699999809265137,0.6959999799728394
105.69757175445557,0.7239999771118164,0.6420000195503235,0.7300000190734863,0.800000011920929,0.7839999794960022,0.6959999799728394
105.70758557319641,0.7300000190734863,0.6420000195503235,0.7360000014305115,0.8140000104904175,0.7940000295639038,0.6940000057220459
105.717524766922,0.7360000014305115,0.6420000195503235,0.7400000095367432,0.8259999752044678,0.8059999942779541,0.6940000057220459
105.72776126861572,0.7400000095367432,0.6439999938011169,0.7440000176429749,0.8360000252723694,0.8159999847412109,0.6919999718666077
105.73753571510315,0.7440000176429749,0.6439999938011169,0.75,0.8460000157356262,0.8259999752044678,0.6919999718666077
105.747398853302,0.7459999918937683,0.6460000276565552,0.7559999823570251,0.8500000238418579,0.8320000171661377,0.6899999976158142
105.75802707672119,0.7480000257492065,0.6460000276565552,0.7580000162124634,0.8519999980926514,0.8360000252723694,0.6880000233650208
105.76766443252563,0.75,0.6460000276565552,0.7599999904632568,0.8539999723434448,0.8399999737739563,0.6859999895095825
105.7776427268982,0.7519999742507935,0.6460000276565552,0.7620000243186951,0.8539999723434448,0.8420000076293945,0.6840000152587891
105.7875006198883,0.7519999742507935,0.6460000276565552,0.7620000243186951,0.8539999723434448,0.8399999737739563,0.6819999814033508
105.79765462875366,0.7540000081062317,0.6460000276565552,0.7639999985694885,0.8519999980926514,0.8399999737739563,0.6800000071525574
105.80744433403015,0.7540000081062317,0.6460000276565552,0.7639999985694885,0.8519999980926514,0.8399999737739563,0.6779999732971191
105.81763172149658,0.7559999823570251,0.6460000276565552,0.7639999985694885,0.8500000238418579,0.8379999995231628,0.6759999990463257
105.82780194282532,0.7559999823570251,0.6480000019073486,0.765999972820282,0.8479999899864197,0.8360000252723694,0.6759999990463257
105.83747673034668,0.7580000162124634,0.6460000276565552,0.765999972820282,0.8460000157356262,0.8339999914169312,0.6740000247955322
105.84748148918152,0.7580000162124634,0.6460000276565552,0.765999972820282,0.843999981880188,0.8339999914169312,0.671999990940094
105.85768508911133,0.7580000162124634,0.6480000019073486,0.765999972820282,0.8420000076293945,0.8299999833106995,0.671999990940094
105.86783933639526,0.7580000162124634,0.6460000276565552,0.765999972820282,0.8420000076293945,0.828000009059906,0.6700000166893005
105.87790846824646,0.7580000162124634,0.6460000276565552,0.765999972820282,0.8420000076293945,0.8259999752044678,0.6679999828338623
105.88763236999512,0.7580000162124634,0.6480000019073486,0.765999972820282,0.8420000076293945,0.8240000009536743,0.6679999828338623
105.89752221107483,0.7599999904632568,0.6480000019073486,0.765999972820282,0.8420000076293945,0.8240000009536743,0.6679999828338623
105.90747618675232,0.7599999904632568,0.6480000019073486,0.7680000066757202,0.8420000076293945,0.8220000267028809,0.6679999828338623
105.91739916801453,0.7599999904632568,0.6480000019073486,0.7680000066757202,0.843999981880188,0.8220000267028809,0.6679999828338623
105.92843127250671,0.7599999904632568,0.6480000019073486,0.7680000066757202,0.8460000157356262,0.8240000009536743,0.6679999828338623
105.93753266334534,0.7599999904632568,0.6480000019073486,0.7699999809265137,0.8479999899864197,0.8240000009536743,0.6679999828338623
105.94769215583801,0.7599999904632568,0.6480000019073486,0.7699999809265137,0.8500000238418579,0.8240000009536743,0.6679999828338623
105.95755410194397,0.7599999904632568,0.6480000019073486,0.7720000147819519,0.8539999723434448,0.8259999752044678,0.6679999828338623
105.96734881401062,0.7620000243186951,0.6480000019073486,0.7720000147819519,0.8560000061988831,0.828000009059906,0.6679999828338623
105.97776889801025,0.7620000243186951,0.6480000019073486,0.7739999890327454,0.8600000143051147,0.8320000171661377,0.6679999828338623
105.98781824111938,0.7620000243186951,0.6480000019073486,0.7739999890327454,0.8619999885559082,0.8320000171661377,0.6679999828338623
105.99759817123413,0.7620000243186951,0.6499999761581421,0.7739999890327454,0.8640000224113464,0.8339999914169312,0.6679999828338623
106.00762605667114,0.7620000243186951,0.6499999761581421,0.7739999890327454,0.8679999709129333,0.8399999737739563,0.6700000166893005
106.0175108909607,0.7620000243186951,0.6499999761581421,0.7760000228881836,0.871999979019165,0.8420000076293945,0.6700000166893005
106.02744913101196,0.7620000243186951,0.6499999761581421,0.7760000228881836,0.8759999871253967,0.8479999899864197,0.6700000166893005
106.03740882873535,0.7620000243186951,0.6499999761581421,0.777999997138977,0.8840000033378601,0.8560000061988831,0.6700000166893005
106.04766416549683,0.7599999904632568,0.6499999761581421,0.777999997138977,0.8920000195503235,0.8619999885559082,0.671999990940094
106.05738878250122,0.7599999904632568,0.6520000100135803,0.777999997138977,0.8999999761581421,0.8740000128746033,0.6740000247955322
106.06748127937317,0.7580000162124634,0.6520000100135803,0.777999997138977,0.9100000262260436,0.8840000033378601,0.6759999990463257
106.07761979103088,0.7580000162124634,0.6539999842643738,0.777999997138977,0.9179999828338624,0.8920000195503235,0.6759999990463257
106.08745312690735,0.7559999823570251,0.6539999842643738,0.7799999713897705,0.9240000247955322,0.8999999761581421,0.6779999732971191
106.09769058227539,0.7559999823570251,0.656000018119812,0.7799999713897705,0.9300000071525574,0.906000018119812,0.6779999732971191
106.1077389717102,0.7540000081062317,0.656000018119812,0.7799999713897705,0.9359999895095824,0.9120000004768372,0.6779999732971191
106.11749982833862,0.7540000081062317,0.656000018119812,0.7799999713897705,0.9399999976158142,0.9179999828338624,0.6779999732971191
106.12800788879395,0.7540000081062317,0.656000018119812,0.7799999713897705,0.944000005722046,0.921999990940094,0.6779999732971191
106.13752174377441,0.7519999742507935,0.656000018119812,0.7799999713897705,0.9480000138282776,0.9279999732971193,0.6759999990463257
106.1474621295929,0.7519999742507935,0.656000018119812,0.7820000052452087,0.9539999961853028,0.9319999814033508,0.6740000247955322
106.15756726264954,0.75,0.656000018119812,0.7820000052452087,0.9580000042915344,0.9340000152587892,0.6740000247955322
106.16742253303528,0.75,0.656000018119812,0.7820000052452087,0.9639999866485596,0.9399999976158142,0.6700000166893005
106.17755246162415,0.75,0.6579999923706055,0.7820000052452087,0.9679999947547911,0.944000005722046,0.6700000166893005
106.18761205673218,0.7480000257492065,0.656000018119812,0.7820000052452087,0.972000002861023,0.9480000138282776,0.6679999828338623
106.19749617576599,0.7480000257492065,0.656000018119812,0.7820000052452087,0.977999985218048,0.9520000219345092,0.6660000085830688
106.20737862586975,0.7459999918937683,0.656000018119812,0.7820000052452087,0.9819999933242798,0.9539999961853028,0.6600000262260437
106.21790766716003,0.7459999918937683,0.656000018119812,0.7839999794960022,0.9860000014305116,0.9580000042915344,0.6579999923706055
106.23042821884155,0.7459999918937683,0.6579999923706055,0.7839999794960022,0.9940000176429749,0.962000012397766,0.6579999923706055
106.23774456977844,0.7440000176429749,0.6579999923706055,0.7839999794960022,1.0,0.9660000205039978,0.6579999923706055
106.24754595756531,0.7440000176429749,0.6579999923706055,0.7839999794960022,1.0080000162124634,0.9700000286102296,0.656000018119812
106.25774121284485,0.7419999837875366,0.6620000004768372,0.7839999794960022,1.0160000324249268,0.972000002861023,0.656000018119812
106.26759123802185,0.7400000095367432,0.6620000004768372,0.7839999794960022,1.02400004863739,0.9739999771118164,0.6539999842643738
106.27756881713867,0.7379999756813049,0.6660000085830688,0.7839999794960022,1.031999945640564,0.9760000109672546,0.6539999842643738
106.28753018379211,0.734000027179718,0.6700000166893005,0.7839999794960022,1.0399999618530271,0.977999985218048,0.6539999842643738
106.29772615432739,0.7300000190734863,0.6740000247955322,0.7839999794960022,1.0520000457763672,0.977999985218048,0.6539999842643738
106.30790972709656,0.7260000109672546,0.6759999990463257,0.7839999794960022,1.0579999685287476,0.9800000190734864,0.6539999842643738
106.31758427619934,0.7179999947547913,0.6819999814033508,0.7820000052452087,1.065999984741211,0.9800000190734864,0.6539999842643738
106.32827687263489,0.7039999961853027,0.6859999895095825,0.7760000228881836,1.0740000009536743,0.977999985218048,0.6539999842643738
106.33753180503845,0.6919999718666077,0.6899999976158142,0.7699999809265137,1.0820000171661377,0.977999985218048,0.6539999842643738
106.3474133014679,0.6759999990463257,0.6980000138282776,0.7599999904632568,1.0859999656677246,0.9739999771118164,0.6539999842643738
106.35743355751038,0.6620000004768372,0.7059999704360962,0.7459999918937683,1.0920000076293943,0.9700000286102296,0.6539999842643738
106.36751818656921,0.6520000100135803,0.7099999785423279,0.7300000190734863,1.0959999561309814,0.962000012397766,0.6520000100135803
106.37755417823792,0.6460000276565552,0.7139999866485596,0.7080000042915344,1.100000023841858,0.9340000152587892,0.6520000100135803
106.38740992546082,0.6439999938011169,0.7160000205039978,0.6959999799728394,1.1039999723434448,0.8640000224113464,0.6520000100135803
106.39741683006287,0.6439999938011169,0.7179999947547913,0.6840000152587891,1.1059999465942385,0.8040000200271606,0.6520000100135803
106.40759515762329,0.6399999856948853,0.7179999947547913,0.6740000247955322,1.1059999465942385,0.7720000147819519,0.6520000100135803
106.41790223121643,0.6380000114440918,0.7139999866485596,0.6679999828338623,1.1039999723434448,0.7620000243186951,0.6539999842643738
106.42814707756042,0.6359999775886536,0.6880000233650208,0.6600000262260437,1.0959999561309814,0.7419999837875366,0.6539999842643738
106.43749952316284,0.6359999775886536,0.6620000004768372,0.6480000019073486,1.0800000429153442,0.7160000205039978,0.6539999842643738
106.44920682907104,0.6380000114440918,0.6600000262260437,0.6380000114440918,1.062000036239624,0.7160000205039978,0.6539999842643738
106.45920729637146,0.6359999775886536,0.6539999842643738,0.6299999952316284,1.027999997138977,0.7179999947547913,0.656000018119812
106.46751022338867,0.6340000033378601,0.6480000019073486,0.628000020980835,0.9959999918937684,0.7239999771118164,0.656000018119812
106.47771525382996,0.6299999952316284,0.6460000276565552,0.628000020980835,0.9539999961853028,0.7200000286102295,0.656000018119812
106.48754525184631,0.6299999952316284,0.6439999938011169,0.628000020980835,0.8999999761581421,0.7160000205039978,0.6579999923706055
106.49736189842224,0.628000020980835,0.6439999938011169,0.6320000290870667,0.843999981880188,0.7139999866485596,0.6579999923706055
106.5076060295105,0.628000020980835,0.6420000195503235,0.6359999775886536,0.7620000243186951,0.6800000071525574,0.6579999923706055
106.51753902435303,0.628000020980835,0.6439999938011169,0.6320000290870667,0.7440000176429749,0.6620000004768372,0.6579999923706055
106.52760601043701,0.6299999952316284,0.6439999938011169,0.6359999775886536,0.7300000190734863,0.6579999923706055,0.6600000262260437
106.53758525848389,0.6320000290870667,0.6439999938011169,0.6380000114440918,0.7300000190734863,0.656000018119812,0.6700000166893005
106.54796409606934,0.6320000290870667,0.6439999938011169,0.6380000114440918,0.7360000014305115,0.6539999842643738,0.6620000004768372
106.55783081054688,0.6320000290870667,0.6420000195503235,0.6380000114440918,0.75,0.6539999842643738,0.6620000004768372
106.56810855865479,0.6320000290870667,0.6420000195503235,0.6359999775886536,0.7580000162124634,0.656000018119812,0.6620000004768372
106.57837343215942,0.6320000290870667,0.6420000195503235,0.6359999775886536,0.7599999904632568,0.656000018119812,0.6620000004768372
106.58753991127014,0.6320000290870667,0.6439999938011169,0.6359999775886536,0.7599999904632568,0.656000018119812,0.6620000004768372
106.59747290611267,0.6320000290870667,0.6439999938011169,0.6359999775886536,0.7580000162124634,0.656000018119812,0.6620000004768372
106.607577085495,0.6320000290870667,0.6420000195503235,0.6359999775886536,0.7580000162124634,0.656000018119812,0.6620000004768372
106.61750602722168,0.6320000290870667,0.6420000195503235,0.6359999775886536,0.7580000162124634,0.656000018119812,0.6620000004768372
106.62755823135376,0.6320000290870667,0.6420000195503235,0.6359999775886536,0.7580000162124634,0.656000018119812,0.6620000004768372
106.63742661476135,0.6320000290870667,0.6420000195503235,0.6359999775886536,0.7580000162124634,0.656000018119812,0.6620000004768372
106.65231156349182,0.6320000290870667,0.6420000195503235,0.6359999775886536,0.7559999823570251,0.656000018119812,0.6620000004768372
106.65751647949219,0.6320000290870667,0.6420000195503235,0.6359999775886536,0.7559999823570251,0.656000018119812,0.6620000004768372
106.66760730743408,0.6320000290870667,0.6420000195503235,0.6359999775886536,0.7559999823570251,0.656000018119812,0.6620000004768372
106.6777765750885,0.6320000290870667,0.6420000195503235,0.6359999775886536,0.7559999823570251,0.656000018119812,0.6620000004768372
106.68749737739563,0.6320000290870667,0.6420000195503235,0.6359999775886536,0.7540000081062317,0.656000018119812,0.6620000004768372
106.69747543334961,0.6320000290870667,0.6420000195503235,0.6359999775886536,0.7540000081062317,0.656000018119812,0.6620000004768372
106.70749258995056,0.6320000290870667,0.6420000195503235,0.6359999775886536,0.7540000081062317,0.656000018119812,0.6620000004768372
106.71756339073181,0.6320000290870667,0.6439999938011169,0.6359999775886536,0.7519999742507935,0.656000018119812,0.6620000004768372
106.7275493144989,0.6340000033378601,0.6420000195503235,0.6359999775886536,0.7519999742507935,0.656000018119812,0.6620000004768372
106.73733854293823,0.6340000033378601,0.6420000195503235,0.6359999775886536,0.75,0.656000018119812,0.6620000004768372
106.74844074249268,0.6340000033378601,0.6420000195503235,0.6359999775886536,0.75,0.656000018119812,0.6620000004768372
106.7588484287262,0.6340000033378601,0.6420000195503235,0.6359999775886536,0.75,0.656000018119812,0.6620000004768372
106.76889657974243,0.6340000033378601,0.6420000195503235,0.6359999775886536,0.7480000257492065,0.656000018119812,0.6620000004768372
106.77901601791382,0.6340000033378601,0.6420000195503235,0.6359999775886536,0.7480000257492065,0.656000018119812,0.6620000004768372
106.78760099411011,0.6340000033378601,0.6420000195503235,0.6359999775886536,0.7459999918937683,0.656000018119812,0.6620000004768372
106.79743027687073,0.6340000033378601,0.6420000195503235,0.6359999775886536,0.7459999918937683,0.656000018119812,0.6620000004768372
106.8074688911438,0.6340000033378601,0.6420000195503235,0.6359999775886536,0.7440000176429749,0.656000018119812,0.6620000004768372
106.81743693351746,0.6340000033378601,0.6439999938011169,0.6359999775886536,0.7440000176429749,0.656000018119812,0.6620000004768372
106.82771325111389,0.6340000033378601,0.6439999938011169,0.6359999775886536,0.7440000176429749,0.656000018119812,0.6620000004768372
106.83730983734131,0.6340000033378601,0.6439999938011169,0.6359999775886536,0.7440000176429749,0.656000018119812,0.6620000004768372
106.84761500358582,0.6340000033378601,0.6439999938011169,0.6359999775886536,0.7440000176429749,0.656000018119812,0.6620000004768372
106.85871315002441,0.6340000033378601,0.6420000195503235,0.6359999775886536,0.7440000176429749,0.656000018119812,0.6620000004768372
106.867684841156,0.6340000033378601,0.6420000195503235,0.6359999775886536,0.7440000176429749,0.6579999923706055,0.6620000004768372
106.87749075889587,0.6359999775886536,0.6439999938011169,0.6359999775886536,0.7440000176429749,0.6579999923706055,0.6620000004768372
106.88739776611328,0.6340000033378601,0.6439999938011169,0.6359999775886536,0.7440000176429749,0.6579999923706055,0.6620000004768372
106.89782881736755,0.6320000290870667,0.6439999938011169,0.6399999856948853,0.7419999837875366,0.656000018119812,0.6639999747276306
106.90768623352051,0.6340000033378601,0.6439999938011169,0.6439999938011169,0.734000027179718,0.6480000019073486,0.6759999990463257
106.9174976348877,0.6359999775886536,0.6439999938011169,0.6480000019073486,0.7319999933242798,0.6480000019073486,0.6919999718666077
106.9277856349945,0.6420000195503235,0.6420000195503235,0.656000018119812,0.7279999852180481,0.6420000195503235,0.7200000286102295
106.9377372264862,0.6340000033378601,0.6399999856948853,0.6660000085830688,0.7179999947547913,0.6439999938011169,0.7260000109672546
106.94737672805786,0.6620000004768372,0.6399999856948853,0.6840000152587891,0.7179999947547913,0.6460000276565552,0.7239999771118164
106.95749282836914,0.6660000085830688,0.6399999856948853,0.6919999718666077,0.7379999756813049,0.6620000004768372,0.7139999866485596
106.96752762794495,0.6639999747276306,0.6420000195503235,0.699999988079071,0.75,0.7039999961853027,0.7099999785423279
106.97737741470337,0.6840000152587891,0.6399999856948853,0.7120000123977661,0.7699999809265137,0.7459999918937683,0.7059999704360962
106.98861241340637,0.6940000057220459,0.6380000114440918,0.7179999947547913,0.7839999794960022,0.765999972820282,0.699999988079071
106.99892210960388,0.7059999704360962,0.6380000114440918,0.7239999771118164,0.8040000200271606,0.7919999957084656,0.6959999799728394
107.00909423828125,0.7139999866485596,0.6399999856948853,0.7300000190734863,0.828000009059906,0.8119999766349792,0.6959999799728394
107.01747965812683,0.7179999947547913,0.6420000195503235,0.734000027179718,0.8460000157356262,0.828000009059906,0.6940000057220459
107.02759575843811,0.7239999771118164,0.6420000195503235,0.7400000095367432,0.8659999966621399,0.8539999723434448,0.6940000057220459
107.03772735595703,0.7300000190734863,0.6439999938011169,0.7440000176429749,0.878000020980835,0.871999979019165,0.6919999718666077
107.0474545955658,0.7319999933242798,0.6439999938011169,0.75,0.8880000114440918,0.8820000290870667,0.6919999718666077
107.0576274394989,0.734000027179718,0.6460000276565552,0.7540000081062317,0.8980000019073486,0.8920000195503235,0.6899999976158142
107.06756019592285,0.734000027179718,0.6480000019073486,0.7559999823570251,0.906000018119812,0.8960000276565552,0.6880000233650208
107.07744884490967,0.734000027179718,0.6499999761581421,0.7580000162124634,0.9079999923706056,0.8999999761581421,0.6880000233650208
107.08738446235657,0.734000027179718,0.6499999761581421,0.7580000162124634,0.9100000262260436,0.9039999842643738,0.6859999895095825
107.09892868995667,0.7360000014305115,0.6499999761581421,0.7580000162124634,0.9100000262260436,0.906000018119812,0.6840000152587891
107.10853314399719,0.7360000014305115,0.6499999761581421,0.7580000162124634,0.9079999923706056,0.906000018119812,0.6819999814033508
107.11746311187744,0.7360000014305115,0.6520000100135803,0.7580000162124634,0.906000018119812,0.9079999923706056,0.6819999814033508
107.1275622844696,0.7360000014305115,0.6520000100135803,0.7599999904632568,0.9039999842643738,0.9079999923706056,0.6800000071525574
107.13946461677551,0.7360000014305115,0.6520000100135803,0.7599999904632568,0.9020000100135804,0.9079999923706056,0.6779999732971191
107.14866209030151,0.7360000014305115,0.6520000100135803,0.7599999904632568,0.9020000100135804,0.9079999923706056,0.6759999990463257
107.15789723396301,0.7360000014305115,0.6520000100135803,0.7599999904632568,0.8999999761581421,0.9079999923706056,0.6759999990463257
107.16751623153687,0.7360000014305115,0.6520000100135803,0.7599999904632568,0.8980000019073486,0.9079999923706056,0.6740000247955322
107.17748522758484,0.7360000014305115,0.6520000100135803,0.7599999904632568,0.8980000019073486,0.9079999923706056,0.6740000247955322
107.18754696846008,0.7360000014305115,0.6520000100135803,0.7599999904632568,0.8980000019073486,0.9079999923706056,0.6740000247955322
107.19748592376709,0.7360000014305115,0.6520000100135803,0.7599999904632568,0.8980000019073486,0.9100000262260436,0.671999990940094
107.20761370658875,0.7379999756813049,0.6520000100135803,0.7599999904632568,0.8999999761581421,0.9100000262260436,0.671999990940094
107.21782207489014,0.7379999756813049,0.6520000100135803,0.7620000243186951,0.9020000100135804,0.9100000262260436,0.671999990940094
107.22756338119507,0.7379999756813049,0.6520000100135803,0.7620000243186951,0.9039999842643738,0.9120000004768372,0.671999990940094
107.23744678497314,0.7400000095367432,0.6520000100135803,0.7639999985694885,0.9079999923706056,0.9139999747276306,0.671999990940094
107.2476589679718,0.7400000095367432,0.6520000100135803,0.7639999985694885,0.9120000004768372,0.9160000085830688,0.6700000166893005
107.25754737854004,0.7419999837875366,0.6539999842643738,0.765999972820282,0.9139999747276306,0.9160000085830688,0.671999990940094
107.26804995536804,0.7419999837875366,0.6539999842643738,0.765999972820282,0.9200000166893004,0.9179999828338624,0.671999990940094
107.27758121490479,0.7419999837875366,0.6520000100135803,0.7680000066757202,0.921999990940094,0.921999990940094,0.6740000247955322
107.28741455078125,0.7440000176429749,0.6520000100135803,0.7680000066757202,0.9259999990463256,0.9240000247955322,0.6740000247955322
107.29767990112305,0.7440000176429749,0.6539999842643738,0.7699999809265137,0.9319999814033508,0.9279999732971193,0.6740000247955322
107.30759406089783,0.7440000176429749,0.6539999842643738,0.7699999809265137,0.9340000152587892,0.9300000071525574,0.6759999990463257
107.31753540039062,0.7440000176429749,0.6539999842643738,0.7720000147819519,0.9380000233650208,0.9359999895095824,0.6759999990463257
107.32749915122986,0.7459999918937683,0.6539999842643738,0.7720000147819519,0.9419999718666076,0.9399999976158142,0.6759999990463257
107.33747887611389,0.7459999918937683,0.6539999842643738,0.7720000147819519,0.944000005722046,0.9419999718666076,0.6759999990463257
107.34802341461182,0.7459999918937683,0.6539999842643738,0.7739999890327454,0.9480000138282776,0.944000005722046,0.6759999990463257
107.35811257362366,0.7459999918937683,0.6539999842643738,0.7739999890327454,0.949999988079071,0.9459999799728394,0.6759999990463257
107.36741471290588,0.7459999918937683,0.6539999842643738,0.7739999890327454,0.9520000219345092,0.9459999799728394,0.6759999990463257
107.37772035598755,0.7459999918937683,0.6539999842643738,0.7760000228881836,0.9539999961853028,0.9480000138282776,0.6759999990463257
107.38756084442139,0.7459999918937683,0.6539999842643738,0.7760000228881836,0.9559999704360962,0.949999988079071,0.6759999990463257
107.39830374717712,0.7459999918937683,0.6539999842643738,0.7760000228881836,0.9580000042915344,0.949999988079071,0.6759999990463257
107.40778589248657,0.7459999918937683,0.656000018119812,0.7760000228881836,0.962000012397766,0.9520000219345092,0.6740000247955322
107.41757535934448,0.7440000176429749,0.656000018119812,0.7760000228881836,0.9639999866485596,0.9520000219345092,0.671999990940094
107.42746472358704,0.7440000176429749,0.656000018119812,0.7760000228881836,0.9679999947547911,0.9520000219345092,0.6700000166893005
107.43780636787415,0.7440000176429749,0.656000018119812,0.7760000228881836,0.972000002861023,0.9539999961853028,0.6700000166893005
107.44794297218323,0.7440000176429749,0.656000018119812,0.7760000228881836,0.9760000109672546,0.9539999961853028,0.6679999828338623
107.45733165740967,0.7440000176429749,0.656000018119812,0.777999997138977,0.9800000190734864,0.9559999704360962,0.6679999828338623
107.46771621704102,0.7419999837875366,0.656000018119812,0.777999997138977,0.984000027179718,0.9559999704360962,0.6660000085830688
107.47781014442444,0.7419999837875366,0.656000018119812,0.777999997138977,0.9879999756813048,0.9580000042915344,0.6620000004768372
107.48741841316223,0.7419999837875366,0.6579999923706055,0.777999997138977,0.9919999837875366,0.959999978542328,0.6600000262260437
107.4977285861969,0.7400000095367432,0.6579999923706055,0.777999997138977,0.9940000176429749,0.962000012397766,0.6579999923706055
107.50808954238892,0.7400000095367432,0.6579999923706055,0.777999997138977,1.0,0.9639999866485596,0.6579999923706055
107.51780796051025,0.7400000095367432,0.6579999923706055,0.7799999713897705,1.003999948501587,0.9639999866485596,0.6579999923706055
107.52748966217041,0.7379999756813049,0.6579999923706055,0.7799999713897705,1.0119999647140503,0.9660000205039978,0.6579999923706055
107.53758096694946,0.7379999756813049,0.6579999923706055,0.7799999713897705,1.0199999809265137,0.9679999947547911,0.656000018119812
107.5474042892456,0.7379999756813049,0.6579999923706055,0.7799999713897705,1.02400004863739,0.9700000286102296,0.656000018119812
107.5574631690979,0.7360000014305115,0.6579999923706055,0.7799999713897705,1.0299999713897705,0.9700000286102296,0.656000018119812
107.56764650344849,0.7360000014305115,0.656000018119812,0.7799999713897705,1.034000039100647,0.972000002861023,0.656000018119812
107.57788443565369,0.734000027179718,0.656000018119812,0.7820000052452087,1.0420000553131104,0.9739999771118164,0.656000018119812
107.58761763572693,0.7300000190734863,0.656000018119812,0.7820000052452087,1.0479999780654907,0.9760000109672546,0.6539999842643738
107.59764409065247,0.7300000190734863,0.6579999923706055,0.7820000052452087,1.0520000457763672,0.9760000109672546,0.6539999842643738
107.60828900337219,0.7260000109672546,0.6579999923706055,0.7820000052452087,1.0579999685287476,0.9800000190734864,0.656000018119812
107.61738634109497,0.7239999771118164,0.6600000262260437,0.7820000052452087,1.065999984741211,0.9819999933242798,0.656000018119812
107.62780404090881,0.722000002861023,0.6660000085830688,0.7799999713897705,1.0700000524520874,0.9819999933242798,0.656000018119812
107.637446641922,0.7139999866485596,0.671999990940094,0.7799999713897705,1.0740000009536743,0.9819999933242798,0.656000018119812
107.64751195907593,0.7080000042915344,0.6759999990463257,0.777999997138977,1.0779999494552612,0.9819999933242798,0.6539999842643738
107.65753293037415,0.6940000057220459,0.6819999814033508,0.7739999890327454,1.0839999914169312,0.9819999933242798,0.6539999842643738
107.66776323318481,0.6779999732971191,0.6880000233650208,0.765999972820282,1.0880000591278076,0.9819999933242798,0.6539999842643738
107.67753481864929,0.6679999828338623,0.6919999718666077,0.7599999904632568,1.0920000076293943,0.9800000190734864,0.6539999842643738
107.68750524520874,0.6579999923706055,0.6959999799728394,0.75,1.093999981880188,0.977999985218048,0.6539999842643738
107.69758176803589,0.6480000019073486,0.699999988079071,0.7319999933242798,1.0980000495910645,0.9739999771118164,0.6539999842643738
107.71050500869751,0.6420000195503235,0.7020000219345093,0.7160000205039978,1.1019999980926514,0.962000012397766,0.6539999842643738
107.7174346446991,0.6399999856948853,0.7039999961853027,0.699999988079071,1.1019999980926514,0.9100000262260436,0.6539999842643738
107.72775316238403,0.6399999856948853,0.7059999704360962,0.6880000233650208,1.1039999723434448,0.8519999980926514,0.6520000100135803
107.73745536804199,0.6380000114440918,0.7120000123977661,0.6759999990463257,1.1039999723434448,0.7940000295639038,0.6520000100135803
107.74749422073364,0.6359999775886536,0.7160000205039978,0.6679999828338623,1.1039999723434448,0.765999972820282,0.6539999842643738
107.76003122329712,0.6359999775886536,0.7099999785423279,0.6639999747276306,1.1019999980926514,0.7580000162124634,0.6539999842643738
107.76743221282959,0.6340000033378601,0.6600000262260437,0.6579999923706055,1.0959999561309814,0.7480000257492065,0.6539999842643738
107.77753114700317,0.6340000033378601,0.6639999747276306,0.6520000100135803,1.0839999914169312,0.7300000190734863,0.6539999842643738
107.7874813079834,0.6359999775886536,0.6620000004768372,0.6420000195503235,1.0720000267028809,0.7160000205039978,0.6539999842643738
107.7975287437439,0.6359999775886536,0.6579999923706055,0.6359999775886536,1.0460000038146973,0.7179999947547913,0.656000018119812
107.8073832988739,0.6359999775886536,0.6520000100135803,0.628000020980835,1.02400004863739,0.7160000205039978,0.656000018119812
107.81780099868774,0.6340000033378601,0.6460000276565552,0.6259999871253967,0.9879999756813048,0.7260000109672546,0.656000018119812
107.82764983177185,0.6299999952316284,0.6439999938011169,0.6259999871253967,0.949999988079071,0.722000002861023,0.6579999923706055
107.83754348754883,0.6299999952316284,0.6439999938011169,0.628000020980835,0.9120000004768372,0.7200000286102295,0.6579999923706055
107.8475878238678,0.628000020980835,0.6420000195503235,0.6299999952316284,0.8420000076293945,0.7200000286102295,0.6579999923706055
107.85743260383606,0.628000020980835,0.6420000195503235,0.6320000290870667,0.7540000081062317,0.6880000233650208,0.6579999923706055
107.86756205558777,0.628000020980835,0.6420000195503235,0.6320000290870667,0.7319999933242798,0.6600000262260437,0.6579999923706055
107.87791275978088,0.6299999952316284,0.6420000195503235,0.6340000033378601,0.7179999947547913,0.6579999923706055,0.6600000262260437
107.88836669921875,0.6299999952316284,0.6420000195503235,0.6359999775886536,0.7200000286102295,0.656000018119812,0.6740000247955322
107.89798617362976,0.6320000290870667,0.6420000195503235,0.6359999775886536,0.7300000190734863,0.656000018119812,0.6620000004768372
107.90775966644287,0.6320000290870667,0.6420000195503235,0.6359999775886536,0.7459999918937683,0.656000018119812,0.6620000004768372
107.9178216457367,0.6320000290870667,0.6420000195503235,0.6359999775886536,0.75,0.656000018119812,0.6620000004768372
107.92798018455505,0.6320000290870667,0.6420000195503235,0.6359999775886536,0.7519999742507935,0.656000018119812,0.6620000004768372
107.9376871585846,0.6320000290870667,0.6420000195503235,0.6359999775886536,0.7519999742507935,0.656000018119812,0.6620000004768372
107.94764542579651,0.6320000290870667,0.6420000195503235,0.6359999775886536,0.7519999742507935,0.6579999923706055,0.6620000004768372
107.95738792419434,0.6320000290870667,0.6420000195503235,0.6359999775886536,0.7519999742507935,0.6579999923706055,0.6620000004768372
107.96754431724548,0.6320000290870667,0.6420000195503235,0.6359999775886536,0.7519999742507935,0.6579999923706055,0.6620000004768372
107.97737956047058,0.6320000290870667,0.6420000195503235,0.6359999775886536,0.75,0.656000018119812,0.6620000004768372
107.98753333091736,0.6320000290870667,0.6420000195503235,0.6359999775886536,0.75,0.6579999923706055,0.6620000004768372
107.99753212928772,0.6340000033378601,0.6420000195503235,0.6359999775886536,0.75,0.6579999923706055,0.6620000004768372
108.00740051269531,0.6340000033378601,0.6420000195503235,0.6359999775886536,0.75,0.6579999923706055,0.6620000004768372
108.01774001121521,0.6340000033378601,0.6420000195503235,0.6359999775886536,0.75,0.6579999923706055,0.6620000004768372
108.02782130241394,0.6340000033378601,0.6420000195503235,0.6359999775886536,0.75,0.6579999923706055,0.6620000004768372
108.03738117218018,0.6340000033378601,0.6420000195503235,0.6359999775886536,0.7480000257492065,0.6579999923706055,0.6620000004768372
108.04775738716125,0.6340000033378601,0.6420000195503235,0.6359999775886536,0.7480000257492065,0.6579999923706055,0.6620000004768372
108.0575942993164,0.6340000033378601,0.6420000195503235,0.6359999775886536,0.7480000257492065,0.6579999923706055,0.6620000004768372
108.06739234924316,0.6340000033378601,0.6420000195503235,0.6359999775886536,0.7480000257492065,0.6579999923706055,0.6620000004768372
108.07768821716309,0.6340000033378601,0.6420000195503235,0.6359999775886536,0.7459999918937683,0.6579999923706055,0.6620000004768372
108.08753991127014,0.6340000033378601,0.6420000195503235,0.6359999775886536,0.7459999918937683,0.6579999923706055,0.6620000004768372
108.09789609909058,0.6340000033378601,0.6420000195503235,0.6359999775886536,0.7459999918937683,0.6579999923706055,0.6620000004768372
108.10744833946228,0.6340000033378601,0.6420000195503235,0.6359999775886536,0.7459999918937683,0.6579999923706055,0.6620000004768372
108.11755228042603,0.6340000033378601,0.6420000195503235,0.6359999775886536,0.7440000176429749,0.6579999923706055,0.6620000004768372
108.12790727615356,0.6340000033378601,0.6420000195503235,0.6359999775886536,0.7440000176429749,0.6579999923706055,0.6620000004768372
108.13754272460938,0.6340000033378601,0.6420000195503235,0.6359999775886536,0.7440000176429749,0.656000018119812,0.6620000004768372
108.14797282218933,0.6340000033378601,0.6420000195503235,0.6359999775886536,0.7419999837875366,0.656000018119812,0.6620000004768372
108.15779066085815,0.6340000033378601,0.6420000195503235,0.6359999775886536,0.7400000095367432,0.656000018119812,0.6620000004768372
108.16743969917297,0.6340000033378601,0.6420000195503235,0.6359999775886536,0.7400000095367432,0.6579999923706055,0.6620000004768372
108.1775107383728,0.6340000033378601,0.6420000195503235,0.6359999775886536,0.7400000095367432,0.6579999923706055,0.6620000004768372
108.1875970363617,0.6340000033378601,0.6420000195503235,0.6359999775886536,0.7400000095367432,0.6579999923706055,0.6620000004768372
108.1973774433136,0.6340000033378601,0.6420000195503235,0.6359999775886536,0.7379999756813049,0.6579999923706055,0.6620000004768372
108.20758485794067,0.6340000033378601,0.6420000195503235,0.6359999775886536,0.7379999756813049,0.6579999923706055,0.6620000004768372
108.21768951416016,0.6340000033378601,0.6420000195503235,0.6359999775886536,0.7400000095367432,0.6579999923706055,0.6620000004768372
108.22750043869019,0.6340000033378601,0.6420000195503235,0.6359999775886536,0.7400000095367432,0.6579999923706055,0.6620000004768372
108.23778891563416,0.6320000290870667,0.6420000195503235,0.6380000114440918,0.7379999756813049,0.6579999923706055,0.6620000004768372
108.24769926071167,0.6320000290870667,0.6420000195503235,0.6439999938011169,0.734000027179718,0.6539999842643738,0.6700000166893005
108.25778913497925,0.6340000033378601,0.6420000195503235,0.6499999761581421,0.7279999852180481,0.6460000276565552,0.6740000247955322
108.26753568649292,0.6380000114440918,0.6420000195503235,0.656000018119812,0.7260000109672546,0.6439999938011169,0.699999988079071
108.27749395370483,0.6340000033378601,0.6399999856948853,0.6679999828338623,0.7120000123977661,0.6420000195503235,0.7239999771118164
108.2875566482544,0.6600000262260437,0.6399999856948853,0.6779999732971191,0.7099999785423279,0.6380000114440918,0.7260000109672546
108.29780673980713,0.6700000166893005,0.6399999856948853,0.6899999976158142,0.7279999852180481,0.6520000100135803,0.7179999947547913
108.30898427963257,0.6679999828338623,0.6399999856948853,0.6959999799728394,0.7440000176429749,0.671999990940094,0.7099999785423279
108.31868124008179,0.6859999895095825,0.6380000114440918,0.7099999785423279,0.7519999742507935,0.7360000014305115,0.7039999961853027
108.32798528671265,0.7039999961853027,0.6380000114440918,0.7200000286102295,0.7720000147819519,0.7639999985694885,0.6959999799728394
108.3434796333313,0.7200000286102295,0.6399999856948853,0.7279999852180481,0.8199999928474426,0.7879999876022339,0.6919999718666077
108.35031843185425,0.7260000109672546,0.6399999856948853,0.7319999933242798,0.8299999833106995,0.7960000038146973,0.6919999718666077
108.3637044429779,0.7319999933242798,0.6399999856948853,0.7379999756813049,0.843999981880188,0.8140000104904175,0.6899999976158142
108.38083982467651,0.7440000176429749,0.6460000276565552,0.75,0.8659999966621399,0.8360000252723694,0.6880000233650208
108.38217163085938,0.7440000176429749,0.6460000276565552,0.7519999742507935,0.8679999709129333,0.8399999737739563,0.6880000233650208
108.3900671005249,0.7459999918937683,0.6480000019073486,0.7559999823570251,0.871999979019165,0.8460000157356262,0.6859999895095825
108.3985366821289,0.75,0.6480000019073486,0.7599999904632568,0.878000020980835,0.8500000238418579,0.6840000152587891
108.40741562843323,0.7519999742507935,0.6480000019073486,0.7620000243186951,0.8799999952316284,0.8560000061988831,0.6800000071525574
108.41736483573914,0.7540000081062317,0.6480000019073486,0.7639999985694885,0.8820000290870667,0.8579999804496765,0.6779999732971191
108.42735409736633,0.7540000081062317,0.6499999761581421,0.7639999985694885,0.8820000290870667,0.8560000061988831,0.6740000247955322
108.43806052207947,0.7559999823570251,0.6499999761581421,0.765999972820282,0.8799999952316284,0.8560000061988831,0.6740000247955322
108.44735646247864,0.7559999823570251,0.6499999761581421,0.765999972820282,0.878000020980835,0.8519999980926514,0.671999990940094
108.45740342140198,0.7580000162124634,0.6499999761581421,0.765999972820282,0.8759999871253967,0.8479999899864197,0.6700000166893005
108.46763300895691,0.7580000162124634,0.6520000100135803,0.765999972820282,0.8759999871253967,0.8460000157356262,0.6679999828338623
108.47756171226501,0.7580000162124634,0.6520000100135803,0.765999972820282,0.8740000128746033,0.8420000076293945,0.6679999828338623
108.48732614517212,0.7580000162124634,0.6520000100135803,0.765999972820282,0.871999979019165,0.8379999995231628,0.6679999828338623
108.49738717079163,0.7599999904632568,0.6520000100135803,0.765999972820282,0.8700000047683716,0.8299999833106995,0.6679999828338623
108.50757217407227,0.7599999904632568,0.6520000100135803,0.765999972820282,0.8679999709129333,0.8199999928474426,0.6660000085830688
108.51734709739685,0.7599999904632568,0.6520000100135803,0.765999972820282,0.8679999709129333,0.8159999847412109,0.6660000085830688
108.52735590934753,0.7599999904632568,0.6539999842643738,0.765999972820282,0.8679999709129333,0.8100000023841858,0.6660000085830688
108.5373752117157,0.7599999904632568,0.6539999842643738,0.7680000066757202,0.8659999966621399,0.8040000200271606,0.6660000085830688
108.54742932319641,0.7599999904632568,0.6539999842643738,0.7680000066757202,0.8659999966621399,0.800000011920929,0.6660000085830688
108.55740237236023,0.7620000243186951,0.6539999842643738,0.7680000066757202,0.8659999966621399,0.7979999780654907,0.6660000085830688
108.56741333007812,0.7620000243186951,0.6539999842643738,0.7680000066757202,0.8679999709129333,0.7979999780654907,0.6660000085830688
108.57743763923645,0.7620000243186951,0.6539999842643738,0.7699999809265137,0.8679999709129333,0.7960000038146973,0.6660000085830688
108.58760666847229,0.7639999985694885,0.656000018119812,0.7699999809265137,0.8700000047683716,0.7960000038146973,0.6660000085830688
108.59730768203735,0.7639999985694885,0.656000018119812,0.7699999809265137,0.8700000047683716,0.7979999780654907,0.6660000085830688
108.60738921165466,0.7639999985694885,0.656000018119812,0.7720000147819519,0.8700000047683716,0.800000011920929,0.6660000085830688
108.61739230155945,0.7639999985694885,0.656000018119812,0.7720000147819519,0.871999979019165,0.8019999861717224,0.6660000085830688
108.62738013267517,0.7639999985694885,0.656000018119812,0.7739999890327454,0.8740000128746033,0.8059999942779541,0.6660000085830688
108.63743257522583,0.765999972820282,0.656000018119812,0.7739999890327454,0.8759999871253967,0.8100000023841858,0.6660000085830688
108.64768314361572,0.765999972820282,0.656000018119812,0.7739999890327454,0.8759999871253967,0.8140000104904175,0.6660000085830688
108.65739321708679,0.765999972820282,0.656000018119812,0.7760000228881836,0.878000020980835,0.8180000185966492,0.6660000085830688
108.66738963127136,0.765999972820282,0.656000018119812,0.7760000228881836,0.878000020980835,0.8220000267028809,0.6660000085830688
108.67741560935974,0.765999972820282,0.656000018119812,0.7760000228881836,0.878000020980835,0.8240000009536743,0.6660000085830688
108.68763637542725,0.765999972820282,0.656000018119812,0.777999997138977,0.8799999952316284,0.828000009059906,0.6679999828338623
108.69738268852234,0.7680000066757202,0.656000018119812,0.777999997138977,0.8799999952316284,0.8299999833106995,0.6660000085830688
108.70730113983154,0.7680000066757202,0.6539999842643738,0.777999997138977,0.8799999952316284,0.8320000171661377,0.6660000085830688
108.71735334396362,0.7680000066757202,0.6539999842643738,0.777999997138977,0.8799999952316284,0.8320000171661377,0.6660000085830688
108.728022813797,0.7680000066757202,0.6539999842643738,0.777999997138977,0.8799999952316284,0.8339999914169312,0.6660000085830688
108.73812437057495,0.7680000066757202,0.6539999842643738,0.777999997138977,0.8799999952316284,0.8339999914169312,0.6679999828338623
108.74785280227661,0.7680000066757202,0.6539999842643738,0.7799999713897705,0.8799999952316284,0.8339999914169312,0.6679999828338623
108.75805330276489,0.7680000066757202,0.6539999842643738,0.777999997138977,0.8799999952316284,0.8360000252723694,0.6679999828338623
108.767817735672,0.765999972820282,0.6539999842643738,0.7799999713897705,0.8840000033378601,0.8399999737739563,0.6679999828338623
108.77817988395691,0.765999972820282,0.6539999842643738,0.7799999713897705,0.8859999775886536,0.843999981880188,0.6679999828338623
108.7888593673706,0.765999972820282,0.6539999842643738,0.7799999713897705,0.8920000195503235,0.8500000238418579,0.6679999828338623
108.79859447479248,0.7639999985694885,0.6539999842643738,0.7799999713897705,0.8980000019073486,0.8539999723434448,0.6700000166893005
108.80825734138489,0.7639999985694885,0.6539999842643738,0.7799999713897705,0.9020000100135804,0.8579999804496765,0.6700000166893005
108.81891584396362,0.7639999985694885,0.6539999842643738,0.7799999713897705,0.9079999923706056,0.8659999966621399,0.6679999828338623
108.82829523086548,0.7620000243186951,0.6539999842643738,0.7799999713897705,0.9120000004768372,0.871999979019165,0.6679999828338623
108.8380138874054,0.7620000243186951,0.6539999842643738,0.7820000052452087,0.9179999828338624,0.878000020980835,0.6700000166893005
108.84769582748413,0.7599999904632568,0.656000018119812,0.7820000052452087,0.9240000247955322,0.8820000290870667,0.6679999828338623
108.85819411277771,0.7599999904632568,0.6579999923706055,0.7820000052452087,0.9300000071525574,0.8859999775886536,0.6679999828338623
108.86884498596191,0.7599999904632568,0.6620000004768372,0.7820000052452087,0.9359999895095824,0.8899999856948853,0.6679999828338623
108.87786793708801,0.7599999904632568,0.6639999747276306,0.7820000052452087,0.9419999718666076,0.8960000276565552,0.6660000085830688
108.88891553878784,0.7599999904632568,0.6679999828338623,0.7839999794960022,0.9459999799728394,0.8980000019073486,0.6639999747276306
108.89829111099243,0.7599999904632568,0.671999990940094,0.7839999794960022,0.9520000219345092,0.9039999842643738,0.6620000004768372
108.90894722938538,0.7599999904632568,0.6759999990463257,0.7839999794960022,0.9580000042915344,0.9079999923706056,0.6620000004768372
108.91843366622925,0.7599999904632568,0.6779999732971191,0.7839999794960022,0.9660000205039978,0.9139999747276306,0.6620000004768372
108.92770028114319,0.7599999904632568,0.6840000152587891,0.7839999794960022,0.972000002861023,0.9179999828338624,0.6600000262260437
108.93756794929504,0.7599999904632568,0.6859999895095825,0.7839999794960022,0.9760000109672546,0.921999990940094,0.6600000262260437
108.94719648361206,0.7580000162124634,0.6919999718666077,0.7860000133514404,0.9819999933242798,0.9259999990463256,0.6579999923706055
108.95727562904358,0.7580000162124634,0.6959999799728394,0.7860000133514404,0.9900000095367432,0.9300000071525574,0.6579999923706055
108.96718001365662,0.7580000162124634,0.699999988079071,0.7860000133514404,0.9980000257492064,0.9340000152587892,0.6579999923706055
108.9773440361023,0.7580000162124634,0.7059999704360962,0.7860000133514404,1.00600004196167,0.9380000233650208,0.6579999923706055
108.98785424232483,0.7580000162124634,0.7080000042915344,0.7860000133514404,1.0119999647140503,0.9399999976158142,0.6579999923706055
108.99738121032715,0.7540000081062317,0.7120000123977661,0.7860000133514404,1.0199999809265137,0.944000005722046,0.6579999923706055
109.00789952278137,0.7519999742507935,0.7160000205039978,0.7860000133514404,1.027999997138977,0.9459999799728394,0.6579999923706055
109.01735162734985,0.7459999918937683,0.7200000286102295,0.7860000133514404,1.0360000133514404,0.9459999799728394,0.6579999923706055
109.02740836143494,0.7419999837875366,0.7239999771118164,0.7839999794960022,1.0460000038146973,0.9480000138282776,0.6579999923706055
109.03723311424255,0.734000027179718,0.7260000109672546,0.7820000052452087,1.0540000200271606,0.9480000138282776,0.6579999923706055
109.04742169380188,0.7300000190734863,0.7279999852180481,0.7799999713897705,1.059999942779541,0.9480000138282776,0.6579999923706055
109.05741143226624,0.722000002861023,0.7319999933242798,0.7739999890327454,1.0679999589920044,0.9459999799728394,0.6579999923706055
109.06772637367249,0.7099999785423279,0.7319999933242798,0.7680000066757202,1.0720000267028809,0.944000005722046,0.6579999923706055
109.07903265953064,0.6940000057220459,0.734000027179718,0.7580000162124634,1.0800000429153442,0.9359999895095824,0.6579999923706055
109.0883297920227,0.6819999814033508,0.7360000014305115,0.7459999918937683,1.0839999914169312,0.9300000071525574,0.6579999923706055
109.09865355491638,0.6679999828338623,0.7360000014305115,0.734000027179718,1.0859999656677246,0.921999990940094,0.6579999923706055
109.11011624336243,0.6539999842643738,0.7379999756813049,0.7260000109672546,1.0880000591278076,0.906000018119812,0.6579999923706055
109.11885261535645,0.6420000195503235,0.7379999756813049,0.7099999785423279,1.0880000591278076,0.8619999885559082,0.6579999923706055
109.1297504901886,0.6380000114440918,0.7379999756813049,0.7039999961853027,1.0859999656677246,0.7900000214576721,0.6579999923706055
109.14020681381226,0.6359999775886536,0.7379999756813049,0.6940000057220459,1.0820000171661377,0.7440000176429749,0.6579999923706055
109.15026783943176,0.6359999775886536,0.7360000014305115,0.6899999976158142,1.0759999752044678,0.722000002861023,0.6579999923706055
109.16024088859558,0.6380000114440918,0.734000027179718,0.6840000152587891,1.065999984741211,0.7120000123977661,0.6600000262260437
109.16847801208496,0.6399999856948853,0.7239999771118164,0.6740000247955322,1.0499999523162842,0.7080000042915344,0.6600000262260437
109.17826128005981,0.6380000114440918,0.6940000057220459,0.6639999747276306,1.031999945640564,0.7039999961853027,0.6600000262260437
109.19445061683655,0.6340000033378601,0.6620000004768372,0.6439999938011169,1.0019999742507937,0.7139999866485596,0.6600000262260437
109.1993339061737,0.6299999952316284,0.6600000262260437,0.6359999775886536,0.9760000109672546,0.7160000205039978,0.6600000262260437
109.21139287948608,0.6299999952316284,0.6600000262260437,0.6320000290870667,0.9419999718666076,0.7080000042915344,0.6600000262260437
109.21808123588562,0.6299999952316284,0.656000018119812,0.6340000033378601,0.8939999938011169,0.7020000219345093,0.6600000262260437
109.22821712493896,0.6299999952316284,0.6539999842643738,0.6399999856948853,0.8460000157356262,0.7039999961853027,0.6600000262260437
109.23812103271484,0.628000020980835,0.6499999761581421,0.6439999938011169,0.7760000228881836,0.6880000233650208,0.6600000262260437
109.24717140197754,0.628000020980835,0.6480000019073486,0.6420000195503235,0.7419999837875366,0.6579999923706055,0.6600000262260437
109.25737619400024,0.628000020980835,0.6460000276565552,0.6420000195503235,0.7400000095367432,0.656000018119812,0.6600000262260437
109.2672929763794,0.628000020980835,0.6480000019073486,0.6420000195503235,0.7379999756813049,0.656000018119812,0.6600000262260437
109.27723789215088,0.628000020980835,0.6460000276565552,0.6399999856948853,0.7360000014305115,0.656000018119812,0.6600000262260437
109.28714108467102,0.6299999952316284,0.6460000276565552,0.6399999856948853,0.7360000014305115,0.656000018119812,0.6660000085830688
109.29743456840515,0.6299999952316284,0.6460000276565552,0.6399999856948853,0.7360000014305115,0.656000018119812,0.6639999747276306
109.3072943687439,0.6299999952316284,0.6460000276565552,0.6399999856948853,0.7379999756813049,0.6539999842643738,0.6620000004768372
109.31727766990662,0.6320000290870667,0.6460000276565552,0.6399999856948853,0.7400000095367432,0.6539999842643738,0.6620000004768372
109.32732343673706,0.6320000290870667,0.6460000276565552,0.6380000114440918,0.7419999837875366,0.656000018119812,0.6620000004768372
109.33787131309509,0.6320000290870667,0.6460000276565552,0.6380000114440918,0.7419999837875366,0.656000018119812,0.6620000004768372
109.3473494052887,0.6320000290870667,0.6460000276565552,0.6380000114440918,0.7419999837875366,0.656000018119812,0.6620000004768372
109.35724472999573,0.6320000290870667,0.6460000276565552,0.6380000114440918,0.7419999837875366,0.656000018119812,0.6620000004768372
109.36734795570374,0.6320000290870667,0.6460000276565552,0.6380000114440918,0.7419999837875366,0.656000018119812,0.6620000004768372
109.37732148170471,0.6320000290870667,0.6460000276565552,0.6380000114440918,0.7419999837875366,0.656000018119812,0.6620000004768372
109.38820433616638,0.6320000290870667,0.6460000276565552,0.6380000114440918,0.7419999837875366,0.656000018119812,0.6620000004768372
109.39758658409119,0.6320000290870667,0.6460000276565552,0.6380000114440918,0.7419999837875366,0.6539999842643738,0.6620000004768372
109.40849590301514,0.6320000290870667,0.6460000276565552,0.6380000114440918,0.7400000095367432,0.6539999842643738,0.6620000004768372
109.41880440711975,0.6320000290870667,0.6460000276565552,0.6380000114440918,0.7400000095367432,0.6539999842643738,0.6620000004768372
109.4286596775055,0.6320000290870667,0.6460000276565552,0.6380000114440918,0.7400000095367432,0.6539999842643738,0.6620000004768372
109.43873643875122,0.6320000290870667,0.6460000276565552,0.6380000114440918,0.7400000095367432,0.6539999842643738,0.6620000004768372
109.44845724105835,0.6320000290870667,0.6460000276565552,0.6380000114440918,0.7400000095367432,0.6539999842643738,0.6620000004768372
109.45779323577881,0.6320000290870667,0.6460000276565552,0.6380000114440918,0.7400000095367432,0.6539999842643738,0.6620000004768372
109.46847462654114,0.6320000290870667,0.6460000276565552,0.6380000114440918,0.7400000095367432,0.656000018119812,0.6620000004768372
109.47818899154663,0.6320000290870667,0.6460000276565552,0.6359999775886536,0.7400000095367432,0.656000018119812,0.6620000004768372
109.48806357383728,0.6320000290870667,0.6460000276565552,0.6359999775886536,0.7400000095367432,0.656000018119812,0.6620000004768372
109.49792003631592,0.6320000290870667,0.6460000276565552,0.6380000114440918,0.7400000095367432,0.656000018119812,0.6620000004768372
109.50875496864319,0.6320000290870667,0.6460000276565552,0.6380000114440918,0.7400000095367432,0.656000018119812,0.6620000004768372
109.51994299888611,0.6320000290870667,0.6460000276565552,0.6380000114440918,0.7400000095367432,0.656000018119812,0.6620000004768372
109.52919888496399,0.6320000290870667,0.6460000276565552,0.6380000114440918,0.7400000095367432,0.656000018119812,0.6620000004768372
109.54222989082336,0.6320000290870667,0.6460000276565552,0.6380000114440918,0.7400000095367432,0.656000018119812,0.6620000004768372
109.54816126823425,0.6320000290870667,0.6460000276565552,0.6380000114440918,0.7400000095367432,0.656000018119812,0.6620000004768372
109.55742335319519,0.6320000290870667,0.6460000276565552,0.6380000114440918,0.7379999756813049,0.656000018119812,0.6620000004768372
109.56725454330444,0.6340000033378601,0.6460000276565552,0.6380000114440918,0.7379999756813049,0.656000018119812,0.6620000004768372
109.5773274898529,0.6340000033378601,0.6460000276565552,0.6380000114440918,0.7379999756813049,0.6539999842643738,0.6620000004768372
109.58729243278503,0.6340000033378601,0.6460000276565552,0.6380000114440918,0.7379999756813049,0.656000018119812,0.6620000004768372
109.59721422195435,0.6340000033378601,0.6460000276565552,0.6380000114440918,0.7379999756813049,0.656000018119812,0.6620000004768372
109.60728335380554,0.6340000033378601,0.6460000276565552,0.6380000114440918,0.7400000095367432,0.656000018119812,0.6620000004768372
109.61742949485779,0.6340000033378601,0.6460000276565552,0.6380000114440918,0.7379999756813049,0.656000018119812,0.6620000004768372
109.6273353099823,0.6340000033378601,0.6460000276565552,0.6380000114440918,0.7400000095367432,0.656000018119812,0.6620000004768372
109.63723850250244,0.6340000033378601,0.6460000276565552,0.6380000114440918,0.7400000095367432,0.656000018119812,0.6620000004768372
109.64763593673706,0.6340000033378601,0.6439999938011169,0.6460000276565552,0.7360000014305115,0.6539999842643738,0.6679999828338623
109.6572573184967,0.6340000033378601,0.6439999938011169,0.6480000019073486,0.7279999852180481,0.6539999842643738,0.6840000152587891
109.66724801063538,0.6420000195503235,0.6439999938011169,0.6600000262260437,0.7279999852180481,0.6439999938011169,0.7139999866485596
109.67730641365051,0.6399999856948853,0.6439999938011169,0.6679999828338623,0.7179999947547913,0.6420000195503235,0.7279999852180481
109.68732571601868,0.656000018119812,0.6399999856948853,0.6880000233650208,0.7160000205039978,0.6359999775886536,0.7279999852180481
109.69751214981079,0.6660000085830688,0.6399999856948853,0.7020000219345093,0.7160000205039978,0.6520000100135803,0.7239999771118164
109.70749402046204,0.6679999828338623,0.6420000195503235,0.7059999704360962,0.7379999756813049,0.6539999842643738,0.7139999866485596
109.7175817489624,0.6919999718666077,0.6399999856948853,0.7179999947547913,0.7440000176429749,0.722000002861023,0.7080000042915344
109.72733187675476,0.7039999961853027,0.6399999856948853,0.722000002861023,0.7480000257492065,0.7379999756813049,0.699999988079071
109.73751950263977,0.7160000205039978,0.6399999856948853,0.7260000109672546,0.7519999742507935,0.7599999904632568,0.6980000138282776
109.74739360809326,0.7260000109672546,0.6399999856948853,0.7300000190734863,0.7620000243186951,0.7699999809265137,0.6980000138282776
109.75751423835754,0.7319999933242798,0.6420000195503235,0.734000027179718,0.777999997138977,0.777999997138977,0.6980000138282776
109.76751971244812,0.7379999756813049,0.6420000195503235,0.7379999756813049,0.7900000214576721,0.7860000133514404,0.6980000138282776
109.77745914459229,0.7400000095367432,0.6399999856948853,0.7419999837875366,0.7940000295639038,0.7900000214576721,0.6980000138282776
109.78746557235718,0.7440000176429749,0.6420000195503235,0.7440000176429749,0.800000011920929,0.7940000295639038,0.6959999799728394
109.79736709594727,0.7459999918937683,0.6420000195503235,0.7459999918937683,0.8019999861717224,0.7940000295639038,0.6940000057220459
109.80762910842896,0.7480000257492065,0.6439999938011169,0.7480000257492065,0.8019999861717224,0.7940000295639038,0.6919999718666077
109.81736588478088,0.75,0.6439999938011169,0.7480000257492065,0.8019999861717224,0.7919999957084656,0.6919999718666077
109.82794976234436,0.75,0.6439999938011169,0.7480000257492065,0.800000011920929,0.7919999957084656,0.6919999718666077
109.83729124069214,0.7519999742507935,0.6439999938011169,0.7480000257492065,0.7979999780654907,0.7900000214576721,0.6899999976158142
109.84738421440125,0.7519999742507935,0.6439999938011169,0.7480000257492065,0.7940000295639038,0.7879999876022339,0.6880000233650208
109.85737490653992,0.7519999742507935,0.6439999938011169,0.75,0.7940000295639038,0.7879999876022339,0.6880000233650208
109.8674066066742,0.7519999742507935,0.6439999938011169,0.75,0.7919999957084656,0.7879999876022339,0.6859999895095825
109.87729501724243,0.7540000081062317,0.6439999938011169,0.75,0.7900000214576721,0.7879999876022339,0.6840000152587891
109.88763499259949,0.7540000081062317,0.6439999938011169,0.75,0.7900000214576721,0.7879999876022339,0.6819999814033508
109.89898180961609,0.7540000081062317,0.6439999938011169,0.7519999742507935,0.7879999876022339,0.7879999876022339,0.6819999814033508
109.90757250785828,0.7559999823570251,0.6420000195503235,0.7519999742507935,0.7860000133514404,0.7860000133514404,0.6819999814033508
109.91737627983093,0.7559999823570251,0.6439999938011169,0.7519999742507935,0.7860000133514404,0.7860000133514404,0.6800000071525574
109.92739462852478,0.7580000162124634,0.6439999938011169,0.7519999742507935,0.7839999794960022,0.7839999794960022,0.6800000071525574
109.93740153312683,0.7580000162124634,0.6439999938011169,0.7519999742507935,0.7839999794960022,0.7839999794960022,0.6800000071525574
109.94726729393005,0.7580000162124634,0.6439999938011169,0.7540000081062317,0.7860000133514404,0.7839999794960022,0.6779999732971191
109.95749020576477,0.7580000162124634,0.6439999938011169,0.7559999823570251,0.7879999876022339,0.7860000133514404,0.6779999732971191
109.96755409240723,0.7599999904632568,0.6439999938011169,0.7559999823570251,0.7900000214576721,0.7860000133514404,0.6779999732971191
109.97742533683777,0.7599999904632568,0.6439999938011169,0.7580000162124634,0.7940000295639038,0.7860000133514404,0.6779999732971191
109.98738765716553,0.7599999904632568,0.6439999938011169,0.7599999904632568,0.7960000038146973,0.7879999876022339,0.6759999990463257
109.99834823608398,0.7620000243186951,0.6439999938011169,0.7620000243186951,0.7979999780654907,0.7900000214576721,0.6759999990463257
110.0074520111084,0.7620000243186951,0.6460000276565552,0.7639999985694885,0.8019999861717224,0.7919999957084656,0.6759999990463257
110.01733541488647,0.7620000243186951,0.6460000276565552,0.765999972820282,0.8059999942779541,0.7940000295639038,0.6759999990463257
110.02746605873108,0.7620000243186951,0.6460000276565552,0.765999972820282,0.8080000281333923,0.7960000038146973,0.6759999990463257
110.0373547077179,0.7620000243186951,0.6460000276565552,0.7680000066757202,0.8100000023841858,0.800000011920929,0.6759999990463257
110.04757714271545,0.7639999985694885,0.6460000276565552,0.7680000066757202,0.8140000104904175,0.8019999861717224,0.6779999732971191
110.0574803352356,0.7639999985694885,0.6460000276565552,0.7699999809265137,0.8180000185966492,0.8059999942779541,0.6779999732971191
110.06737780570984,0.7639999985694885,0.6460000276565552,0.7699999809265137,0.8220000267028809,0.8080000281333923,0.6779999732971191
110.07728481292725,0.7639999985694885,0.6460000276565552,0.7720000147819519,0.8259999752044678,0.8119999766349792,0.6779999732971191
110.08730101585388,0.7620000243186951,0.6460000276565552,0.7720000147819519,0.8320000171661377,0.8140000104904175,0.6800000071525574
110.09781193733215,0.7620000243186951,0.6460000276565552,0.7720000147819519,0.8379999995231628,0.8180000185966492,0.6819999814033508
110.1105465888977,0.7620000243186951,0.6460000276565552,0.7720000147819519,0.843999981880188,0.8240000009536743,0.6819999814033508
110.11774134635925,0.7599999904632568,0.6460000276565552,0.7739999890327454,0.8500000238418579,0.8360000252723694,0.6840000152587891
110.12741661071777,0.7580000162124634,0.6480000019073486,0.7739999890327454,0.8579999804496765,0.8460000157356262,0.6859999895095825
110.13756251335144,0.7580000162124634,0.6480000019073486,0.7739999890327454,0.8619999885559082,0.8579999804496765,0.6880000233650208
110.14741325378418,0.7580000162124634,0.6480000019073486,0.7760000228881836,0.8659999966621399,0.8659999966621399,0.6880000233650208
110.15862250328064,0.7580000162124634,0.6480000019073486,0.7760000228881836,0.871999979019165,0.871999979019165,0.6880000233650208
110.16754722595215,0.7580000162124634,0.6480000019073486,0.7760000228881836,0.8759999871253967,0.878000020980835,0.6880000233650208
110.17742466926575,0.7580000162124634,0.6480000019073486,0.777999997138977,0.8820000290870667,0.8820000290870667,0.6859999895095825
110.18746066093445,0.7559999823570251,0.6520000100135803,0.777999997138977,0.8880000114440918,0.8880000114440918,0.6840000152587891
110.19747376441956,0.7559999823570251,0.6520000100135803,0.777999997138977,0.8920000195503235,0.8920000195503235,0.6819999814033508
110.20743131637573,0.7559999823570251,0.6539999842643738,0.7799999713897705,0.9039999842643738,0.8980000019073486,0.6800000071525574
110.21864604949951,0.7559999823570251,0.6539999842643738,0.7799999713897705,0.9120000004768372,0.9039999842643738,0.6779999732971191
110.22747373580933,0.7559999823570251,0.6539999842643738,0.7799999713897705,0.9179999828338624,0.9079999923706056,0.6759999990463257
110.23743748664856,0.7559999823570251,0.6539999842643738,0.7799999713897705,0.9259999990463256,0.9139999747276306,0.671999990940094
110.24745988845825,0.7540000081062317,0.656000018119812,0.7820000052452087,0.9319999814033508,0.9179999828338624,0.6700000166893005
110.25737166404724,0.7540000081062317,0.656000018119812,0.7820000052452087,0.9380000233650208,0.921999990940094,0.6679999828338623
110.26771473884583,0.7540000081062317,0.6579999923706055,0.7820000052452087,0.9419999718666076,0.9279999732971193,0.6679999828338623
110.27741289138794,0.7540000081062317,0.6579999923706055,0.7820000052452087,0.9480000138282776,0.9319999814033508,0.6660000085830688
110.28738069534302,0.7519999742507935,0.6579999923706055,0.7839999794960022,0.9539999961853028,0.9359999895095824,0.6620000004768372
110.29738163948059,0.7519999742507935,0.6579999923706055,0.7839999794960022,0.9580000042915344,0.9399999976158142,0.6600000262260437
110.30740523338318,0.7519999742507935,0.6579999923706055,0.7839999794960022,0.9660000205039978,0.9459999799728394,0.6579999923706055
110.3173816204071,0.7519999742507935,0.6600000262260437,0.7839999794960022,0.9739999771118164,0.9520000219345092,0.656000018119812
110.3284227848053,0.75,0.6639999747276306,0.7860000133514404,0.977999985218048,0.9559999704360962,0.656000018119812
110.33765578269958,0.75,0.6700000166893005,0.7860000133514404,0.9860000014305116,0.959999978542328,0.656000018119812
110.34733605384827,0.75,0.6740000247955322,0.7860000133514404,0.9940000176429749,0.962000012397766,0.6539999842643738
110.35749793052673,0.75,0.6779999732971191,0.7860000133514404,1.0019999742507937,0.9660000205039978,0.6539999842643738
110.36744952201843,0.7459999918937683,0.6800000071525574,0.7860000133514404,1.0099999904632568,0.9700000286102296,0.6539999842643738
110.37723922729492,0.7440000176429749,0.6840000152587891,0.7860000133514404,1.0160000324249268,0.972000002861023,0.6539999842643738
110.38754463195801,0.7400000095367432,0.6880000233650208,0.7860000133514404,1.0260000228881836,0.9739999771118164,0.6539999842643738
110.39740061759949,0.734000027179718,0.6899999976158142,0.7860000133514404,1.034000039100647,0.9760000109672546,0.6539999842643738
110.40748834609985,0.7300000190734863,0.6940000057220459,0.7839999794960022,1.0420000553131104,0.9760000109672546,0.6539999842643738
110.41751456260681,0.722000002861023,0.6980000138282776,0.7820000052452087,1.0520000457763672,0.9760000109672546,0.6539999842643738
110.42752981185913,0.7120000123977661,0.7039999961853027,0.7799999713897705,1.059999942779541,0.9760000109672546,0.6539999842643738
110.4378752708435,0.7020000219345093,0.7099999785423279,0.7739999890327454,1.065999984741211,0.9760000109672546,0.6539999842643738
110.44800400733948,0.6840000152587891,0.7160000205039978,0.765999972820282,1.0740000009536743,0.972000002861023,0.6539999842643738
110.4574224948883,0.6740000247955322,0.7179999947547913,0.7559999823570251,1.0800000429153442,0.9679999947547911,0.6520000100135803
110.46735143661499,0.6600000262260437,0.7239999771118164,0.7379999756813049,1.0859999656677246,0.962000012397766,0.6520000100135803
110.4773383140564,0.6480000019073486,0.7279999852180481,0.7200000286102295,1.090000033378601,0.944000005722046,0.6520000100135803
110.48775458335876,0.6439999938011169,0.7279999852180481,0.7080000042915344,1.093999981880188,0.9039999842643738,0.6520000100135803
110.49758195877075,0.6439999938011169,0.7300000190734863,0.6940000057220459,1.0959999561309814,0.8299999833106995,0.6520000100135803
110.50744938850403,0.6439999938011169,0.734000027179718,0.6840000152587891,1.0959999561309814,0.7760000228881836,0.6520000100135803
110.5173397064209,0.6420000195503235,0.734000027179718,0.6779999732971191,1.0959999561309814,0.7559999823570251,0.6539999842643738
110.52777314186096,0.6399999856948853,0.7279999852180481,0.671999990940094,1.090000033378601,0.7379999756813049,0.6539999842643738
110.53763914108276,0.6380000114440918,0.7160000205039978,0.6660000085830688,1.0839999914169312,0.7239999771118164,0.6539999842643738
110.54771876335144,0.6380000114440918,0.6779999732971191,0.6600000262260437,1.0700000524520874,0.7059999704360962,0.656000018119812
110.55748462677002,0.6380000114440918,0.6639999747276306,0.6420000195503235,1.0460000038146973,0.7080000042915344,0.656000018119812
110.56738805770874,0.6380000114440918,0.6620000004768372,0.6359999775886536,1.02400004863739,0.7120000123977661,0.656000018119812
110.57731246948242,0.6340000033378601,0.6520000100135803,0.6299999952316284,0.9879999756813048,0.7179999947547913,0.656000018119812
110.58751654624939,0.6299999952316284,0.6499999761581421,0.628000020980835,0.949999988079071,0.7200000286102295,0.656000018119812
110.59756541252136,0.6299999952316284,0.6480000019073486,0.6299999952316284,0.9120000004768372,0.7200000286102295,0.656000018119812
110.60753893852234,0.6299999952316284,0.6460000276565552,0.6340000033378601,0.8519999980926514,0.7179999947547913,0.656000018119812
110.617844581604,0.6299999952316284,0.6439999938011169,0.6380000114440918,0.7799999713897705,0.6980000138282776,0.656000018119812
110.62744688987732,0.628000020980835,0.6439999938011169,0.6359999775886536,0.7360000014305115,0.6579999923706055,0.6579999923706055
110.63758063316345,0.6299999952316284,0.6439999938011169,0.6380000114440918,0.7179999947547913,0.656000018119812,0.6600000262260437
110.64788722991943,0.6299999952316284,0.6439999938011169,0.6380000114440918,0.7179999947547913,0.656000018119812,0.6740000247955322
110.65752148628235,0.6320000290870667,0.6439999938011169,0.6399999856948853,0.7200000286102295,0.656000018119812,0.6620000004768372
110.66792583465576,0.6320000290870667,0.6439999938011169,0.6380000114440918,0.7300000190734863,0.6539999842643738,0.6600000262260437
110.6774275302887,0.6320000290870667,0.6439999938011169,0.6380000114440918,0.7400000095367432,0.6539999842643738,0.6600000262260437
110.68741035461426,0.6320000290870667,0.6439999938011169,0.6380000114440918,0.7419999837875366,0.6539999842643738,0.6620000004768372
110.69764876365662,0.6340000033378601,0.6439999938011169,0.6380000114440918,0.7440000176429749,0.6539999842643738,0.6620000004768372
110.70744824409485,0.6340000033378601,0.6439999938011169,0.6359999775886536,0.7440000176429749,0.6539999842643738,0.6620000004768372
110.71773433685303,0.6340000033378601,0.6439999938011169,0.6359999775886536,0.7440000176429749,0.656000018119812,0.6620000004768372
110.72740721702576,0.6340000033378601,0.6439999938011169,0.6359999775886536,0.7440000176429749,0.656000018119812,0.6620000004768372
110.73742532730103,0.6340000033378601,0.6439999938011169,0.6359999775886536,0.7440000176429749,0.6539999842643738,0.6620000004768372
110.74760961532593,0.6340000033378601,0.6439999938011169,0.6359999775886536,0.7440000176429749,0.6539999842643738,0.6620000004768372
110.75763821601868,0.6340000033378601,0.6439999938011169,0.6359999775886536,0.7440000176429749,0.6539999842643738,0.6620000004768372
110.76781153678894,0.6340000033378601,0.6439999938011169,0.6359999775886536,0.7440000176429749,0.6539999842643738,0.6620000004768372
110.77729392051697,0.6340000033378601,0.6439999938011169,0.6359999775886536,0.7440000176429749,0.6539999842643738,0.6620000004768372
110.7875063419342,0.6340000033378601,0.6439999938011169,0.6359999775886536,0.7440000176429749,0.6539999842643738,0.6620000004768372
110.79729461669922,0.6340000033378601,0.6439999938011169,0.6359999775886536,0.7440000176429749,0.6539999842643738,0.6620000004768372
110.80754828453064,0.6340000033378601,0.6439999938011169,0.6359999775886536,0.7459999918937683,0.6539999842643738,0.6620000004768372
110.81785035133362,0.6340000033378601,0.6439999938011169,0.6359999775886536,0.7459999918937683,0.6539999842643738,0.6620000004768372
110.82726645469666,0.6340000033378601,0.6439999938011169,0.6359999775886536,0.7459999918937683,0.6539999842643738,0.6620000004768372
110.8374342918396,0.6340000033378601,0.6439999938011169,0.6359999775886536,0.7440000176429749,0.6539999842643738,0.6620000004768372
110.84747767448425,0.6340000033378601,0.6439999938011169,0.6359999775886536,0.7440000176429749,0.6539999842643738,0.6620000004768372
110.8577241897583,0.6340000033378601,0.6439999938011169,0.6359999775886536,0.7440000176429749,0.6539999842643738,0.6620000004768372
110.86754035949707,0.6340000033378601,0.6439999938011169,0.6340000033378601,0.7440000176429749,0.6539999842643738,0.6620000004768372
110.87738537788391,0.6340000033378601,0.6439999938011169,0.6340000033378601,0.7440000176429749,0.6539999842643738,0.6620000004768372
110.8873360157013,0.6340000033378601,0.6439999938011169,0.6359999775886536,0.7419999837875366,0.6539999842643738,0.6620000004768372
110.89753460884094,0.6340000033378601,0.6439999938011169,0.6359999775886536,0.7419999837875366,0.6539999842643738,0.6620000004768372
110.90737962722778,0.6340000033378601,0.6439999938011169,0.6340000033378601,0.7419999837875366,0.6539999842643738,0.6620000004768372
110.91874432563782,0.6340000033378601,0.6439999938011169,0.6359999775886536,0.7419999837875366,0.6539999842643738,0.6620000004768372
110.92747187614441,0.6340000033378601,0.6439999938011169,0.6359999775886536,0.7419999837875366,0.6539999842643738,0.6620000004768372
110.93760108947754,0.6359999775886536,0.6439999938011169,0.6359999775886536,0.7400000095367432,0.6539999842643738,0.6620000004768372
110.94749808311462,0.6359999775886536,0.6439999938011169,0.6359999775886536,0.7400000095367432,0.656000018119812,0.6600000262260437
110.95750045776367,0.6359999775886536,0.6439999938011169,0.6359999775886536,0.7400000095367432,0.656000018119812,0.6600000262260437
110.96754574775696,0.6359999775886536,0.6439999938011169,0.6359999775886536,0.7400000095367432,0.656000018119812,0.6600000262260437
110.97772407531738,0.6359999775886536,0.6439999938011169,0.6359999775886536,0.7419999837875366,0.6579999923706055,0.6600000262260437
110.98766326904297,0.6340000033378601,0.6439999938011169,0.6380000114440918,0.7400000095367432,0.656000018119812,0.6620000004768372
110.99744081497192,0.6340000033378601,0.6439999938011169,0.6439999938011169,0.7400000095367432,0.6480000019073486,0.6740000247955322
111.00750374794006,0.6359999775886536,0.6439999938011169,0.6499999761581421,0.734000027179718,0.6460000276565552,0.6919999718666077
111.01739287376404,0.6439999938011169,0.6439999938011169,0.656000018119812,0.7300000190734863,0.6420000195503235,0.7160000205039978
111.0273368358612,0.6420000195503235,0.6399999856948853,0.656000018119812,0.7200000286102295,0.6420000195503235,0.7239999771118164
111.0375144481659,0.6460000276565552,0.6399999856948853,0.6759999990463257,0.7200000286102295,0.6359999775886536,0.7239999771118164
111.04761028289795,0.671999990940094,0.6399999856948853,0.6899999976158142,0.7239999771118164,0.6359999775886536,0.7179999947547913
111.05737328529358,0.6819999814033508,0.6420000195503235,0.7020000219345093,0.7440000176429749,0.6460000276565552,0.7120000123977661
111.06748390197754,0.6980000138282776,0.6399999856948853,0.7120000123977661,0.7519999742507935,0.6980000138282776,0.7039999961853027
111.07748365402222,0.7139999866485596,0.6399999856948853,0.722000002861023,0.7639999985694885,0.734000027179718,0.6919999718666077
111.08738255500793,0.7239999771118164,0.6399999856948853,0.7260000109672546,0.7820000052452087,0.7599999904632568,0.6899999976158142
111.09738612174988,0.734000027179718,0.6399999856948853,0.734000027179718,0.8119999766349792,0.7799999713897705,0.6899999976158142
111.10827326774597,0.7400000095367432,0.6420000195503235,0.7419999837875366,0.8360000252723694,0.8019999861717224,0.6880000233650208
111.11814403533936,0.7440000176429749,0.6439999938011169,0.7480000257492065,0.8479999899864197,0.8159999847412109,0.6880000233650208
111.12794017791748,0.7459999918937683,0.6460000276565552,0.7540000081062317,0.8579999804496765,0.828000009059906,0.6859999895095825
111.13732814788818,0.7480000257492065,0.6460000276565552,0.7580000162124634,0.8640000224113464,0.8339999914169312,0.6819999814033508
111.14746356010437,0.75,0.6460000276565552,0.7599999904632568,0.8679999709129333,0.8379999995231628,0.6800000071525574
111.15744829177856,0.7519999742507935,0.6460000276565552,0.7639999985694885,0.871999979019165,0.843999981880188,0.6779999732971191
111.16877961158752,0.7540000081062317,0.6460000276565552,0.7639999985694885,0.871999979019165,0.843999981880188,0.6759999990463257
111.17741179466248,0.7540000081062317,0.6460000276565552,0.7639999985694885,0.871999979019165,0.843999981880188,0.6740000247955322
111.18738341331482,0.7559999823570251,0.6460000276565552,0.765999972820282,0.871999979019165,0.8420000076293945,0.6740000247955322
111.19740629196167,0.7559999823570251,0.6460000276565552,0.765999972820282,0.8700000047683716,0.8399999737739563,0.671999990940094
111.20858955383301,0.7559999823570251,0.6460000276565552,0.765999972820282,0.8700000047683716,0.8379999995231628,0.671999990940094
111.21814846992493,0.7559999823570251,0.6460000276565552,0.765999972820282,0.8679999709129333,0.8360000252723694,0.6700000166893005
111.22732377052307,0.7559999823570251,0.6480000019073486,0.765999972820282,0.8679999709129333,0.8320000171661377,0.6679999828338623
111.23845171928406,0.7580000162124634,0.6480000019073486,0.765999972820282,0.8679999709129333,0.828000009059906,0.6679999828338623
111.24734282493591,0.7580000162124634,0.6480000019073486,0.765999972820282,0.8659999966621399,0.8240000009536743,0.6679999828338623
111.25754761695862,0.7580000162124634,0.6480000019073486,0.765999972820282,0.8659999966621399,0.8180000185966492,0.6679999828338623
111.26733660697937,0.7580000162124634,0.6480000019073486,0.765999972820282,0.8659999966621399,0.8159999847412109,0.6679999828338623
111.27736830711365,0.7580000162124634,0.6480000019073486,0.7680000066757202,0.8659999966621399,0.8140000104904175,0.6679999828338623
111.28731560707092,0.7580000162124634,0.6480000019073486,0.7680000066757202,0.8659999966621399,0.8119999766349792,0.6679999828338623
111.2973849773407,0.7580000162124634,0.6480000019073486,0.7680000066757202,0.8659999966621399,0.8119999766349792,0.6679999828338623
111.30743622779846,0.7580000162124634,0.6480000019073486,0.7680000066757202,0.8659999966621399,0.8100000023841858,0.6679999828338623
111.3173816204071,0.7580000162124634,0.6480000019073486,0.7680000066757202,0.8659999966621399,0.8100000023841858,0.6679999828338623
111.32743620872498,0.7580000162124634,0.6480000019073486,0.7680000066757202,0.8659999966621399,0.8119999766349792,0.6679999828338623
111.33769083023071,0.7580000162124634,0.6480000019073486,0.7680000066757202,0.8679999709129333,0.8119999766349792,0.6679999828338623
111.34868693351746,0.7599999904632568,0.6480000019073486,0.7699999809265137,0.8679999709129333,0.8140000104904175,0.6679999828338623
111.35747408866882,0.7599999904632568,0.6480000019073486,0.7699999809265137,0.8700000047683716,0.8180000185966492,0.6679999828338623
111.36757302284241,0.7599999904632568,0.6480000019073486,0.7720000147819519,0.871999979019165,0.8220000267028809,0.6679999828338623
111.37733173370361,0.7599999904632568,0.6480000019073486,0.7720000147819519,0.871999979019165,0.8259999752044678,0.6679999828338623
111.38746547698975,0.7599999904632568,0.6480000019073486,0.7720000147819519,0.8740000128746033,0.8299999833106995,0.6700000166893005
111.39743113517761,0.7599999904632568,0.6499999761581421,0.7720000147819519,0.8759999871253967,0.8339999914169312,0.6700000166893005
111.4073634147644,0.7620000243186951,0.6480000019073486,0.7739999890327454,0.8759999871253967,0.8379999995231628,0.671999990940094
111.41770124435425,0.7620000243186951,0.6499999761581421,0.7739999890327454,0.878000020980835,0.8399999737739563,0.671999990940094
111.42763590812683,0.7620000243186951,0.6499999761581421,0.7739999890327454,0.878000020980835,0.8420000076293945,0.6740000247955322
111.43756890296936,0.7620000243186951,0.6499999761581421,0.7739999890327454,0.8820000290870667,0.8460000157356262,0.6740000247955322
111.44885182380676,0.7599999904632568,0.6499999761581421,0.7739999890327454,0.8859999775886536,0.8500000238418579,0.6759999990463257
111.45757389068604,0.7599999904632568,0.6499999761581421,0.7760000228881836,0.8920000195503235,0.8519999980926514,0.6759999990463257
111.46737551689148,0.7599999904632568,0.6499999761581421,0.7760000228881836,0.8960000276565552,0.8600000143051147,0.6779999732971191
111.47739267349243,0.7580000162124634,0.6520000100135803,0.7760000228881836,0.9020000100135804,0.8679999709129333,0.6779999732971191
111.48747277259827,0.7580000162124634,0.6520000100135803,0.7760000228881836,0.906000018119812,0.8759999871253967,0.6800000071525574
111.49733781814575,0.7559999823570251,0.6520000100135803,0.7760000228881836,0.9120000004768372,0.8840000033378601,0.6800000071525574
111.50741362571716,0.7559999823570251,0.6520000100135803,0.777999997138977,0.9139999747276306,0.8899999856948853,0.6800000071525574
111.517493724823,0.7559999823570251,0.6520000100135803,0.777999997138977,0.9200000166893004,0.8960000276565552,0.6800000071525574
111.52737951278687,0.7540000081062317,0.6520000100135803,0.777999997138977,0.9259999990463256,0.9020000100135804,0.6800000071525574
111.53762817382812,0.7540000081062317,0.6520000100135803,0.777999997138977,0.9279999732971193,0.906000018119812,0.6800000071525574
111.54729962348938,0.7540000081062317,0.6539999842643738,0.777999997138977,0.9340000152587892,0.9100000262260436,0.6779999732971191
111.55769157409668,0.7540000081062317,0.6539999842643738,0.777999997138977,0.9359999895095824,0.9139999747276306,0.6759999990463257
111.56762361526489,0.7519999742507935,0.6539999842643738,0.7799999713897705,0.9419999718666076,0.9200000166893004,0.6740000247955322
111.57735848426819,0.7519999742507935,0.6539999842643738,0.7799999713897705,0.9480000138282776,0.9240000247955322,0.671999990940094
111.58754181861877,0.7519999742507935,0.656000018119812,0.7799999713897705,0.9539999961853028,0.9279999732971193,0.6700000166893005
111.5973892211914,0.7519999742507935,0.656000018119812,0.7820000052452087,0.9580000042915344,0.9319999814033508,0.6700000166893005
111.60736608505249,0.7519999742507935,0.6600000262260437,0.7820000052452087,0.9660000205039978,0.9359999895095824,0.6660000085830688
111.61752963066101,0.7519999742507935,0.6639999747276306,0.7820000052452087,0.972000002861023,0.9399999976158142,0.6620000004768372
111.6277232170105,0.75,0.6679999828338623,0.7820000052452087,0.977999985218048,0.944000005722046,0.6579999923706055
111.63753175735474,0.75,0.671999990940094,0.7839999794960022,0.9819999933242798,0.9480000138282776,0.6579999923706055
111.64742541313171,0.75,0.6759999990463257,0.7839999794960022,0.9900000095367432,0.9520000219345092,0.6579999923706055
111.65761542320251,0.75,0.6800000071525574,0.7839999794960022,1.0019999742507937,0.9559999704360962,0.656000018119812
111.66745162010193,0.7480000257492065,0.6859999895095825,0.7839999794960022,1.0080000162124634,0.9580000042915344,0.656000018119812
111.67745280265808,0.7480000257492065,0.6899999976158142,0.7839999794960022,1.0160000324249268,0.962000012397766,0.656000018119812
111.6874988079071,0.7440000176429749,0.6959999799728394,0.7839999794960022,1.02400004863739,0.9639999866485596,0.6539999842643738
111.69742059707642,0.7419999837875366,0.6980000138282776,0.7839999794960022,1.031999945640564,0.9679999947547911,0.6539999842643738
111.70763397216797,0.7360000014305115,0.7039999961853027,0.7839999794960022,1.0440000295639038,0.9679999947547911,0.6539999842643738
111.71753668785095,0.7300000190734863,0.7080000042915344,0.7820000052452087,1.0520000457763672,0.9679999947547911,0.6539999842643738
111.7273907661438,0.7260000109672546,0.7139999866485596,0.7799999713897705,1.062000036239624,0.9700000286102296,0.6539999842643738
111.73752760887146,0.7160000205039978,0.7179999947547913,0.7760000228881836,1.0679999589920044,0.9660000205039978,0.6539999842643738
111.74789071083069,0.7059999704360962,0.722000002861023,0.7699999809265137,1.0759999752044678,0.9639999866485596,0.6539999842643738
111.75754523277283,0.6880000233650208,0.7260000109672546,0.7580000162124634,1.0820000171661377,0.959999978542328,0.6539999842643738
111.76776552200317,0.6759999990463257,0.7279999852180481,0.7480000257492065,1.0859999656677246,0.9539999961853028,0.6539999842643738
111.77786612510681,0.6600000262260437,0.7300000190734863,0.7279999852180481,1.0920000076293943,0.944000005722046,0.6539999842643738
111.78753685951233,0.6460000276565552,0.7319999933242798,0.7099999785423279,1.0980000495910645,0.9200000166893004,0.6539999842643738
111.79732656478882,0.6460000276565552,0.734000027179718,0.7059999704360962,1.0980000495910645,0.9079999923706056,0.6539999842643738
111.80739378929138,0.6439999938011169,0.7379999756813049,0.6840000152587891,1.1019999980926514,0.7839999794960022,0.6539999842643738
111.81736063957214,0.6420000195503235,0.7400000095367432,0.6759999990463257,1.1019999980926514,0.7480000257492065,0.6539999842643738
111.82742166519165,0.6399999856948853,0.7379999756813049,0.6679999828338623,1.1019999980926514,0.7319999933242798,0.6539999842643738
111.83764600753784,0.6380000114440918,0.7319999933242798,0.6620000004768372,1.0980000495910645,0.7179999947547913,0.656000018119812
111.85060334205627,0.6380000114440918,0.7179999947547913,0.6480000019073486,1.0920000076293943,0.7080000042915344,0.656000018119812
111.8578691482544,0.6380000114440918,0.6880000233650208,0.6359999775886536,1.0800000429153442,0.7139999866485596,0.656000018119812
111.86769556999207,0.6399999856948853,0.6620000004768372,0.628000020980835,1.0579999685287476,0.7160000205039978,0.656000018119812
111.87761974334717,0.6340000033378601,0.6639999747276306,0.628000020980835,1.031999945640564,0.7239999771118164,0.656000018119812
111.88755393028259,0.6299999952316284,0.6579999923706055,0.628000020980835,0.9919999837875366,0.7039999961853027,0.656000018119812
111.89741396903992,0.628000020980835,0.6520000100135803,0.6259999871253967,0.949999988079071,0.6980000138282776,0.656000018119812
111.90749382972717,0.628000020980835,0.6520000100135803,0.6259999871253967,0.9100000262260436,0.6980000138282776,0.6579999923706055
111.91737461090088,0.6259999871253967,0.6520000100135803,0.6320000290870667,0.8420000076293945,0.7020000219345093,0.6579999923706055
111.92743754386902,0.628000020980835,0.6480000019073486,0.6340000033378601,0.7739999890327454,0.6880000233650208,0.6579999923706055
111.9373984336853,0.628000020980835,0.6480000019073486,0.6320000290870667,0.7419999837875366,0.671999990940094,0.6600000262260437
111.95433211326599,0.6299999952316284,0.6480000019073486,0.6340000033378601,0.7360000014305115,0.6579999923706055,0.6759999990463257
111.95735263824463,0.6320000290870667,0.6480000019073486,0.6340000033378601,0.7379999756813049,0.656000018119812,0.6620000004768372
111.96944093704224,0.6320000290870667,0.6460000276565552,0.6340000033378601,0.7459999918937683,0.6539999842643738,0.6620000004768372
111.97762179374695,0.6320000290870667,0.6460000276565552,0.6340000033378601,0.7599999904632568,0.6539999842643738,0.6620000004768372
111.98732662200928,0.6320000290870667,0.6460000276565552,0.6320000290870667,0.7620000243186951,0.6620000004768372,0.6620000004768372
111.99743342399597,0.6320000290870667,0.6460000276565552,0.6320000290870667,0.7620000243186951,0.6620000004768372,0.6620000004768372
112.007493019104,0.6320000290870667,0.6460000276565552,0.6299999952316284,0.7620000243186951,0.6620000004768372,0.6620000004768372
112.01740765571594,0.6320000290870667,0.6460000276565552,0.6299999952316284,0.7620000243186951,0.6620000004768372,0.6620000004768372
112.02732944488525,0.6320000290870667,0.6460000276565552,0.6299999952316284,0.7620000243186951,0.6620000004768372,0.6620000004768372
112.03746747970581,0.6320000290870667,0.6460000276565552,0.6299999952316284,0.7620000243186951,0.6620000004768372,0.6620000004768372
112.04747223854065,0.6340000033378601,0.6460000276565552,0.6299999952316284,0.7599999904632568,0.6600000262260437,0.6620000004768372
112.05753684043884,0.6340000033378601,0.6460000276565552,0.6299999952316284,0.7599999904632568,0.6600000262260437,0.6639999747276306
112.06762266159058,0.6340000033378601,0.6460000276565552,0.6299999952316284,0.7599999904632568,0.6600000262260437,0.6620000004768372
112.07736110687256,0.6340000033378601,0.6460000276565552,0.6299999952316284,0.7599999904632568,0.6620000004768372,0.6639999747276306
112.08743405342102,0.6340000033378601,0.6439999938011169,0.6299999952316284,0.7599999904632568,0.6620000004768372,0.6639999747276306
112.09754133224487,0.6340000033378601,0.6460000276565552,0.6299999952316284,0.7580000162124634,0.6620000004768372,0.6620000004768372
112.10731172561646,0.6340000033378601,0.6460000276565552,0.6299999952316284,0.7580000162124634,0.6620000004768372,0.6620000004768372
112.11728024482727,0.6340000033378601,0.6460000276565552,0.6299999952316284,0.7580000162124634,0.6620000004768372,0.6620000004768372
112.12740683555603,0.6340000033378601,0.6439999938011169,0.6299999952316284,0.7580000162124634,0.6620000004768372,0.6620000004768372
112.13760709762573,0.6340000033378601,0.6439999938011169,0.6320000290870667,0.7580000162124634,0.6620000004768372,0.6620000004768372
112.14793562889099,0.6340000033378601,0.6439999938011169,0.6320000290870667,0.7580000162124634,0.6620000004768372,0.6620000004768372
112.15734672546387,0.6340000033378601,0.6460000276565552,0.6340000033378601,0.7580000162124634,0.6600000262260437,0.6620000004768372
112.16729211807251,0.6340000033378601,0.6460000276565552,0.6340000033378601,0.7580000162124634,0.6600000262260437,0.6620000004768372
112.17725563049316,0.6340000033378601,0.6460000276565552,0.6340000033378601,0.7580000162124634,0.6600000262260437,0.6639999747276306
112.18921732902527,0.6340000033378601,0.6460000276565552,0.6340000033378601,0.7580000162124634,0.6600000262260437,0.6620000004768372
112.19744181632996,0.6340000033378601,0.6460000276565552,0.6340000033378601,0.7580000162124634,0.6600000262260437,0.6620000004768372
112.20748400688171,0.6340000033378601,0.6460000276565552,0.6340000033378601,0.7559999823570251,0.6600000262260437,0.6620000004768372
112.21732664108276,0.6340000033378601,0.6460000276565552,0.6340000033378601,0.7559999823570251,0.6579999923706055,0.6620000004768372
112.22743773460388,0.6359999775886536,0.6460000276565552,0.6340000033378601,0.7540000081062317,0.6579999923706055,0.6620000004768372
112.23729372024536,0.6359999775886536,0.6460000276565552,0.6340000033378601,0.7540000081062317,0.6579999923706055,0.6620000004768372
112.24749612808228,0.6359999775886536,0.6460000276565552,0.6340000033378601,0.7519999742507935,0.6579999923706055,0.6620000004768372
112.25726175308228,0.6359999775886536,0.6460000276565552,0.6340000033378601,0.7519999742507935,0.6579999923706055,0.6620000004768372
112.26743173599243,0.6359999775886536,0.6460000276565552,0.6340000033378601,0.7519999742507935,0.6579999923706055,0.6620000004768372
112.27749562263489,0.6359999775886536,0.6460000276565552,0.6359999775886536,0.7519999742507935,0.656000018119812,0.6620000004768372
112.28768062591553,0.6340000033378601,0.6460000276565552,0.6359999775886536,0.7519999742507935,0.6579999923706055,0.6620000004768372
112.2986114025116,0.6340000033378601,0.6460000276565552,0.6439999938011169,0.7459999918937683,0.6539999842643738,0.671999990940094
112.30756855010986,0.6359999775886536,0.6439999938011169,0.6499999761581421,0.7360000014305115,0.6480000019073486,0.6759999990463257
112.31755113601685,0.6359999775886536,0.6439999938011169,0.6539999842643738,0.7300000190734863,0.6439999938011169,0.7139999866485596
112.32748579978943,0.6299999952316284,0.6439999938011169,0.671999990940094,0.7200000286102295,0.6480000019073486,0.7300000190734863
112.33732295036316,0.6539999842643738,0.6399999856948853,0.6840000152587891,0.7139999866485596,0.6620000004768372,0.7279999852180481
112.3473289012909,0.6579999923706055,0.6399999856948853,0.6880000233650208,0.7319999933242798,0.6700000166893005,0.7200000286102295
112.3573567867279,0.6620000004768372,0.6420000195503235,0.699999988079071,0.75,0.722000002861023,0.7080000042915344
112.36738395690918,0.6899999976158142,0.6399999856948853,0.7139999866485596,0.7639999985694885,0.7599999904632568,0.7020000219345093
112.37734866142273,0.7059999704360962,0.6420000195503235,0.7200000286102295,0.7839999794960022,0.7720000147819519,0.6940000057220459
112.38793182373047,0.7160000205039978,0.6420000195503235,0.7260000109672546,0.8159999847412109,0.7900000214576721,0.6899999976158142
112.39830303192139,0.7279999852180481,0.6460000276565552,0.734000027179718,0.8420000076293945,0.8080000281333923,0.6899999976158142
112.40741324424744,0.7319999933242798,0.6460000276565552,0.7379999756813049,0.8560000061988831,0.8180000185966492,0.6899999976158142
112.41743755340576,0.7360000014305115,0.6480000019073486,0.7440000176429749,0.8679999709129333,0.8339999914169312,0.6880000233650208
112.42751884460449,0.7400000095367432,0.6480000019073486,0.7480000257492065,0.8759999871253967,0.843999981880188,0.6880000233650208
112.43743968009949,0.7419999837875366,0.6480000019073486,0.7540000081062317,0.8899999856948853,0.8539999723434448,0.6859999895095825
112.44799017906189,0.7419999837875366,0.6480000019073486,0.7559999823570251,0.8960000276565552,0.8619999885559082,0.6859999895095825
112.45741963386536,0.7440000176429749,0.6480000019073486,0.7580000162124634,0.9020000100135804,0.8679999709129333,0.6840000152587891
112.46734523773193,0.7440000176429749,0.6499999761581421,0.7599999904632568,0.9079999923706056,0.871999979019165,0.6819999814033508
112.47733926773071,0.7440000176429749,0.6499999761581421,0.7620000243186951,0.9100000262260436,0.8740000128746033,0.6800000071525574
112.48728537559509,0.7459999918937683,0.6520000100135803,0.7620000243186951,0.9120000004768372,0.8759999871253967,0.6779999732971191
112.49731135368347,0.7459999918937683,0.6520000100135803,0.7620000243186951,0.9100000262260436,0.8759999871253967,0.6759999990463257
112.50779414176941,0.7459999918937683,0.6520000100135803,0.7620000243186951,0.9079999923706056,0.8759999871253967,0.6759999990463257
112.51745581626892,0.7459999918937683,0.6520000100135803,0.7620000243186951,0.9039999842643738,0.8740000128746033,0.6740000247955322
112.52747392654419,0.7459999918937683,0.6520000100135803,0.7620000243186951,0.8999999761581421,0.871999979019165,0.6740000247955322
112.53750872612,0.7459999918937683,0.6520000100135803,0.7620000243186951,0.8939999938011169,0.8700000047683716,0.671999990940094
112.54762172698975,0.7480000257492065,0.6520000100135803,0.7620000243186951,0.8899999856948853,0.8679999709129333,0.671999990940094
112.55755233764648,0.7480000257492065,0.6520000100135803,0.7620000243186951,0.8859999775886536,0.8659999966621399,0.671999990940094
112.56834125518799,0.7480000257492065,0.6499999761581421,0.7620000243186951,0.8840000033378601,0.8619999885559082,0.6679999828338623
112.5774245262146,0.75,0.6520000100135803,0.7639999985694885,0.8799999952316284,0.8579999804496765,0.6679999828338623
112.58749127388,0.75,0.6520000100135803,0.7639999985694885,0.8799999952316284,0.8560000061988831,0.6679999828338623
112.59782004356384,0.75,0.6520000100135803,0.7639999985694885,0.878000020980835,0.8539999723434448,0.6679999828338623
112.60744261741638,0.75,0.6520000100135803,0.7639999985694885,0.878000020980835,0.8519999980926514,0.6660000085830688
112.61740684509277,0.7519999742507935,0.6520000100135803,0.765999972820282,0.878000020980835,0.8500000238418579,0.6679999828338623
112.62745428085327,0.7519999742507935,0.6539999842643738,0.765999972820282,0.8799999952316284,0.8500000238418579,0.6679999828338623
112.6378903388977,0.7540000081062317,0.6539999842643738,0.765999972820282,0.8799999952316284,0.8500000238418579,0.6679999828338623
112.64796161651611,0.7540000081062317,0.6539999842643738,0.7680000066757202,0.8820000290870667,0.8500000238418579,0.6679999828338623
112.65738534927368,0.7540000081062317,0.6539999842643738,0.7680000066757202,0.8840000033378601,0.8500000238418579,0.6660000085830688
112.66830515861511,0.7559999823570251,0.656000018119812,0.7699999809265137,0.8880000114440918,0.8500000238418579,0.6660000085830688
112.67733788490295,0.7580000162124634,0.656000018119812,0.7699999809265137,0.8920000195503235,0.8519999980926514,0.6679999828338623
112.68746757507324,0.7580000162124634,0.6579999923706055,0.7720000147819519,0.8939999938011169,0.8539999723434448,0.6679999828338623
112.69738173484802,0.7580000162124634,0.6579999923706055,0.7720000147819519,0.8999999761581421,0.8560000061988831,0.6679999828338623
112.70735335350037,0.7599999904632568,0.6620000004768372,0.7739999890327454,0.906000018119812,0.8619999885559082,0.6700000166893005
112.71730422973633,0.7599999904632568,0.6620000004768372,0.7739999890327454,0.9100000262260436,0.8640000224113464,0.6700000166893005
112.72744941711426,0.7599999904632568,0.6639999747276306,0.7760000228881836,0.9139999747276306,0.8700000047683716,0.6700000166893005
112.73738861083984,0.7620000243186951,0.6660000085830688,0.7760000228881836,0.9160000085830688,0.871999979019165,0.6700000166893005
112.74838995933533,0.7620000243186951,0.6679999828338623,0.777999997138977,0.9179999828338624,0.8759999871253967,0.6700000166893005
112.75732445716858,0.7620000243186951,0.6700000166893005,0.777999997138977,0.9200000166893004,0.8799999952316284,0.6700000166893005
112.76761388778687,0.7620000243186951,0.6700000166893005,0.777999997138977,0.921999990940094,0.8799999952316284,0.6700000166893005
112.77736210823059,0.7599999904632568,0.6700000166893005,0.777999997138977,0.9240000247955322,0.8840000033378601,0.671999990940094
112.78764796257019,0.7599999904632568,0.671999990940094,0.777999997138977,0.9279999732971193,0.8880000114440918,0.6700000166893005
112.7976975440979,0.7599999904632568,0.6740000247955322,0.7799999713897705,0.9359999895095824,0.8899999856948853,0.6700000166893005
112.80744981765747,0.7599999904632568,0.6759999990463257,0.7799999713897705,0.9399999976158142,0.8939999938011169,0.6700000166893005
112.81734323501587,0.7580000162124634,0.6779999732971191,0.7799999713897705,0.944000005722046,0.8980000019073486,0.6700000166893005
112.82727527618408,0.7580000162124634,0.6800000071525574,0.7799999713897705,0.9480000138282776,0.9020000100135804,0.6700000166893005
112.83751392364502,0.7580000162124634,0.6840000152587891,0.7799999713897705,0.9539999961853028,0.9079999923706056,0.6679999828338623
112.8478934764862,0.7580000162124634,0.6840000152587891,0.7799999713897705,0.9559999704360962,0.9100000262260436,0.6679999828338623
112.85815477371216,0.7559999823570251,0.6880000233650208,0.7820000052452087,0.962000012397766,0.9139999747276306,0.6639999747276306
112.86737322807312,0.7559999823570251,0.6919999718666077,0.7820000052452087,0.9660000205039978,0.9179999828338624,0.6620000004768372
112.87740898132324,0.7559999823570251,0.6940000057220459,0.7820000052452087,0.972000002861023,0.9200000166893004,0.6579999923706055
112.88762879371643,0.7559999823570251,0.6959999799728394,0.7820000052452087,0.9760000109672546,0.9240000247955322,0.6579999923706055
112.89752984046936,0.7559999823570251,0.6980000138282776,0.7820000052452087,0.9819999933242798,0.9240000247955322,0.6579999923706055
112.907390832901,0.7540000081062317,0.699999988079071,0.7820000052452087,0.9879999756813048,0.9279999732971193,0.6579999923706055
112.91739320755005,0.7540000081062317,0.7020000219345093,0.7820000052452087,0.9959999918937684,0.9319999814033508,0.656000018119812
112.92732214927673,0.7519999742507935,0.7039999961853027,0.7820000052452087,1.0019999742507937,0.9359999895095824,0.656000018119812
112.93740129470825,0.7519999742507935,0.7080000042915344,0.7839999794960022,1.0099999904632568,0.9399999976158142,0.656000018119812
112.95057606697083,0.7519999742507935,0.7099999785423279,0.7839999794960022,1.0160000324249268,0.944000005722046,0.656000018119812
112.95759129524231,0.75,0.7139999866485596,0.7839999794960022,1.0219999551773071,0.9480000138282776,0.656000018119812
112.96753597259521,0.7459999918937683,0.7160000205039978,0.7839999794960022,1.0299999713897705,0.9520000219345092,0.656000018119812
112.9773633480072,0.7440000176429749,0.7179999947547913,0.7839999794960022,1.037999987602234,0.9539999961853028,0.656000018119812
112.98740363121033,0.7419999837875366,0.7200000286102295,0.7839999794960022,1.0440000295639038,0.9559999704360962,0.656000018119812
112.99761867523193,0.7379999756813049,0.722000002861023,0.7820000052452087,1.0520000457763672,0.9580000042915344,0.656000018119812
113.00767612457275,0.7319999933242798,0.722000002861023,0.7820000052452087,1.059999942779541,0.959999978542328,0.656000018119812
113.01745009422302,0.7279999852180481,0.7239999771118164,0.7799999713897705,1.065999984741211,0.959999978542328,0.656000018119812
113.02751612663269,0.722000002861023,0.7260000109672546,0.7760000228881836,1.0740000009536743,0.959999978542328,0.656000018119812
113.03736877441406,0.7099999785423279,0.7279999852180481,0.7720000147819519,1.0800000429153442,0.9580000042915344,0.6539999842643738
113.04777908325195,0.6959999799728394,0.7319999933242798,0.7639999985694885,1.0859999656677246,0.9559999704360962,0.6539999842643738
113.05762815475464,0.6859999895095825,0.7319999933242798,0.7559999823570251,1.090000033378601,0.9520000219345092,0.6539999842643738
113.06744360923767,0.6700000166893005,0.7360000014305115,0.7419999837875366,1.093999981880188,0.944000005722046,0.656000018119812
113.07765507698059,0.6600000262260437,0.7379999756813049,0.722000002861023,1.0980000495910645,0.9359999895095824,0.656000018119812
113.08742260932922,0.6539999842643738,0.7400000095367432,0.7099999785423279,1.100000023841858,0.9179999828338624,0.656000018119812
113.09724712371826,0.6499999761581421,0.7419999837875366,0.6940000057220459,1.1019999980926514,0.8399999737739563,0.656000018119812
113.10775971412659,0.6480000019073486,0.7419999837875366,0.6859999895095825,1.1039999723434448,0.7900000214576721,0.656000018119812
113.11752963066101,0.6460000276565552,0.7419999837875366,0.6779999732971191,1.1039999723434448,0.7459999918937683,0.656000018119812
113.1273627281189,0.6420000195503235,0.7400000095367432,0.6700000166893005,1.1019999980926514,0.7179999947547913,0.656000018119812
113.137362241745,0.6399999856948853,0.7360000014305115,0.6639999747276306,1.0980000495910645,0.7080000042915344,0.6579999923706055
113.14736080169678,0.6380000114440918,0.7239999771118164,0.6460000276565552,1.090000033378601,0.6980000138282776,0.6579999923706055
113.15822529792786,0.6399999856948853,0.7039999961853027,0.6359999775886536,1.0800000429153442,0.6959999799728394,0.6579999923706055
113.16750574111938,0.6399999856948853,0.6759999990463257,0.628000020980835,1.059999942779541,0.7039999961853027,0.6579999923706055
113.17735004425049,0.6320000290870667,0.6620000004768372,0.628000020980835,1.0260000228881836,0.7139999866485596,0.6579999923706055
113.18738651275635,0.6299999952316284,0.6620000004768372,0.628000020980835,0.9940000176429749,0.7039999961853027,0.6579999923706055
113.19738435745239,0.628000020980835,0.6579999923706055,0.6259999871253967,0.9520000219345092,0.6959999799728394,0.6579999923706055
113.20731782913208,0.628000020980835,0.6539999842643738,0.6259999871253967,0.906000018119812,0.6940000057220459,0.6579999923706055
113.2175805568695,0.628000020980835,0.6520000100135803,0.6299999952316284,0.8560000061988831,0.6980000138282776,0.6579999923706055
113.22754645347595,0.6259999871253967,0.6480000019073486,0.6340000033378601,0.7680000066757202,0.6779999732971191,0.6579999923706055
113.2374255657196,0.628000020980835,0.6480000019073486,0.6320000290870667,0.7440000176429749,0.6660000085830688,0.6600000262260437
113.24738883972168,0.6299999952316284,0.6480000019073486,0.6340000033378601,0.7279999852180481,0.6579999923706055,0.6620000004768372
113.25787878036499,0.6320000290870667,0.6480000019073486,0.6359999775886536,0.7279999852180481,0.6579999923706055,0.671999990940094
113.26747059822083,0.6320000290870667,0.6480000019073486,0.6359999775886536,0.7319999933242798,0.656000018119812,0.6639999747276306
113.27738523483276,0.6320000290870667,0.6460000276565552,0.6359999775886536,0.7419999837875366,0.6539999842643738,0.6620000004768372
113.28742575645447,0.6320000290870667,0.6460000276565552,0.6359999775886536,0.7480000257492065,0.656000018119812,0.6620000004768372
113.29741740226746,0.6320000290870667,0.6460000276565552,0.6340000033378601,0.75,0.656000018119812,0.6620000004768372
113.30735182762146,0.6320000290870667,0.6460000276565552,0.6340000033378601,0.7480000257492065,0.6579999923706055,0.6620000004768372
113.31751608848572,0.6320000290870667,0.6460000276565552,0.6340000033378601,0.7480000257492065,0.6579999923706055,0.6620000004768372
113.32737374305725,0.6340000033378601,0.6460000276565552,0.6340000033378601,0.7480000257492065,0.6579999923706055,0.6620000004768372
113.33738780021667,0.6340000033378601,0.6460000276565552,0.6340000033378601,0.75,0.6579999923706055,0.6620000004768372
113.34733843803406,0.6340000033378601,0.6460000276565552,0.6340000033378601,0.75,0.656000018119812,0.6620000004768372
113.3585832118988,0.6340000033378601,0.6460000276565552,0.6340000033378601,0.75,0.656000018119812,0.6620000004768372
113.36752247810364,0.6340000033378601,0.6460000276565552,0.6340000033378601,0.75,0.656000018119812,0.6620000004768372
113.37761044502258,0.6340000033378601,0.6460000276565552,0.6340000033378601,0.75,0.656000018119812,0.6639999747276306
113.38741493225098,0.6340000033378601,0.6460000276565552,0.6340000033378601,0.75,0.656000018119812,0.6639999747276306
113.39741373062134,0.6340000033378601,0.6460000276565552,0.6340000033378601,0.75,0.656000018119812,0.6639999747276306
113.40744590759277,0.6340000033378601,0.6460000276565552,0.6340000033378601,0.75,0.656000018119812,0.6639999747276306
113.41739892959595,0.6340000033378601,0.6460000276565552,0.6340000033378601,0.75,0.656000018119812,0.6639999747276306
113.4282386302948,0.6340000033378601,0.6460000276565552,0.6340000033378601,0.75,0.6579999923706055,0.6639999747276306
113.43748617172241,0.6340000033378601,0.6460000276565552,0.6340000033378601,0.75,0.6579999923706055,0.6620000004768372
113.4476113319397,0.6340000033378601,0.6460000276565552,0.6340000033378601,0.7480000257492065,0.6579999923706055,0.6639999747276306
113.45752763748169,0.6340000033378601,0.6460000276565552,0.6340000033378601,0.7480000257492065,0.6579999923706055,0.6620000004768372
113.46974444389343,0.6340000033378601,0.6460000276565552,0.6340000033378601,0.7480000257492065,0.6579999923706055,0.6620000004768372
113.47753500938416,0.6340000033378601,0.6460000276565552,0.6340000033378601,0.7480000257492065,0.6579999923706055,0.6620000004768372
113.48755192756653,0.6340000033378601,0.6460000276565552,0.6340000033378601,0.7480000257492065,0.6579999923706055,0.6620000004768372
113.49738550186157,0.6340000033378601,0.6460000276565552,0.6340000033378601,0.7459999918937683,0.6579999923706055,0.6620000004768372
113.50755715370178,0.6359999775886536,0.6460000276565552,0.6340000033378601,0.7440000176429749,0.6579999923706055,0.6620000004768372
113.51748299598694,0.6359999775886536,0.6460000276565552,0.6340000033378601,0.7440000176429749,0.656000018119812,0.6620000004768372
113.52755856513977,0.6359999775886536,0.6460000276565552,0.6340000033378601,0.7440000176429749,0.656000018119812,0.6620000004768372
113.53784823417664,0.6359999775886536,0.6460000276565552,0.6340000033378601,0.7419999837875366,0.656000018119812,0.6620000004768372
113.54752469062805,0.6359999775886536,0.6460000276565552,0.6340000033378601,0.7419999837875366,0.656000018119812,0.6620000004768372
113.55750966072083,0.6359999775886536,0.6460000276565552,0.6359999775886536,0.7419999837875366,0.656000018119812,0.6620000004768372
113.56738471984863,0.6359999775886536,0.6460000276565552,0.6359999775886536,0.7419999837875366,0.656000018119812,0.6620000004768372
113.5773618221283,0.6359999775886536,0.6460000276565552,0.6359999775886536,0.7419999837875366,0.656000018119812,0.6620000004768372
113.58801603317261,0.6359999775886536,0.6460000276565552,0.6359999775886536,0.7419999837875366,0.656000018119812,0.6620000004768372
113.59760522842407,0.6359999775886536,0.6460000276565552,0.6399999856948853,0.7400000095367432,0.656000018119812,0.6660000085830688
113.60747122764587,0.6359999775886536,0.6460000276565552,0.6460000276565552,0.7360000014305115,0.6499999761581421,0.6740000247955322
113.6174726486206,0.6399999856948853,0.6460000276565552,0.6539999842643738,0.7319999933242798,0.6460000276565552,0.6880000233650208
113.62748646736145,0.6439999938011169,0.6460000276565552,0.6539999842643738,0.7300000190734863,0.6420000195503235,0.7099999785423279
113.6374614238739,0.6359999775886536,0.6420000195503235,0.6679999828338623,0.7179999947547913,0.6399999856948853,0.7300000190734863
113.647616147995,0.6639999747276306,0.6399999856948853,0.6779999732971191,0.7200000286102295,0.6380000114440918,0.7260000109672546
113.65750789642334,0.6759999990463257,0.6420000195503235,0.6880000233650208,0.7239999771118164,0.6460000276565552,0.7200000286102295
113.66747760772705,0.6759999990463257,0.6420000195503235,0.699999988079071,0.7419999837875366,0.6499999761581421,0.7099999785423279
113.67746996879578,0.6940000057220459,0.6399999856948853,0.7120000123977661,0.7540000081062317,0.7279999852180481,0.7039999961853027
113.68753266334534,0.7039999961853027,0.6399999856948853,0.7179999947547913,0.7639999985694885,0.7459999918937683,0.6959999799728394
113.69772434234619,0.7139999866485596,0.6420000195503235,0.7239999771118164,0.7979999780654907,0.7720000147819519,0.6919999718666077
113.70931363105774,0.7200000286102295,0.6420000195503235,0.7279999852180481,0.8159999847412109,0.7860000133514404,0.6919999718666077
113.7173957824707,0.7279999852180481,0.6420000195503235,0.734000027179718,0.8339999914169312,0.8019999861717224,0.6919999718666077
113.7274522781372,0.7319999933242798,0.6439999938011169,0.7379999756813049,0.8479999899864197,0.8159999847412109,0.6919999718666077
113.73754549026489,0.7360000014305115,0.6439999938011169,0.7419999837875366,0.8560000061988831,0.8220000267028809,0.6919999718666077
113.74762177467346,0.7379999756813049,0.6439999938011169,0.7459999918937683,0.8659999966621399,0.8320000171661377,0.6919999718666077
113.75729393959045,0.7400000095367432,0.6460000276565552,0.7480000257492065,0.8700000047683716,0.8379999995231628,0.6899999976158142
113.76783227920532,0.7419999837875366,0.6460000276565552,0.7519999742507935,0.8759999871253967,0.8460000157356262,0.6880000233650208
113.77924036979675,0.7419999837875366,0.6460000276565552,0.7540000081062317,0.878000020980835,0.8519999980926514,0.6880000233650208
113.78752899169922,0.7419999837875366,0.6460000276565552,0.7559999823570251,0.878000020980835,0.8539999723434448,0.6859999895095825
113.79750108718872,0.7440000176429749,0.6460000276565552,0.7559999823570251,0.8759999871253967,0.8560000061988831,0.6859999895095825
113.80770754814148,0.7440000176429749,0.6460000276565552,0.7559999823570251,0.8759999871253967,0.8579999804496765,0.6840000152587891
113.81759881973267,0.7440000176429749,0.6460000276565552,0.7559999823570251,0.8740000128746033,0.8579999804496765,0.6840000152587891
113.82757353782654,0.7440000176429749,0.6460000276565552,0.7559999823570251,0.8700000047683716,0.8579999804496765,0.6819999814033508
113.83750605583191,0.7440000176429749,0.6460000276565552,0.7559999823570251,0.8659999966621399,0.8560000061988831,0.6819999814033508
113.84742331504822,0.7440000176429749,0.6460000276565552,0.7559999823570251,0.8600000143051147,0.8539999723434448,0.6819999814033508
113.85731863975525,0.7440000176429749,0.6460000276565552,0.7559999823570251,0.8560000061988831,0.8500000238418579,0.6800000071525574
113.86757302284241,0.7440000176429749,0.6480000019073486,0.7559999823570251,0.8519999980926514,0.8500000238418579,0.6779999732971191
113.87744355201721,0.7459999918937683,0.6480000019073486,0.7559999823570251,0.8500000238418579,0.8479999899864197,0.6779999732971191
113.88744711875916,0.7459999918937683,0.6480000019073486,0.7559999823570251,0.8460000157356262,0.843999981880188,0.6759999990463257
113.89820003509521,0.7459999918937683,0.6480000019073486,0.7559999823570251,0.8460000157356262,0.8420000076293945,0.6740000247955322
113.90753841400146,0.7480000257492065,0.6480000019073486,0.7580000162124634,0.8460000157356262,0.8399999737739563,0.6740000247955322
113.91749310493469,0.7480000257492065,0.6480000019073486,0.7580000162124634,0.8460000157356262,0.8379999995231628,0.6740000247955322
113.92742395401001,0.75,0.6480000019073486,0.7580000162124634,0.8479999899864197,0.8339999914169312,0.671999990940094
113.93750596046448,0.75,0.6480000019073486,0.7599999904632568,0.8500000238418579,0.8339999914169312,0.671999990940094
113.94739723205566,0.7519999742507935,0.6480000019073486,0.7620000243186951,0.8519999980926514,0.8339999914169312,0.6700000166893005
113.95738005638123,0.7519999742507935,0.6480000019073486,0.7639999985694885,0.8560000061988831,0.8339999914169312,0.6700000166893005
113.96733117103577,0.7540000081062317,0.6480000019073486,0.7639999985694885,0.8600000143051147,0.8360000252723694,0.6700000166893005
113.97740602493286,0.7540000081062317,0.6480000019073486,0.765999972820282,0.8640000224113464,0.8399999737739563,0.671999990940094
113.9873857498169,0.7540000081062317,0.6499999761581421,0.765999972820282,0.8700000047683716,0.843999981880188,0.6740000247955322
113.99806427955627,0.7540000081062317,0.6499999761581421,0.7680000066757202,0.8740000128746033,0.8500000238418579,0.6740000247955322
114.00737428665161,0.7559999823570251,0.6499999761581421,0.7699999809265137,0.8799999952316284,0.8560000061988831,0.6759999990463257
114.01749086380005,0.7559999823570251,0.6499999761581421,0.7699999809265137,0.8840000033378601,0.8640000224113464,0.6759999990463257
114.02733659744263,0.7559999823570251,0.6520000100135803,0.7720000147819519,0.8880000114440918,0.8700000047683716,0.6759999990463257
114.03741264343262,0.7559999823570251,0.6499999761581421,0.7720000147819519,0.8920000195503235,0.8740000128746033,0.6779999732971191
114.04754209518433,0.7559999823570251,0.6499999761581421,0.7739999890327454,0.8960000276565552,0.878000020980835,0.6779999732971191
114.05740571022034,0.7559999823570251,0.6520000100135803,0.7739999890327454,0.8999999761581421,0.8859999775886536,0.6779999732971191
114.06744694709778,0.7559999823570251,0.6520000100135803,0.7739999890327454,0.9039999842643738,0.8899999856948853,0.6800000071525574
114.07791423797607,0.7540000081062317,0.6520000100135803,0.7739999890327454,0.9079999923706056,0.8960000276565552,0.6819999814033508
114.08737516403198,0.7540000081062317,0.6520000100135803,0.7739999890327454,0.9139999747276306,0.9020000100135804,0.6819999814033508
114.097416639328,0.7519999742507935,0.6539999842643738,0.7739999890327454,0.9200000166893004,0.9079999923706056,0.6819999814033508
114.10749197006226,0.7519999742507935,0.6539999842643738,0.7760000228881836,0.9240000247955322,0.9139999747276306,0.6819999814033508
114.11739134788513,0.75,0.6539999842643738,0.7760000228881836,0.9340000152587892,0.9200000166893004,0.6819999814033508
114.12769651412964,0.75,0.656000018119812,0.7760000228881836,0.9399999976158142,0.9240000247955322,0.6800000071525574
114.13750767707825,0.75,0.6600000262260437,0.777999997138977,0.9459999799728394,0.9279999732971193,0.6779999732971191
114.14738774299622,0.75,0.6660000085830688,0.777999997138977,0.9520000219345092,0.9340000152587892,0.6740000247955322
114.15732502937317,0.7480000257492065,0.6700000166893005,0.777999997138977,0.9580000042915344,0.9359999895095824,0.6700000166893005
114.16730976104736,0.7480000257492065,0.6740000247955322,0.777999997138977,0.9660000205039978,0.9419999718666076,0.6679999828338623
114.17736649513245,0.7480000257492065,0.6779999732971191,0.7799999713897705,0.9700000286102296,0.9459999799728394,0.6679999828338623
114.18731617927551,0.7480000257492065,0.6800000071525574,0.7799999713897705,0.977999985218048,0.949999988079071,0.6600000262260437
114.19731974601746,0.7459999918937683,0.6840000152587891,0.7799999713897705,0.984000027179718,0.9539999961853028,0.6579999923706055
114.20746064186096,0.7459999918937683,0.6859999895095825,0.7799999713897705,0.9900000095367432,0.9559999704360962,0.656000018119812
114.21742987632751,0.7440000176429749,0.6899999976158142,0.7799999713897705,0.9980000257492064,0.959999978542328,0.656000018119812
114.22848582267761,0.7440000176429749,0.6919999718666077,0.7820000052452087,1.003999948501587,0.962000012397766,0.656000018119812
114.237459897995,0.7419999837875366,0.6940000057220459,0.7820000052452087,1.0099999904632568,0.9639999866485596,0.656000018119812
114.2475106716156,0.7400000095367432,0.6959999799728394,0.7820000052452087,1.0180000066757202,0.9679999947547911,0.6539999842643738
114.25738334655762,0.7379999756813049,0.6980000138282776,0.7820000052452087,1.02400004863739,0.9700000286102296,0.656000018119812
114.26731538772583,0.7360000014305115,0.699999988079071,0.7820000052452087,1.034000039100647,0.9700000286102296,0.656000018119812
114.27725982666016,0.7300000190734863,0.7020000219345093,0.7820000052452087,1.0420000553131104,0.972000002861023,0.656000018119812
114.28745126724243,0.7279999852180481,0.7039999961853027,0.7799999713897705,1.0499999523162842,0.972000002861023,0.656000018119812
114.29755520820618,0.722000002861023,0.7059999704360962,0.777999997138977,1.0579999685287476,0.9739999771118164,0.6539999842643738
114.30740451812744,0.7139999866485596,0.7080000042915344,0.7760000228881836,1.065999984741211,0.9739999771118164,0.6539999842643738
114.317387342453,0.7039999961853027,0.7099999785423279,0.7699999809265137,1.0720000267028809,0.972000002861023,0.6539999842643738
114.32857179641724,0.6880000233650208,0.7120000123977661,0.7620000243186951,1.0800000429153442,0.972000002861023,0.6539999842643738
114.3388512134552,0.6759999990463257,0.7139999866485596,0.7559999823570251,1.0839999914169312,0.9700000286102296,0.6539999842643738
114.34757328033447,0.6620000004768372,0.7160000205039978,0.7419999837875366,1.090000033378601,0.9639999866485596,0.6539999842643738
114.35739803314209,0.6499999761581421,0.7179999947547913,0.7179999947547913,1.093999981880188,0.9520000219345092,0.6539999842643738
114.3674008846283,0.6460000276565552,0.7179999947547913,0.7039999961853027,1.093999981880188,0.921999990940094,0.6539999842643738
114.3778510093689,0.6439999938011169,0.722000002861023,0.6880000233650208,1.0959999561309814,0.8399999737739563,0.6539999842643738
114.38907623291016,0.6420000195503235,0.7239999771118164,0.6779999732971191,1.0959999561309814,0.7699999809265137,0.6539999842643738
114.39737010002136,0.6380000114440918,0.7239999771118164,0.6700000166893005,1.093999981880188,0.7480000257492065,0.6539999842643738
114.40793633460999,0.6359999775886536,0.7120000123977661,0.6620000004768372,1.0880000591278076,0.722000002861023,0.6539999842643738
114.41746282577515,0.6359999775886536,0.6800000071525574,0.656000018119812,1.0779999494552612,0.7099999785423279,0.6539999842643738
114.42746901512146,0.6380000114440918,0.6620000004768372,0.6380000114440918,1.062000036239624,0.7039999961853027,0.656000018119812
114.43747997283936,0.6399999856948853,0.6600000262260437,0.6320000290870667,1.037999987602234,0.7120000123977661,0.656000018119812
114.44756031036377,0.6380000114440918,0.6579999923706055,0.628000020980835,1.0140000581741333,0.7139999866485596,0.656000018119812
114.46268129348755,0.6299999952316284,0.6520000100135803,0.628000020980835,0.9739999771118164,0.7200000286102295,0.656000018119812
114.4673924446106,0.6299999952316284,0.6499999761581421,0.628000020980835,0.9419999718666076,0.7160000205039978,0.656000018119812
114.47749924659729,0.6299999952316284,0.6480000019073486,0.6299999952316284,0.8859999775886536,0.7120000123977661,0.656000018119812
114.48739194869995,0.628000020980835,0.6460000276565552,0.6359999775886536,0.7739999890327454,0.6940000057220459,0.656000018119812
114.49750852584839,0.6259999871253967,0.6439999938011169,0.6359999775886536,0.734000027179718,0.6620000004768372,0.6579999923706055
114.5073516368866,0.6299999952316284,0.6439999938011169,0.6380000114440918,0.7239999771118164,0.656000018119812,0.6579999923706055
114.51749777793884,0.6299999952316284,0.6439999938011169,0.6380000114440918,0.7139999866485596,0.656000018119812,0.671999990940094
114.52864956855774,0.6320000290870667,0.6439999938011169,0.6380000114440918,0.7260000109672546,0.656000018119812,0.6639999747276306
114.53744602203369,0.6320000290870667,0.6439999938011169,0.6380000114440918,0.7360000014305115,0.6539999842643738,0.6620000004768372
114.54739665985107,0.6320000290870667,0.6439999938011169,0.6380000114440918,0.7459999918937683,0.6539999842643738,0.6600000262260437
114.55737090110779,0.6320000290870667,0.6439999938011169,0.6359999775886536,0.75,0.656000018119812,0.6620000004768372
114.56732749938965,0.6340000033378601,0.6439999938011169,0.6359999775886536,0.75,0.656000018119812,0.6620000004768372
114.57752656936646,0.6340000033378601,0.6439999938011169,0.6359999775886536,0.75,0.656000018119812,0.6620000004768372
114.58754324913025,0.6340000033378601,0.6439999938011169,0.6359999775886536,0.75,0.656000018119812,0.6620000004768372
114.59845447540283,0.6340000033378601,0.6439999938011169,0.6359999775886536,0.7480000257492065,0.656000018119812,0.6620000004768372
114.60733675956726,0.6340000033378601,0.6439999938011169,0.6359999775886536,0.7480000257492065,0.6539999842643738,0.6620000004768372
114.6174669265747,0.6340000033378601,0.6439999938011169,0.6359999775886536,0.7480000257492065,0.656000018119812,0.6620000004768372
114.62730479240417,0.6340000033378601,0.6439999938011169,0.6359999775886536,0.7480000257492065,0.656000018119812,0.6620000004768372
114.63731479644775,0.6340000033378601,0.6439999938011169,0.6359999775886536,0.7480000257492065,0.656000018119812,0.6620000004768372
114.64729809761047,0.6340000033378601,0.6439999938011169,0.6359999775886536,0.7480000257492065,0.656000018119812,0.6620000004768372
114.65735936164856,0.6340000033378601,0.6439999938011169,0.6359999775886536,0.7480000257492065,0.656000018119812,0.6620000004768372
114.66735649108887,0.6340000033378601,0.6439999938011169,0.6359999775886536,0.7480000257492065,0.656000018119812,0.6620000004768372
114.67859482765198,0.6340000033378601,0.6439999938011169,0.6359999775886536,0.7480000257492065,0.656000018119812,0.6620000004768372
114.68773889541626,0.6340000033378601,0.6439999938011169,0.6359999775886536,0.7459999918937683,0.656000018119812,0.6620000004768372
114.69738531112671,0.6340000033378601,0.6439999938011169,0.6359999775886536,0.7459999918937683,0.656000018119812,0.6620000004768372
114.70748782157898,0.6340000033378601,0.6439999938011169,0.6359999775886536,0.7440000176429749,0.656000018119812,0.6620000004768372
114.71747899055481,0.6340000033378601,0.6439999938011169,0.6359999775886536,0.7440000176429749,0.656000018119812,0.6620000004768372
114.72737002372742,0.6340000033378601,0.6439999938011169,0.6359999775886536,0.7419999837875366,0.656000018119812,0.6620000004768372
114.73745369911194,0.6340000033378601,0.6439999938011169,0.6359999775886536,0.7419999837875366,0.656000018119812,0.6620000004768372
114.74748992919922,0.6340000033378601,0.6439999938011169,0.6359999775886536,0.7419999837875366,0.656000018119812,0.6620000004768372
114.75746941566467,0.6340000033378601,0.6439999938011169,0.6359999775886536,0.7400000095367432,0.6539999842643738,0.6620000004768372
114.76737976074219,0.6340000033378601,0.6439999938011169,0.6359999775886536,0.7400000095367432,0.6539999842643738,0.6620000004768372
114.77805137634277,0.6340000033378601,0.6439999938011169,0.6359999775886536,0.7360000014305115,0.6539999842643738,0.6620000004768372
114.7874584197998,0.6340000033378601,0.6439999938011169,0.6359999775886536,0.7360000014305115,0.6539999842643738,0.6620000004768372
114.79744243621826,0.6340000033378601,0.6439999938011169,0.6380000114440918,0.734000027179718,0.656000018119812,0.6600000262260437
114.80751967430115,0.6340000033378601,0.6439999938011169,0.6380000114440918,0.734000027179718,0.656000018119812,0.6600000262260437
114.81777691841125,0.6340000033378601,0.6439999938011169,0.6380000114440918,0.734000027179718,0.656000018119812,0.6600000262260437
114.82738494873047,0.6340000033378601,0.6439999938011169,0.6420000195503235,0.7319999933242798,0.6539999842643738,0.6660000085830688
114.83736634254456,0.6340000033378601,0.6439999938011169,0.6480000019073486,0.7300000190734863,0.6480000019073486,0.6740000247955322
114.84742021560669,0.6380000114440918,0.6439999938011169,0.6539999842643738,0.7260000109672546,0.6439999938011169,0.6779999732971191
114.8573567867279,0.6420000195503235,0.6439999938011169,0.656000018119812,0.7120000123977661,0.6420000195503235,0.7179999947547913
114.86732196807861,0.6359999775886536,0.6420000195503235,0.6740000247955322,0.7099999785423279,0.6399999856948853,0.7300000190734863
114.87756967544556,0.6679999828338623,0.6380000114440918,0.6700000166893005,0.699999988079071,0.6380000114440918,0.7279999852180481
114.88766098022461,0.6819999814033508,0.6399999856948853,0.6819999814033508,0.7039999961853027,0.6480000019073486,0.7239999771118164
114.89770698547363,0.6859999895095825,0.6420000195503235,0.6980000138282776,0.734000027179718,0.6480000019073486,0.7099999785423279
114.90742254257202,0.7139999866485596,0.6399999856948853,0.7160000205039978,0.7419999837875366,0.7300000190734863,0.699999988079071
114.91747188568115,0.7279999852180481,0.6420000195503235,0.722000002861023,0.7879999876022339,0.7540000081062317,0.6919999718666077
114.92747473716736,0.7379999756813049,0.6439999938011169,0.7319999933242798,0.8339999914169312,0.7820000052452087,0.6880000233650208
114.93740177154541,0.7440000176429749,0.6480000019073486,0.7400000095367432,0.8539999723434448,0.800000011920929,0.6859999895095825
114.94766187667847,0.7459999918937683,0.6460000276565552,0.7480000257492065,0.8740000128746033,0.8220000267028809,0.6859999895095825
114.95742988586426,0.75,0.6480000019073486,0.7559999823570251,0.8880000114440918,0.8379999995231628,0.6840000152587891
114.9675464630127,0.7519999742507935,0.6539999842643738,0.7599999904632568,0.8960000276565552,0.8460000157356262,0.6819999814033508
114.97751641273499,0.7540000081062317,0.6620000004768372,0.7620000243186951,0.9020000100135804,0.8539999723434448,0.6800000071525574
114.9881911277771,0.7540000081062317,0.6660000085830688,0.7639999985694885,0.906000018119812,0.8560000061988831,0.6779999732971191
114.9974570274353,0.7559999823570251,0.6679999828338623,0.7639999985694885,0.906000018119812,0.8560000061988831,0.6740000247955322
115.00741219520569,0.7559999823570251,0.6679999828338623,0.765999972820282,0.906000018119812,0.8560000061988831,0.671999990940094
115.01741456985474,0.7559999823570251,0.6679999828338623,0.765999972820282,0.9039999842643738,0.8519999980926514,0.671999990940094
115.02763342857361,0.7580000162124634,0.6679999828338623,0.765999972820282,0.9020000100135804,0.8479999899864197,0.6700000166893005
115.03739738464355,0.7580000162124634,0.6679999828338623,0.765999972820282,0.8999999761581421,0.843999981880188,0.6660000085830688
115.0474443435669,0.7580000162124634,0.6679999828338623,0.765999972820282,0.8980000019073486,0.8399999737739563,0.6660000085830688
115.05735802650452,0.7580000162124634,0.6660000085830688,0.765999972820282,0.8960000276565552,0.8339999914169312,0.6660000085830688
115.06747794151306,0.7580000162124634,0.6660000085830688,0.765999972820282,0.8939999938011169,0.828000009059906,0.6660000085830688
115.07730722427368,0.7580000162124634,0.6660000085830688,0.765999972820282,0.8920000195503235,0.8199999928474426,0.6660000085830688
115.08786606788635,0.7580000162124634,0.6660000085830688,0.765999972820282,0.8899999856948853,0.8159999847412109,0.6660000085830688
115.09740352630615,0.7580000162124634,0.6660000085830688,0.765999972820282,0.8899999856948853,0.8140000104904175,0.6660000085830688
115.10728979110718,0.7580000162124634,0.6679999828338623,0.765999972820282,0.8899999856948853,0.8080000281333923,0.6639999747276306
115.11743068695068,0.7580000162124634,0.6679999828338623,0.7680000066757202,0.8899999856948853,0.8059999942779541,0.6639999747276306
115.12746024131775,0.7580000162124634,0.6700000166893005,0.7680000066757202,0.8920000195503235,0.8040000200271606,0.6639999747276306
115.13758492469788,0.7599999904632568,0.671999990940094,0.7680000066757202,0.8920000195503235,0.8019999861717224,0.6639999747276306
115.14733576774597,0.7599999904632568,0.671999990940094,0.7699999809265137,0.8939999938011169,0.8019999861717224,0.6639999747276306
115.15744733810425,0.7599999904632568,0.6740000247955322,0.7699999809265137,0.8960000276565552,0.8019999861717224,0.6639999747276306
115.16757822036743,0.7599999904632568,0.6759999990463257,0.7699999809265137,0.8980000019073486,0.800000011920929,0.6639999747276306
115.17733693122864,0.7599999904632568,0.6759999990463257,0.7720000147819519,0.8999999761581421,0.800000011920929,0.6639999747276306
115.18815588951111,0.7620000243186951,0.6779999732971191,0.7720000147819519,0.9039999842643738,0.8019999861717224,0.6639999747276306
115.19744896888733,0.7620000243186951,0.6800000071525574,0.7739999890327454,0.9079999923706056,0.8019999861717224,0.6639999747276306
115.20745468139648,0.7620000243186951,0.6819999814033508,0.7739999890327454,0.9100000262260436,0.8040000200271606,0.6660000085830688
115.21741890907288,0.7639999985694885,0.6840000152587891,0.7739999890327454,0.9139999747276306,0.8080000281333923,0.6660000085830688
115.22750234603882,0.7639999985694885,0.6840000152587891,0.7760000228881836,0.9179999828338624,0.8140000104904175,0.6660000085830688
115.23765635490417,0.7639999985694885,0.6859999895095825,0.7760000228881836,0.921999990940094,0.8180000185966492,0.6660000085830688
115.24777722358704,0.7639999985694885,0.6859999895095825,0.777999997138977,0.9240000247955322,0.8240000009536743,0.6660000085830688
115.25735688209534,0.7639999985694885,0.6880000233650208,0.777999997138977,0.9259999990463256,0.8299999833106995,0.6660000085830688
115.26735138893127,0.765999972820282,0.6880000233650208,0.7799999713897705,0.9279999732971193,0.8360000252723694,0.6660000085830688
115.27760004997253,0.765999972820282,0.6880000233650208,0.7799999713897705,0.9300000071525574,0.8420000076293945,0.6660000085830688
115.28757429122925,0.765999972820282,0.6899999976158142,0.7799999713897705,0.9340000152587892,0.8460000157356262,0.6660000085830688
115.30601453781128,0.765999972820282,0.6919999718666077,0.7799999713897705,0.9399999976158142,0.8519999980926514,0.6660000085830688
115.30869817733765,0.7639999985694885,0.6919999718666077,0.7820000052452087,0.9459999799728394,0.8560000061988831,0.6660000085830688
115.31746530532837,0.7639999985694885,0.6959999799728394,0.7820000052452087,0.949999988079071,0.8619999885559082,0.6660000085830688
115.32738947868347,0.7639999985694885,0.6980000138282776,0.7820000052452087,0.9559999704360962,0.8659999966621399,0.6660000085830688
115.33756589889526,0.7639999985694885,0.699999988079071,0.7820000052452087,0.959999978542328,0.8700000047683716,0.6639999747276306
115.34792685508728,0.7639999985694885,0.7020000219345093,0.7820000052452087,0.9639999866485596,0.8740000128746033,0.6639999747276306
115.35742139816284,0.7639999985694885,0.7020000219345093,0.7820000052452087,0.9660000205039978,0.878000020980835,0.6639999747276306
115.36735486984253,0.7620000243186951,0.7039999961853027,0.7820000052452087,0.9700000286102296,0.8820000290870667,0.6620000004768372
115.37736535072327,0.7620000243186951,0.7059999704360962,0.7820000052452087,0.9739999771118164,0.8859999775886536,0.6620000004768372
115.38754081726074,0.7599999904632568,0.7059999704360962,0.7820000052452087,0.977999985218048,0.8899999856948853,0.6620000004768372
115.39730858802795,0.7599999904632568,0.7080000042915344,0.7820000052452087,0.9819999933242798,0.8980000019073486,0.6620000004768372
115.40740323066711,0.7580000162124634,0.7099999785423279,0.7820000052452087,0.9860000014305116,0.9039999842643738,0.6620000004768372
115.4173333644867,0.7580000162124634,0.7120000123977661,0.7820000052452087,0.9900000095367432,0.9079999923706056,0.6620000004768372
115.42893242835999,0.7559999823570251,0.7160000205039978,0.7820000052452087,0.9980000257492064,0.9160000085830688,0.6600000262260437
115.43832468986511,0.7559999823570251,0.7160000205039978,0.7839999794960022,1.0019999742507937,0.9200000166893004,0.6600000262260437
115.44745540618896,0.7540000081062317,0.7179999947547913,0.7839999794960022,1.0080000162124634,0.9240000247955322,0.6600000262260437
115.457599401474,0.7540000081062317,0.722000002861023,0.7839999794960022,1.0140000581741333,0.9300000071525574,0.6600000262260437
115.46745347976685,0.7519999742507935,0.7239999771118164,0.7839999794960022,1.0199999809265137,0.9340000152587892,0.6600000262260437
115.47746777534485,0.7519999742507935,0.7260000109672546,0.7839999794960022,1.027999997138977,0.9380000233650208,0.6600000262260437
115.48749446868896,0.75,0.7279999852180481,0.7839999794960022,1.037999987602234,0.9419999718666076,0.6600000262260437
115.49748182296753,0.7459999918937683,0.7300000190734863,0.7820000052452087,1.0420000553131104,0.944000005722046,0.6600000262260437
115.50747323036194,0.7440000176429749,0.734000027179718,0.7820000052452087,1.0520000457763672,0.9459999799728394,0.6579999923706055
115.5173888206482,0.7400000095367432,0.7360000014305115,0.7820000052452087,1.0579999685287476,0.9480000138282776,0.6600000262260437
115.52835988998413,0.7360000014305115,0.7400000095367432,0.7799999713897705,1.065999984741211,0.9480000138282776,0.6579999923706055
115.53764581680298,0.7300000190734863,0.7419999837875366,0.777999997138977,1.0720000267028809,0.9480000138282776,0.6579999923706055
115.54738736152649,0.7239999771118164,0.7419999837875366,0.7739999890327454,1.0759999752044678,0.9480000138282776,0.6579999923706055
115.55807280540466,0.7160000205039978,0.7459999918937683,0.7680000066757202,1.0820000171661377,0.944000005722046,0.6579999923706055
115.56780743598938,0.7080000042915344,0.7459999918937683,0.7639999985694885,1.0859999656677246,0.9419999718666076,0.6579999923706055
115.57839465141296,0.6959999799728394,0.7480000257492065,0.7540000081062317,1.0880000591278076,0.9340000152587892,0.6579999923706055
115.58777499198914,0.6819999814033508,0.75,0.7400000095367432,1.0920000076293943,0.9279999732971193,0.6579999923706055
115.59850597381592,0.671999990940094,0.75,0.7279999852180481,1.093999981880188,0.921999990940094,0.6579999923706055
115.61265182495117,0.6620000004768372,0.7519999742507935,0.7099999785423279,1.0980000495910645,0.9020000100135804,0.6579999923706055
115.61875367164612,0.6579999923706055,0.7519999742507935,0.7059999704360962,1.0980000495910645,0.8799999952316284,0.6579999923706055
115.62979006767273,0.6539999842643738,0.7519999742507935,0.699999988079071,1.100000023841858,0.828000009059906,0.6579999923706055
115.63823676109314,0.6520000100135803,0.7519999742507935,0.6880000233650208,1.1019999980926514,0.7720000147819519,0.6579999923706055
115.64785671234131,0.6520000100135803,0.7519999742507935,0.6819999814033508,1.100000023841858,0.75,0.6579999923706055
115.65842628479004,0.6480000019073486,0.7519999742507935,0.6759999990463257,1.0959999561309814,0.7300000190734863,0.6579999923706055
115.66772556304932,0.6439999938011169,0.7519999742507935,0.6679999828338623,1.090000033378601,0.7099999785423279,0.6600000262260437
115.67736291885376,0.6399999856948853,0.75,0.656000018119812,1.0859999656677246,0.7020000219345093,0.6600000262260437
115.68726658821106,0.6399999856948853,0.7400000095367432,0.6380000114440918,1.0759999752044678,0.6959999799728394,0.6600000262260437
115.69718885421753,0.6399999856948853,0.7139999866485596,0.6299999952316284,1.055999994277954,0.7080000042915344,0.6600000262260437
115.70726108551025,0.6380000114440918,0.6980000138282776,0.628000020980835,1.031999945640564,0.7120000123977661,0.6600000262260437
115.71734189987183,0.6299999952316284,0.6679999828338623,0.628000020980835,0.9919999837875366,0.6959999799728394,0.6600000262260437
115.72734928131104,0.6299999952316284,0.6620000004768372,0.6259999871253967,0.9580000042915344,0.6899999976158142,0.6600000262260437
115.73727822303772,0.628000020980835,0.6600000262260437,0.6259999871253967,0.9139999747276306,0.6859999895095825,0.6600000262260437
115.74748396873474,0.628000020980835,0.656000018119812,0.628000020980835,0.8600000143051147,0.6899999976158142,0.6600000262260437
115.75736474990845,0.628000020980835,0.6520000100135803,0.6320000290870667,0.7919999957084656,0.6919999718666077,0.6600000262260437
115.76715850830078,0.628000020980835,0.6480000019073486,0.6320000290870667,0.7459999918937683,0.671999990940094,0.6600000262260437
115.77718114852905,0.6299999952316284,0.6460000276565552,0.6299999952316284,0.7319999933242798,0.6660000085830688,0.6600000262260437
115.78732228279114,0.6340000033378601,0.6480000019073486,0.6320000290870667,0.7239999771118164,0.6579999923706055,0.6779999732971191
115.79755091667175,0.6340000033378601,0.6460000276565552,0.6340000033378601,0.7279999852180481,0.6539999842643738,0.6639999747276306
115.8073468208313,0.6320000290870667,0.6480000019073486,0.6340000033378601,0.734000027179718,0.6539999842643738,0.6639999747276306
115.8173291683197,0.6340000033378601,0.6460000276565552,0.6340000033378601,0.7440000176429749,0.656000018119812,0.6639999747276306
115.82724261283875,0.6340000033378601,0.6460000276565552,0.6299999952316284,0.7480000257492065,0.6600000262260437,0.6639999747276306
115.83750462532043,0.6340000033378601,0.6460000276565552,0.6299999952316284,0.7459999918937683,0.6620000004768372,0.6639999747276306
115.8472797870636,0.6340000033378601,0.6460000276565552,0.6299999952316284,0.7459999918937683,0.6600000262260437,0.6639999747276306
115.85727262496948,0.6359999775886536,0.6460000276565552,0.6299999952316284,0.7459999918937683,0.6600000262260437,0.6639999747276306
115.86717462539673,0.6359999775886536,0.6460000276565552,0.6299999952316284,0.7459999918937683,0.6620000004768372,0.6639999747276306
115.87722325325012,0.6359999775886536,0.6480000019073486,0.6299999952316284,0.7459999918937683,0.6600000262260437,0.6639999747276306
115.88721513748169,0.6359999775886536,0.6460000276565552,0.6299999952316284,0.7459999918937683,0.6600000262260437,0.6639999747276306
115.89749574661255,0.6359999775886536,0.6480000019073486,0.6299999952316284,0.7480000257492065,0.6600000262260437,0.6639999747276306
115.90738797187805,0.6359999775886536,0.6460000276565552,0.6299999952316284,0.7480000257492065,0.6600000262260437,0.6639999747276306
115.91732287406921,0.6359999775886536,0.6460000276565552,0.6299999952316284,0.7480000257492065,0.6600000262260437,0.6639999747276306
115.92750382423401,0.6359999775886536,0.6460000276565552,0.6299999952316284,0.7459999918937683,0.6600000262260437,0.6639999747276306
115.93746662139893,0.6359999775886536,0.6460000276565552,0.6299999952316284,0.7459999918937683,0.6600000262260437,0.6639999747276306
115.94725513458252,0.6359999775886536,0.6480000019073486,0.6299999952316284,0.7480000257492065,0.6620000004768372,0.6639999747276306
115.95742630958557,0.6359999775886536,0.6480000019073486,0.6299999952316284,0.7480000257492065,0.6620000004768372,0.6639999747276306
115.96726727485657,0.6359999775886536,0.6460000276565552,0.6299999952316284,0.7480000257492065,0.6620000004768372,0.6639999747276306
115.97735595703125,0.6359999775886536,0.6460000276565552,0.6299999952316284,0.7480000257492065,0.6600000262260437,0.6639999747276306
115.98728466033936,0.6359999775886536,0.6460000276565552,0.6299999952316284,0.7480000257492065,0.6600000262260437,0.6639999747276306
115.99721121788025,0.6359999775886536,0.6460000276565552,0.6299999952316284,0.7480000257492065,0.6579999923706055,0.6639999747276306
116.01031923294067,0.6359999775886536,0.6460000276565552,0.6299999952316284,0.7459999918937683,0.6579999923706055,0.6639999747276306
116.01720380783081,0.6359999775886536,0.6460000276565552,0.6299999952316284,0.7459999918937683,0.6579999923706055,0.6639999747276306
116.02736067771912,0.6359999775886536,0.6460000276565552,0.6320000290870667,0.7440000176429749,0.6579999923706055,0.6639999747276306
116.03771686553955,0.6359999775886536,0.6480000019073486,0.6320000290870667,0.7419999837875366,0.6579999923706055,0.6620000004768372
116.0473473072052,0.6359999775886536,0.6480000019073486,0.6320000290870667,0.7419999837875366,0.656000018119812,0.6620000004768372
116.05753135681152,0.6359999775886536,0.6480000019073486,0.6340000033378601,0.7419999837875366,0.656000018119812,0.6620000004768372
116.06731224060059,0.6359999775886536,0.6480000019073486,0.6340000033378601,0.7419999837875366,0.656000018119812,0.6620000004768372
116.07729411125183,0.6359999775886536,0.6460000276565552,0.6340000033378601,0.7419999837875366,0.656000018119812,0.6620000004768372
116.0872495174408,0.6359999775886536,0.6480000019073486,0.6340000033378601,0.7440000176429749,0.6579999923706055,0.6620000004768372
116.09721541404724,0.6359999775886536,0.6460000276565552,0.6340000033378601,0.7440000176429749,0.6579999923706055,0.6620000004768372
116.1072301864624,0.6359999775886536,0.6480000019073486,0.6340000033378601,0.7440000176429749,0.6579999923706055,0.6620000004768372
116.11738562583923,0.6359999775886536,0.6460000276565552,0.6340000033378601,0.7440000176429749,0.6579999923706055,0.6620000004768372
116.12816643714905,0.6359999775886536,0.6460000276565552,0.6380000114440918,0.7419999837875366,0.656000018119812,0.6639999747276306
116.13740491867065,0.6359999775886536,0.6460000276565552,0.6439999938011169,0.7379999756813049,0.6520000100135803,0.671999990940094
116.14728569984436,0.6380000114440918,0.6460000276565552,0.6460000276565552,0.734000027179718,0.6480000019073486,0.6779999732971191
116.1575756072998,0.6420000195503235,0.6460000276565552,0.6499999761581421,0.7300000190734863,0.6460000276565552,0.7059999704360962
116.16720843315125,0.6340000033378601,0.6460000276565552,0.6639999747276306,0.7239999771118164,0.6460000276565552,0.7279999852180481
116.17822694778442,0.6520000100135803,0.6439999938011169,0.6779999732971191,0.7239999771118164,0.6380000114440918,0.7279999852180481
116.18815326690674,0.6639999747276306,0.6439999938011169,0.6899999976158142,0.7260000109672546,0.6499999761581421,0.722000002861023
116.19808721542358,0.6620000004768372,0.6439999938011169,0.6980000138282776,0.7400000095367432,0.6539999842643738,0.7139999866485596
116.20851278305054,0.6759999990463257,0.6439999938011169,0.7099999785423279,0.7459999918937683,0.7239999771118164,0.7099999785423279
116.21818733215332,0.6919999718666077,0.6420000195503235,0.7160000205039978,0.7519999742507935,0.7440000176429749,0.7059999704360962
116.22788166999817,0.7020000219345093,0.6439999938011169,0.722000002861023,0.7559999823570251,0.7639999985694885,0.7020000219345093
116.24402523040771,0.7099999785423279,0.6439999938011169,0.7260000109672546,0.7639999985694885,0.7720000147819519,0.7020000219345093
116.24875831604004,0.7139999866485596,0.6439999938011169,0.7279999852180481,0.7739999890327454,0.7799999713897705,0.7020000219345093
116.26197648048401,0.7179999947547913,0.6439999938011169,0.7319999933242798,0.7860000133514404,0.7879999876022339,0.7039999961853027
116.27215814590454,0.722000002861023,0.6439999938011169,0.734000027179718,0.7900000214576721,0.7940000295639038,0.7039999961853027
116.27996110916138,0.7239999771118164,0.6439999938011169,0.7360000014305115,0.7919999957084656,0.7979999780654907,0.7039999961853027
116.29176712036133,0.7300000190734863,0.6439999938011169,0.7400000095367432,0.7979999780654907,0.8080000281333923,0.7020000219345093
116.30063247680664,0.7319999933242798,0.6439999938011169,0.7400000095367432,0.7979999780654907,0.8100000023841858,0.7020000219345093
116.31085324287415,0.7319999933242798,0.6439999938011169,0.7400000095367432,0.7979999780654907,0.8100000023841858,0.7020000219345093
116.31760144233704,0.734000027179718,0.6460000276565552,0.7419999837875366,0.7979999780654907,0.8119999766349792,0.7020000219345093
116.3279299736023,0.734000027179718,0.6460000276565552,0.7419999837875366,0.7960000038146973,0.8100000023841858,0.7020000219345093
116.33798408508301,0.7360000014305115,0.6460000276565552,0.7419999837875366,0.7919999957084656,0.8080000281333923,0.699999988079071
116.34839487075806,0.7379999756813049,0.6460000276565552,0.7419999837875366,0.7860000133514404,0.8040000200271606,0.699999988079071
116.35893273353577,0.7379999756813049,0.6460000276565552,0.7419999837875366,0.7820000052452087,0.8019999861717224,0.6980000138282776
116.36803483963013,0.7400000095367432,0.6460000276565552,0.7419999837875366,0.7760000228881836,0.800000011920929,0.6959999799728394
116.37742948532104,0.7400000095367432,0.6460000276565552,0.7419999837875366,0.7680000066757202,0.7960000038146973,0.6959999799728394
116.38752603530884,0.7419999837875366,0.6460000276565552,0.7419999837875366,0.7599999904632568,0.7919999957084656,0.6940000057220459
116.39949679374695,0.7440000176429749,0.6460000276565552,0.7419999837875366,0.7559999823570251,0.7879999876022339,0.6940000057220459
116.4074056148529,0.7459999918937683,0.6460000276565552,0.7419999837875366,0.7519999742507935,0.7860000133514404,0.6919999718666077
116.41741394996643,0.7459999918937683,0.6460000276565552,0.7419999837875366,0.7519999742507935,0.7839999794960022,0.6919999718666077
116.42725729942322,0.7480000257492065,0.6460000276565552,0.7419999837875366,0.7519999742507935,0.7839999794960022,0.6899999976158142
116.43726181983948,0.7480000257492065,0.6460000276565552,0.7440000176429749,0.7540000081062317,0.7839999794960022,0.6880000233650208
116.44743847846985,0.75,0.6460000276565552,0.7459999918937683,0.7540000081062317,0.7860000133514404,0.6880000233650208
116.45834875106812,0.7519999742507935,0.6460000276565552,0.7459999918937683,0.7559999823570251,0.7860000133514404,0.6880000233650208
116.46734738349915,0.7540000081062317,0.6460000276565552,0.7480000257492065,0.765999972820282,0.7879999876022339,0.6859999895095825
116.47741174697876,0.7540000081062317,0.6460000276565552,0.75,0.7739999890327454,0.7900000214576721,0.6859999895095825
116.48788952827454,0.7559999823570251,0.6460000276565552,0.7540000081062317,0.7820000052452087,0.7940000295639038,0.6859999895095825
116.4974296092987,0.7559999823570251,0.6460000276565552,0.7559999823570251,0.7900000214576721,0.7979999780654907,0.6859999895095825
116.50729823112488,0.7580000162124634,0.6480000019073486,0.7599999904632568,0.7979999780654907,0.8040000200271606,0.6859999895095825
116.51729679107666,0.7580000162124634,0.6480000019073486,0.7620000243186951,0.8040000200271606,0.8080000281333923,0.6859999895095825
116.52739953994751,0.7580000162124634,0.6480000019073486,0.7639999985694885,0.8119999766349792,0.8119999766349792,0.6859999895095825
116.5374083518982,0.7599999904632568,0.6480000019073486,0.765999972820282,0.8159999847412109,0.8159999847412109,0.6840000152587891
116.54746580123901,0.7599999904632568,0.6499999761581421,0.7680000066757202,0.8220000267028809,0.8220000267028809,0.6840000152587891
116.55800080299377,0.7620000243186951,0.6499999761581421,0.7699999809265137,0.828000009059906,0.828000009059906,0.6819999814033508
116.56939315795898,0.7620000243186951,0.6499999761581421,0.7720000147819519,0.8320000171661377,0.8299999833106995,0.6800000071525574
116.57834053039551,0.7620000243186951,0.6520000100135803,0.7720000147819519,0.8360000252723694,0.8339999914169312,0.6779999732971191
116.58769512176514,0.7639999985694885,0.6520000100135803,0.7739999890327454,0.8379999995231628,0.8360000252723694,0.6759999990463257
116.59802794456482,0.7639999985694885,0.6539999842643738,0.7739999890327454,0.8460000157356262,0.8399999737739563,0.6759999990463257
116.61032342910767,0.7639999985694885,0.6539999842643738,0.7760000228881836,0.8500000238418579,0.843999981880188,0.6740000247955322
116.61891889572144,0.7639999985694885,0.6539999842643738,0.7760000228881836,0.8539999723434448,0.8460000157356262,0.6740000247955322
116.62843608856201,0.7639999985694885,0.656000018119812,0.7760000228881836,0.8600000143051147,0.8519999980926514,0.6740000247955322
116.63780617713928,0.7620000243186951,0.6600000262260437,0.777999997138977,0.8659999966621399,0.8579999804496765,0.6740000247955322
116.64813041687012,0.7620000243186951,0.6639999747276306,0.777999997138977,0.8740000128746033,0.8659999966621399,0.6740000247955322
116.65789914131165,0.7599999904632568,0.6660000085830688,0.777999997138977,0.8840000033378601,0.8759999871253967,0.6740000247955322
116.66805529594421,0.7599999904632568,0.6700000166893005,0.777999997138977,0.8920000195503235,0.8840000033378601,0.671999990940094
116.68212676048279,0.7599999904632568,0.671999990940094,0.7799999713897705,0.9020000100135804,0.8920000195503235,0.6700000166893005
116.68831872940063,0.7599999904632568,0.6759999990463257,0.7799999713897705,0.9120000004768372,0.9020000100135804,0.6679999828338623
116.70011019706726,0.7580000162124634,0.6779999732971191,0.7820000052452087,0.9200000166893004,0.906000018119812,0.6679999828338623
116.71075487136841,0.7580000162124634,0.6840000152587891,0.7820000052452087,0.9300000071525574,0.9100000262260436,0.6660000085830688
116.71869373321533,0.7580000162124634,0.6880000233650208,0.7820000052452087,0.9380000233650208,0.9139999747276306,0.6620000004768372
116.73037528991699,0.7580000162124634,0.6940000057220459,0.7820000052452087,0.944000005722046,0.9200000166893004,0.6600000262260437
116.73839473724365,0.7580000162124634,0.6959999799728394,0.7839999794960022,0.9539999961853028,0.9259999990463256,0.656000018119812
116.74743342399597,0.7559999823570251,0.6980000138282776,0.7839999794960022,0.959999978542328,0.9300000071525574,0.6579999923706055
116.75759720802307,0.7559999823570251,0.7020000219345093,0.7839999794960022,0.9700000286102296,0.9359999895095824,0.656000018119812
116.76773262023926,0.7540000081062317,0.7059999704360962,0.7839999794960022,0.9760000109672546,0.9399999976158142,0.656000018119812
116.77750015258789,0.7540000081062317,0.7080000042915344,0.7839999794960022,0.9819999933242798,0.944000005722046,0.656000018119812
116.78976392745972,0.7519999742507935,0.7099999785423279,0.7839999794960022,0.9900000095367432,0.949999988079071,0.6539999842643738
116.79755806922913,0.7519999742507935,0.7099999785423279,0.7839999794960022,0.9919999837875366,0.949999988079071,0.6539999842643738
116.80861806869507,0.7519999742507935,0.7099999785423279,0.7839999794960022,0.9919999837875366,0.949999988079071,0.6539999842643738
116.82221841812134,0.7480000257492065,0.7160000205039978,0.7839999794960022,1.0119999647140503,0.959999978542328,0.656000018119812
116.82765531539917,0.7459999918937683,0.7179999947547913,0.7839999794960022,1.0199999809265137,0.9639999866485596,0.656000018119812
116.83746242523193,0.7419999837875366,0.722000002861023,0.7839999794960022,1.0260000228881836,0.9660000205039978,0.656000018119812
116.84748125076294,0.7379999756813049,0.7239999771118164,0.7839999794960022,1.0360000133514404,0.9679999947547911,0.656000018119812
116.8573670387268,0.734000027179718,0.7260000109672546,0.7820000052452087,1.0420000553131104,0.9679999947547911,0.656000018119812
116.86743783950806,0.7300000190734863,0.7300000190734863,0.7820000052452087,1.0499999523162842,0.9700000286102296,0.656000018119812
116.87742114067078,0.7260000109672546,0.7319999933242798,0.7799999713897705,1.055999994277954,0.9700000286102296,0.6539999842643738
116.88881802558899,0.7179999947547913,0.734000027179718,0.7760000228881836,1.062000036239624,0.9700000286102296,0.6539999842643738
116.89802861213684,0.7059999704360962,0.7379999756813049,0.7699999809265137,1.0679999589920044,0.9700000286102296,0.6539999842643738
116.90990662574768,0.6980000138282776,0.7379999756813049,0.765999972820282,1.0740000009536743,0.9679999947547911,0.6539999842643738
116.91745805740356,0.6840000152587891,0.7419999837875366,0.7580000162124634,1.0800000429153442,0.9660000205039978,0.6539999842643738
116.92754244804382,0.671999990940094,0.7419999837875366,0.7480000257492065,1.0839999914169312,0.962000012397766,0.6539999842643738
116.93746590614319,0.6639999747276306,0.7440000176429749,0.7400000095367432,1.0859999656677246,0.959999978542328,0.6539999842643738
116.94745683670044,0.656000018119812,0.7440000176429749,0.7300000190734863,1.090000033378601,0.949999988079071,0.6539999842643738
116.95745301246643,0.6520000100135803,0.7440000176429749,0.7200000286102295,1.0920000076293943,0.9359999895095824,0.6539999842643738
116.96751523017883,0.6480000019073486,0.7459999918937683,0.7099999785423279,1.0920000076293943,0.8920000195503235,0.6539999842643738
116.97740387916565,0.6439999938011169,0.7459999918937683,0.6980000138282776,1.0920000076293943,0.8399999737739563,0.6539999842643738
116.98762202262878,0.6439999938011169,0.7459999918937683,0.6880000233650208,1.090000033378601,0.7979999780654907,0.6539999842643738
116.99932789802551,0.6439999938011169,0.7459999918937683,0.6819999814033508,1.0859999656677246,0.7620000243186951,0.656000018119812
117.0093126296997,0.6420000195503235,0.7440000176429749,0.6779999732971191,1.0820000171661377,0.7459999918937683,0.656000018119812
117.01795864105225,0.6380000114440918,0.7440000176429749,0.6740000247955322,1.0740000009536743,0.7300000190734863,0.656000018119812
117.02915740013123,0.6380000114440918,0.7360000014305115,0.6700000166893005,1.0640000104904177,0.7179999947547913,0.656000018119812
117.03793144226074,0.6380000114440918,0.7200000286102295,0.6639999747276306,1.0540000200271606,0.7080000042915344,0.656000018119812
117.04771161079407,0.6380000114440918,0.6880000233650208,0.6480000019073486,1.027999997138977,0.6980000138282776,0.656000018119812
117.05745100975037,0.6380000114440918,0.6660000085830688,0.6359999775886536,0.9940000176429749,0.7020000219345093,0.656000018119812
117.06767630577087,0.6340000033378601,0.6639999747276306,0.6299999952316284,0.9660000205039978,0.7099999785423279,0.656000018119812
117.0775420665741,0.6299999952316284,0.6620000004768372,0.6299999952316284,0.9179999828338624,0.7160000205039978,0.656000018119812
117.08762001991272,0.6299999952316284,0.6579999923706055,0.6299999952316284,0.8880000114440918,0.7179999947547913,0.656000018119812
117.09748411178589,0.6299999952316284,0.6539999842643738,0.6380000114440918,0.800000011920929,0.7139999866485596,0.6579999923706055
117.1083927154541,0.628000020980835,0.6499999761581421,0.6399999856948853,0.7379999756813049,0.6759999990463257,0.6579999923706055
117.11761689186096,0.628000020980835,0.6480000019073486,0.6380000114440918,0.7160000205039978,0.656000018119812,0.6579999923706055
117.12742805480957,0.6299999952316284,0.6480000019073486,0.6380000114440918,0.7260000109672546,0.6539999842643738,0.6579999923706055
117.13813281059265,0.6299999952316284,0.6480000019073486,0.6380000114440918,0.7239999771118164,0.6539999842643738,0.6579999923706055
117.14746618270874,0.6320000290870667,0.6480000019073486,0.6380000114440918,0.7239999771118164,0.6539999842643738,0.6600000262260437
117.15746736526489,0.6340000033378601,0.6480000019073486,0.6380000114440918,0.7260000109672546,0.6539999842643738,0.6620000004768372
117.16741943359375,0.6340000033378601,0.6480000019073486,0.6380000114440918,0.7279999852180481,0.6539999842643738,0.6620000004768372
117.17759895324707,0.6340000033378601,0.6480000019073486,0.6380000114440918,0.7300000190734863,0.6539999842643738,0.6620000004768372
117.1875569820404,0.6340000033378601,0.6480000019073486,0.6380000114440918,0.7319999933242798,0.6539999842643738,0.6620000004768372
117.1974048614502,0.6320000290870667,0.6480000019073486,0.6380000114440918,0.7319999933242798,0.6539999842643738,0.6620000004768372
117.20745301246643,0.6340000033378601,0.6480000019073486,0.6380000114440918,0.7319999933242798,0.6539999842643738,0.6620000004768372
117.21731209754944,0.6340000033378601,0.6480000019073486,0.6359999775886536,0.7319999933242798,0.6539999842643738,0.6620000004768372
117.22773361206055,0.6340000033378601,0.6480000019073486,0.6359999775886536,0.7319999933242798,0.6539999842643738,0.6620000004768372
117.24012017250061,0.6340000033378601,0.6480000019073486,0.6359999775886536,0.7319999933242798,0.6539999842643738,0.6620000004768372
117.24734854698181,0.6340000033378601,0.6480000019073486,0.6359999775886536,0.7319999933242798,0.6539999842643738,0.6620000004768372
117.25747680664062,0.6340000033378601,0.6480000019073486,0.6359999775886536,0.7300000190734863,0.6539999842643738,0.6620000004768372
117.26799964904785,0.6340000033378601,0.6480000019073486,0.6359999775886536,0.7319999933242798,0.6539999842643738,0.6620000004768372
117.27753734588623,0.6340000033378601,0.6480000019073486,0.6359999775886536,0.7319999933242798,0.6539999842643738,0.6620000004768372
117.28753471374512,0.6340000033378601,0.6480000019073486,0.6359999775886536,0.7319999933242798,0.6539999842643738,0.6620000004768372
117.29751396179199,0.6340000033378601,0.6480000019073486,0.6359999775886536,0.7319999933242798,0.6539999842643738,0.6620000004768372
117.30774164199829,0.6340000033378601,0.6480000019073486,0.6359999775886536,0.7319999933242798,0.6539999842643738,0.6620000004768372
117.31747102737427,0.6340000033378601,0.6460000276565552,0.6359999775886536,0.7319999933242798,0.6539999842643738,0.6620000004768372
117.32758450508118,0.6340000033378601,0.6480000019073486,0.6359999775886536,0.7319999933242798,0.6539999842643738,0.6620000004768372
117.33758163452148,0.6340000033378601,0.6460000276565552,0.6359999775886536,0.7319999933242798,0.6539999842643738,0.6620000004768372
117.34778451919556,0.6340000033378601,0.6460000276565552,0.6359999775886536,0.7319999933242798,0.6539999842643738,0.6620000004768372
117.3578634262085,0.6340000033378601,0.6460000276565552,0.6359999775886536,0.7319999933242798,0.6539999842643738,0.6620000004768372
117.36814522743225,0.6340000033378601,0.6460000276565552,0.6359999775886536,0.7319999933242798,0.6539999842643738,0.6620000004768372
117.3786392211914,0.6340000033378601,0.6460000276565552,0.6359999775886536,0.7319999933242798,0.6539999842643738,0.6620000004768372
117.38949680328369,0.6340000033378601,0.6460000276565552,0.6359999775886536,0.7319999933242798,0.6539999842643738,0.6620000004768372
117.397705078125,0.6340000033378601,0.6460000276565552,0.6359999775886536,0.7319999933242798,0.6539999842643738,0.6620000004768372
117.40759563446045,0.6340000033378601,0.6460000276565552,0.6380000114440918,0.7319999933242798,0.6539999842643738,0.6620000004768372
117.41840600967407,0.6340000033378601,0.6460000276565552,0.6380000114440918,0.7319999933242798,0.6539999842643738,0.6620000004768372
117.42810583114624,0.6340000033378601,0.6460000276565552,0.6380000114440918,0.7300000190734863,0.6539999842643738,0.6620000004768372
117.43757629394531,0.6340000033378601,0.6460000276565552,0.6380000114440918,0.7300000190734863,0.6539999842643738,0.6600000262260437
117.44745397567749,0.6340000033378601,0.6460000276565552,0.6380000114440918,0.7300000190734863,0.6539999842643738,0.6600000262260437
117.45778584480286,0.6340000033378601,0.6460000276565552,0.6380000114440918,0.7300000190734863,0.6539999842643738,0.6600000262260437
117.46757078170776,0.6359999775886536,0.6460000276565552,0.6380000114440918,0.7300000190734863,0.6539999842643738,0.6600000262260437
117.47802138328552,0.6359999775886536,0.6460000276565552,0.6380000114440918,0.7300000190734863,0.6539999842643738,0.6600000262260437
117.4895350933075,0.6359999775886536,0.6460000276565552,0.6380000114440918,0.7319999933242798,0.656000018119812,0.6600000262260437
117.49897241592407,0.6359999775886536,0.6460000276565552,0.6380000114440918,0.7319999933242798,0.656000018119812,0.6600000262260437
117.50766229629517,0.6340000033378601,0.6460000276565552,0.6399999856948853,0.7319999933242798,0.6539999842643738,0.6620000004768372
117.51756477355957,0.6359999775886536,0.6460000276565552,0.6439999938011169,0.7260000109672546,0.6499999761581421,0.6700000166893005
117.52745723724365,0.6359999775886536,0.6460000276565552,0.6499999761581421,0.7239999771118164,0.6460000276565552,0.6919999718666077
117.53769421577454,0.6359999775886536,0.6460000276565552,0.6600000262260437,0.7239999771118164,0.6420000195503235,0.7080000042915344
117.54750943183899,0.6299999952316284,0.6439999938011169,0.6660000085830688,0.7099999785423279,0.6439999938011169,0.7239999771118164
117.55760788917542,0.6380000114440918,0.6439999938011169,0.6819999814033508,0.7099999785423279,0.6380000114440918,0.7260000109672546
117.56760621070862,0.6480000019073486,0.6439999938011169,0.6959999799728394,0.7179999947547913,0.6539999842643738,0.722000002861023
117.57759976387024,0.6499999761581421,0.6439999938011169,0.7039999961853027,0.7400000095367432,0.6800000071525574,0.7139999866485596
117.59117817878723,0.6639999747276306,0.6420000195503235,0.7139999866485596,0.7480000257492065,0.7360000014305115,0.7120000123977661
117.59918308258057,0.6779999732971191,0.6399999856948853,0.7200000286102295,0.7559999823570251,0.7620000243186951,0.7080000042915344
117.60741853713989,0.6899999976158142,0.6399999856948853,0.7260000109672546,0.7620000243186951,0.7720000147819519,0.7039999961853027
117.61811804771423,0.7059999704360962,0.6399999856948853,0.7300000190734863,0.7820000052452087,0.7860000133514404,0.7020000219345093
117.62848258018494,0.7160000205039978,0.6439999938011169,0.7360000014305115,0.8080000281333923,0.800000011920929,0.7020000219345093
117.63801741600037,0.722000002861023,0.6420000195503235,0.7379999756813049,0.8180000185966492,0.8080000281333923,0.699999988079071
117.64750123023987,0.7300000190734863,0.6439999938011169,0.7419999837875366,0.828000009059906,0.8119999766349792,0.6980000138282776
117.65759372711182,0.7360000014305115,0.6439999938011169,0.7459999918937683,0.8320000171661377,0.8159999847412109,0.6980000138282776
117.66742205619812,0.7379999756813049,0.6439999938011169,0.7459999918937683,0.8339999914169312,0.8180000185966492,0.6959999799728394
117.67740750312805,0.7400000095367432,0.6460000276565552,0.7480000257492065,0.8339999914169312,0.8180000185966492,0.6940000057220459
117.68762135505676,0.7419999837875366,0.6460000276565552,0.75,0.8339999914169312,0.8180000185966492,0.6940000057220459
117.69823431968689,0.7419999837875366,0.6460000276565552,0.75,0.8320000171661377,0.8159999847412109,0.6919999718666077
117.70773983001709,0.7440000176429749,0.6460000276565552,0.75,0.8299999833106995,0.8119999766349792,0.6899999976158142
117.71756768226624,0.7440000176429749,0.6460000276565552,0.7519999742507935,0.8259999752044678,0.8100000023841858,0.6880000233650208
117.72796249389648,0.7459999918937683,0.6460000276565552,0.7519999742507935,0.8240000009536743,0.8080000281333923,0.6859999895095825
117.7375590801239,0.7459999918937683,0.6460000276565552,0.7519999742507935,0.8220000267028809,0.8059999942779541,0.6840000152587891
117.74761033058167,0.7480000257492065,0.6460000276565552,0.7519999742507935,0.8159999847412109,0.8019999861717224,0.6840000152587891
117.75754165649414,0.7480000257492065,0.6460000276565552,0.7519999742507935,0.8100000023841858,0.7979999780654907,0.6819999814033508
117.7676305770874,0.75,0.6460000276565552,0.7519999742507935,0.8059999942779541,0.7960000038146973,0.6800000071525574
117.77760481834412,0.75,0.6460000276565552,0.7519999742507935,0.8040000200271606,0.7919999957084656,0.6779999732971191
117.78752255439758,0.7519999742507935,0.6460000276565552,0.7519999742507935,0.8019999861717224,0.7879999876022339,0.6779999732971191
117.79740643501282,0.7519999742507935,0.6460000276565552,0.7540000081062317,0.800000011920929,0.7879999876022339,0.6759999990463257
117.80760908126831,0.7540000081062317,0.6460000276565552,0.7540000081062317,0.7979999780654907,0.7860000133514404,0.6759999990463257
117.81765794754028,0.7540000081062317,0.6460000276565552,0.7540000081062317,0.800000011920929,0.7860000133514404,0.6759999990463257
117.83038139343262,0.7559999823570251,0.6460000276565552,0.7559999823570251,0.800000011920929,0.7860000133514404,0.6759999990463257
117.83757662773132,0.7559999823570251,0.6460000276565552,0.7559999823570251,0.8019999861717224,0.7879999876022339,0.6759999990463257
117.84833765029907,0.7580000162124634,0.6460000276565552,0.7580000162124634,0.8059999942779541,0.7900000214576721,0.6759999990463257
117.85805678367615,0.7580000162124634,0.6460000276565552,0.7599999904632568,0.8119999766349792,0.7919999957084656,0.6759999990463257
117.86768460273743,0.7580000162124634,0.6460000276565552,0.7620000243186951,0.8180000185966492,0.7940000295639038,0.6779999732971191
117.87757992744446,0.7580000162124634,0.6460000276565552,0.7620000243186951,0.8220000267028809,0.7979999780654907,0.6779999732971191
117.88753128051758,0.7599999904632568,0.6460000276565552,0.7639999985694885,0.8259999752044678,0.8019999861717224,0.6779999732971191
117.89771509170532,0.7599999904632568,0.6460000276565552,0.765999972820282,0.828000009059906,0.8059999942779541,0.6779999732971191
117.90756464004517,0.7599999904632568,0.6460000276565552,0.7680000066757202,0.8320000171661377,0.8100000023841858,0.6800000071525574
117.91756963729858,0.7599999904632568,0.6460000276565552,0.7680000066757202,0.8360000252723694,0.8159999847412109,0.6800000071525574
117.92840933799744,0.7599999904632568,0.6480000019073486,0.7699999809265137,0.8379999995231628,0.8180000185966492,0.6819999814033508
117.93918514251709,0.7599999904632568,0.6460000276565552,0.7720000147819519,0.8420000076293945,0.8240000009536743,0.6819999814033508
117.94765281677246,0.7599999904632568,0.6480000019073486,0.7720000147819519,0.8479999899864197,0.828000009059906,0.6819999814033508
117.95796942710876,0.7599999904632568,0.6480000019073486,0.7720000147819519,0.8500000238418579,0.8299999833106995,0.6819999814033508
117.96752047538757,0.7599999904632568,0.6480000019073486,0.7739999890327454,0.8560000061988831,0.8360000252723694,0.6840000152587891
117.9774854183197,0.7580000162124634,0.6480000019073486,0.7739999890327454,0.8619999885559082,0.8399999737739563,0.6840000152587891
117.98821926116943,0.7580000162124634,0.6499999761581421,0.7739999890327454,0.8679999709129333,0.8519999980926514,0.6840000152587891
117.99738550186157,0.7559999823570251,0.6520000100135803,0.7739999890327454,0.878000020980835,0.8659999966621399,0.6840000152587891
118.00762486457825,0.7559999823570251,0.6539999842643738,0.7760000228881836,0.8820000290870667,0.8759999871253967,0.6840000152587891
118.01750707626343,0.7540000081062317,0.6539999842643738,0.7760000228881836,0.8899999856948853,0.8859999775886536,0.6840000152587891
118.02756428718567,0.7540000081062317,0.6539999842643738,0.777999997138977,0.8980000019073486,0.8920000195503235,0.6840000152587891
118.03753352165222,0.7540000081062317,0.6539999842643738,0.777999997138977,0.906000018119812,0.8980000019073486,0.6819999814033508
118.04776096343994,0.7540000081062317,0.6539999842643738,0.777999997138977,0.9139999747276306,0.9020000100135804,0.6800000071525574
118.05859541893005,0.7540000081062317,0.656000018119812,0.7799999713897705,0.9200000166893004,0.9079999923706056,0.6779999732971191
118.06765484809875,0.7540000081062317,0.656000018119812,0.7799999713897705,0.9279999732971193,0.9120000004768372,0.6759999990463257
118.07794237136841,0.7540000081062317,0.656000018119812,0.7799999713897705,0.9359999895095824,0.9179999828338624,0.671999990940094
118.0884268283844,0.7540000081062317,0.6579999923706055,0.7820000052452087,0.9399999976158142,0.921999990940094,0.6700000166893005
118.09754180908203,0.7540000081062317,0.6639999747276306,0.7820000052452087,0.9480000138282776,0.9279999732971193,0.6679999828338623
118.10767459869385,0.7540000081062317,0.6679999828338623,0.7820000052452087,0.9539999961853028,0.9300000071525574,0.6679999828338623
118.11769580841064,0.7540000081062317,0.671999990940094,0.7839999794960022,0.962000012397766,0.9340000152587892,0.6620000004768372
118.12768125534058,0.7540000081062317,0.6759999990463257,0.7839999794960022,0.9700000286102296,0.9399999976158142,0.6600000262260437
118.13764667510986,0.7540000081062317,0.6819999814033508,0.7839999794960022,0.9739999771118164,0.9419999718666076,0.656000018119812
118.147540807724,0.7540000081062317,0.6859999895095825,0.7839999794960022,0.9819999933242798,0.9459999799728394,0.656000018119812
118.15808081626892,0.7519999742507935,0.6899999976158142,0.7839999794960022,0.9879999756813048,0.949999988079071,0.656000018119812
118.16781854629517,0.7519999742507935,0.6940000057220459,0.7860000133514404,0.9980000257492064,0.9539999961853028,0.6539999842643738
118.17747235298157,0.7519999742507935,0.699999988079071,0.7860000133514404,1.0080000162124634,0.9580000042915344,0.6539999842643738
118.18824243545532,0.75,0.7039999961853027,0.7860000133514404,1.0140000581741333,0.959999978542328,0.6539999842643738
118.19824552536011,0.7480000257492065,0.7099999785423279,0.7860000133514404,1.02400004863739,0.9639999866485596,0.6539999842643738
118.2074556350708,0.7440000176429749,0.7139999866485596,0.7860000133514404,1.034000039100647,0.9639999866485596,0.6539999842643738
118.21756052970886,0.7400000095367432,0.7179999947547913,0.7839999794960022,1.0420000553131104,0.9660000205039978,0.6539999842643738
118.22749662399292,0.7319999933242798,0.7239999771118164,0.7820000052452087,1.0520000457763672,0.9679999947547911,0.6539999842643738
118.2375271320343,0.7279999852180481,0.7279999852180481,0.7799999713897705,1.0579999685287476,0.9679999947547911,0.6539999842643738
118.24746441841125,0.722000002861023,0.7319999933242798,0.7760000228881836,1.065999984741211,0.9660000205039978,0.6539999842643738
118.25738263130188,0.7080000042915344,0.734000027179718,0.7680000066757202,1.0740000009536743,0.9639999866485596,0.6539999842643738
118.26824855804443,0.6959999799728394,0.7360000014305115,0.7620000243186951,1.0779999494552612,0.962000012397766,0.6539999842643738
118.27773141860962,0.6819999814033508,0.7400000095367432,0.7480000257492065,1.0839999914169312,0.9559999704360962,0.6539999842643738
118.2878987789154,0.6700000166893005,0.7419999837875366,0.734000027179718,1.0880000591278076,0.9480000138282776,0.6539999842643738
118.29741764068604,0.6579999923706055,0.7440000176429749,0.7200000286102295,1.090000033378601,0.9340000152587892,0.6539999842643738
118.30756521224976,0.6499999761581421,0.7440000176429749,0.7080000042915344,1.093999981880188,0.8899999856948853,0.6520000100135803
118.317862033844,0.6480000019073486,0.7459999918937683,0.7020000219345093,1.0959999561309814,0.8320000171661377,0.6520000100135803
118.32756161689758,0.6480000019073486,0.7480000257492065,0.6899999976158142,1.0980000495910645,0.7699999809265137,0.6520000100135803
118.33804535865784,0.6460000276565552,0.7480000257492065,0.6840000152587891,1.0959999561309814,0.75,0.6539999842643738
118.3474395275116,0.6420000195503235,0.7459999918937683,0.6759999990463257,1.093999981880188,0.7319999933242798,0.6539999842643738
118.35736560821533,0.6380000114440918,0.7440000176429749,0.6679999828338623,1.0859999656677246,0.7080000042915344,0.6539999842643738
118.3674910068512,0.6359999775886536,0.7379999756813049,0.6539999842643738,1.0800000429153442,0.699999988079071,0.656000018119812
118.37759375572205,0.6380000114440918,0.7179999947547913,0.6340000033378601,1.0679999589920044,0.699999988079071,0.656000018119812
118.38758492469788,0.6380000114440918,0.6959999799728394,0.628000020980835,1.0420000553131104,0.7179999947547913,0.656000018119812
118.39763832092285,0.6299999952316284,0.6740000247955322,0.628000020980835,1.0180000066757202,0.7039999961853027,0.656000018119812
118.40748834609985,0.628000020980835,0.6660000085830688,0.628000020980835,0.977999985218048,0.6899999976158142,0.656000018119812
118.41745209693909,0.628000020980835,0.6620000004768372,0.6259999871253967,0.9300000071525574,0.6819999814033508,0.656000018119812
118.42742228507996,0.6259999871253967,0.6600000262260437,0.6259999871253967,0.8980000019073486,0.6840000152587891,0.656000018119812
118.43835139274597,0.628000020980835,0.6499999761581421,0.6320000290870667,0.8040000200271606,0.6919999718666077,0.656000018119812
118.44753813743591,0.6259999871253967,0.6480000019073486,0.6320000290870667,0.765999972820282,0.6779999732971191,0.656000018119812
118.45743823051453,0.628000020980835,0.6480000019073486,0.6299999952316284,0.7519999742507935,0.6679999828338623,0.6579999923706055
118.46756100654602,0.6299999952316284,0.6460000276565552,0.6320000290870667,0.7400000095367432,0.6600000262260437,0.6759999990463257
118.47770404815674,0.6320000290870667,0.6480000019073486,0.6320000290870667,0.7440000176429749,0.656000018119812,0.6620000004768372
118.48750925064087,0.6320000290870667,0.6460000276565552,0.6299999952316284,0.7519999742507935,0.6579999923706055,0.6600000262260437
118.49807167053223,0.6320000290870667,0.6460000276565552,0.6320000290870667,0.7620000243186951,0.6620000004768372,0.6600000262260437
118.50755023956299,0.6320000290870667,0.6460000276565552,0.6299999952316284,0.7639999985694885,0.6679999828338623,0.6620000004768372
118.51782488822937,0.6320000290870667,0.6460000276565552,0.6299999952316284,0.7639999985694885,0.6679999828338623,0.6620000004768372
118.52738332748413,0.6320000290870667,0.6460000276565552,0.6299999952316284,0.7639999985694885,0.6679999828338623,0.6620000004768372
118.5374927520752,0.6340000033378601,0.6460000276565552,0.6299999952316284,0.7620000243186951,0.6679999828338623,0.6620000004768372
118.54798650741577,0.6340000033378601,0.6460000276565552,0.6299999952316284,0.7620000243186951,0.6679999828338623,0.6620000004768372
118.5582377910614,0.6340000033378601,0.6460000276565552,0.6299999952316284,0.7599999904632568,0.6679999828338623,0.6620000004768372
118.56747961044312,0.6340000033378601,0.6460000276565552,0.6299999952316284,0.7599999904632568,0.6679999828338623,0.6620000004768372
118.57751727104187,0.6340000033378601,0.6460000276565552,0.6299999952316284,0.7599999904632568,0.6679999828338623,0.6620000004768372
118.5873384475708,0.6340000033378601,0.6460000276565552,0.6299999952316284,0.7599999904632568,0.6679999828338623,0.6620000004768372
118.5974473953247,0.6340000033378601,0.6460000276565552,0.6299999952316284,0.7599999904632568,0.6679999828338623,0.6620000004768372
118.60793590545654,0.6340000033378601,0.6460000276565552,0.6299999952316284,0.7599999904632568,0.6679999828338623,0.6620000004768372
118.61768674850464,0.6340000033378601,0.6460000276565552,0.6299999952316284,0.7580000162124634,0.6679999828338623,0.6620000004768372
118.62956357002258,0.6340000033378601,0.6460000276565552,0.6299999952316284,0.7580000162124634,0.6679999828338623,0.6620000004768372
118.63825273513794,0.6340000033378601,0.6460000276565552,0.6299999952316284,0.7580000162124634,0.6679999828338623,0.6620000004768372
118.64747619628906,0.6340000033378601,0.6460000276565552,0.6299999952316284,0.7580000162124634,0.6679999828338623,0.6620000004768372
118.65753078460693,0.6340000033378601,0.6460000276565552,0.6299999952316284,0.7580000162124634,0.6660000085830688,0.6620000004768372
118.66757726669312,0.6340000033378601,0.6460000276565552,0.6299999952316284,0.7580000162124634,0.6660000085830688,0.6620000004768372
118.677561044693,0.6340000033378601,0.6460000276565552,0.6299999952316284,0.7580000162124634,0.6660000085830688,0.6620000004768372
118.68848013877869,0.6340000033378601,0.6460000276565552,0.6299999952316284,0.7559999823570251,0.6639999747276306,0.6620000004768372
118.6975212097168,0.6340000033378601,0.6460000276565552,0.6320000290870667,0.7559999823570251,0.6639999747276306,0.6620000004768372
118.70772981643677,0.6340000033378601,0.6460000276565552,0.6320000290870667,0.7559999823570251,0.6639999747276306,0.6620000004768372
118.71760082244873,0.6340000033378601,0.6460000276565552,0.6320000290870667,0.7559999823570251,0.6639999747276306,0.6620000004768372
118.72771096229553,0.6340000033378601,0.6460000276565552,0.6320000290870667,0.7559999823570251,0.6639999747276306,0.6620000004768372
118.73777079582214,0.6340000033378601,0.6460000276565552,0.6320000290870667,0.7559999823570251,0.6639999747276306,0.6620000004768372
118.74748587608337,0.6359999775886536,0.6460000276565552,0.6320000290870667,0.7559999823570251,0.6600000262260437,0.6620000004768372
118.75762963294983,0.6359999775886536,0.6460000276565552,0.6320000290870667,0.7540000081062317,0.6579999923706055,0.6620000004768372
118.7675895690918,0.6359999775886536,0.6460000276565552,0.6340000033378601,0.7540000081062317,0.6579999923706055,0.6620000004768372
118.77750396728516,0.6359999775886536,0.6460000276565552,0.6340000033378601,0.7519999742507935,0.6579999923706055,0.6620000004768372
118.78767561912537,0.6359999775886536,0.6460000276565552,0.6340000033378601,0.7519999742507935,0.6579999923706055,0.6620000004768372
118.79747605323792,0.6359999775886536,0.6460000276565552,0.6340000033378601,0.7519999742507935,0.6579999923706055,0.6620000004768372
118.80766773223877,0.6340000033378601,0.6460000276565552,0.6359999775886536,0.7519999742507935,0.6579999923706055,0.6600000262260437
118.81744122505188,0.6340000033378601,0.6460000276565552,0.6399999856948853,0.7480000257492065,0.656000018119812,0.6679999828338623
118.82777857780457,0.6340000033378601,0.6460000276565552,0.6460000276565552,0.7400000095367432,0.6499999761581421,0.6700000166893005
118.83786058425903,0.6359999775886536,0.6460000276565552,0.6499999761581421,0.734000027179718,0.6460000276565552,0.6899999976158142
118.84742259979248,0.6320000290870667,0.6460000276565552,0.671999990940094,0.7239999771118164,0.6439999938011169,0.7279999852180481
118.85764837265015,0.656000018119812,0.6420000195503235,0.6819999814033508,0.7239999771118164,0.6380000114440918,0.7300000190734863
118.86774730682373,0.6639999747276306,0.6420000195503235,0.6880000233650208,0.7260000109672546,0.6840000152587891,0.7239999771118164
118.87782597541809,0.6660000085830688,0.6439999938011169,0.6940000057220459,0.7540000081062317,0.6940000057220459,0.7120000123977661
118.88752222061157,0.6759999990463257,0.6420000195503235,0.7059999704360962,0.7639999985694885,0.7400000095367432,0.7080000042915344
118.89753270149231,0.699999988079071,0.6420000195503235,0.7179999947547913,0.7860000133514404,0.7699999809265137,0.7020000219345093
118.90751457214355,0.7120000123977661,0.6439999938011169,0.7260000109672546,0.8240000009536743,0.7900000214576721,0.6959999799728394
118.91764616966248,0.7179999947547913,0.6460000276565552,0.7319999933242798,0.8479999899864197,0.8080000281333923,0.6940000057220459
118.92741298675537,0.7279999852180481,0.6460000276565552,0.7379999756813049,0.8700000047683716,0.828000009059906,0.6919999718666077
118.94199848175049,0.7319999933242798,0.6480000019073486,0.7419999837875366,0.8859999775886536,0.843999981880188,0.6919999718666077
118.94753861427307,0.734000027179718,0.6480000019073486,0.75,0.9020000100135804,0.8640000224113464,0.6899999976158142
118.95745897293091,0.7360000014305115,0.6480000019073486,0.7540000081062317,0.9200000166893004,0.878000020980835,0.6880000233650208
118.96779322624207,0.7379999756813049,0.6499999761581421,0.7559999823570251,0.9279999732971193,0.8840000033378601,0.6880000233650208
118.9775812625885,0.7379999756813049,0.6520000100135803,0.7580000162124634,0.9340000152587892,0.8920000195503235,0.6859999895095825
118.98778367042542,0.7379999756813049,0.6539999842643738,0.7599999904632568,0.9380000233650208,0.8960000276565552,0.6840000152587891
118.99819803237915,0.7379999756813049,0.656000018119812,0.7620000243186951,0.9380000233650208,0.8980000019073486,0.6819999814033508
119.0088849067688,0.7400000095367432,0.656000018119812,0.7620000243186951,0.9380000233650208,0.8999999761581421,0.6800000071525574
119.01785659790039,0.7400000095367432,0.6579999923706055,0.7620000243186951,0.9380000233650208,0.9020000100135804,0.6800000071525574
119.02845644950867,0.7400000095367432,0.6579999923706055,0.7620000243186951,0.9380000233650208,0.9020000100135804,0.6779999732971191
119.0391960144043,0.7400000095367432,0.6579999923706055,0.7620000243186951,0.9340000152587892,0.9020000100135804,0.6759999990463257
119.0501880645752,0.7400000095367432,0.6579999923706055,0.7620000243186951,0.9300000071525574,0.9020000100135804,0.6759999990463257
119.05906701087952,0.7400000095367432,0.6579999923706055,0.7620000243186951,0.9259999990463256,0.9020000100135804,0.6740000247955322
119.06793808937073,0.7400000095367432,0.6579999923706055,0.7620000243186951,0.9240000247955322,0.9020000100135804,0.6740000247955322
119.07790613174438,0.7400000095367432,0.6579999923706055,0.7620000243186951,0.921999990940094,0.9020000100135804,0.671999990940094
119.08947372436523,0.7419999837875366,0.6579999923706055,0.7620000243186951,0.9179999828338624,0.8999999761581421,0.671999990940094
119.1003954410553,0.7419999837875366,0.656000018119812,0.7620000243186951,0.9139999747276306,0.8980000019073486,0.6700000166893005
119.1079740524292,0.7419999837875366,0.656000018119812,0.7620000243186951,0.9120000004768372,0.8960000276565552,0.6700000166893005
119.1174042224884,0.7419999837875366,0.656000018119812,0.7620000243186951,0.9120000004768372,0.8960000276565552,0.6679999828338623
119.12736058235168,0.7419999837875366,0.656000018119812,0.7639999985694885,0.9120000004768372,0.8939999938011169,0.6679999828338623
119.13732361793518,0.7440000176429749,0.6539999842643738,0.7639999985694885,0.9120000004768372,0.8939999938011169,0.6679999828338623
119.1471631526947,0.7440000176429749,0.6539999842643738,0.7639999985694885,0.9139999747276306,0.8939999938011169,0.6679999828338623
119.1576247215271,0.7440000176429749,0.6539999842643738,0.765999972820282,0.9160000085830688,0.8939999938011169,0.6679999828338623
119.16724872589111,0.7459999918937683,0.656000018119812,0.765999972820282,0.9200000166893004,0.8939999938011169,0.6679999828338623
119.17736721038818,0.7459999918937683,0.656000018119812,0.7680000066757202,0.921999990940094,0.8960000276565552,0.6679999828338623
119.18730735778809,0.7459999918937683,0.6579999923706055,0.7680000066757202,0.9259999990463256,0.8960000276565552,0.6679999828338623
119.19746255874634,0.7480000257492065,0.6579999923706055,0.7699999809265137,0.9300000071525574,0.8980000019073486,0.6679999828338623
119.20719122886658,0.7480000257492065,0.6579999923706055,0.7699999809265137,0.9319999814033508,0.8999999761581421,0.6700000166893005
119.21724224090576,0.75,0.6579999923706055,0.7720000147819519,0.9380000233650208,0.9039999842643738,0.6700000166893005
119.22721862792969,0.75,0.6600000262260437,0.7720000147819519,0.9419999718666076,0.906000018119812,0.6700000166893005
119.23733401298523,0.75,0.6600000262260437,0.7720000147819519,0.944000005722046,0.9100000262260436,0.671999990940094
119.24751138687134,0.7519999742507935,0.6600000262260437,0.7739999890327454,0.9459999799728394,0.9139999747276306,0.671999990940094
119.25943446159363,0.7519999742507935,0.6600000262260437,0.7739999890327454,0.9480000138282776,0.9160000085830688,0.6740000247955322
119.27015733718872,0.7519999742507935,0.6600000262260437,0.7760000228881836,0.949999988079071,0.9179999828338624,0.6759999990463257
119.2805585861206,0.7519999742507935,0.6620000004768372,0.7760000228881836,0.9520000219345092,0.9200000166893004,0.6759999990463257
119.29228043556213,0.7519999742507935,0.6600000262260437,0.7760000228881836,0.9539999961853028,0.921999990940094,0.6779999732971191
119.29838252067566,0.75,0.6600000262260437,0.7760000228881836,0.9559999704360962,0.9240000247955322,0.6779999732971191
119.3077642917633,0.75,0.6579999923706055,0.7760000228881836,0.9559999704360962,0.9259999990463256,0.6779999732971191
119.32383298873901,0.75,0.6579999923706055,0.7760000228881836,0.959999978542328,0.9300000071525574,0.6779999732971191
119.33221411705017,0.7480000257492065,0.6579999923706055,0.7760000228881836,0.9639999866485596,0.9340000152587892,0.6779999732971191
119.34213328361511,0.7480000257492065,0.6600000262260437,0.777999997138977,0.9679999947547911,0.9359999895095824,0.6759999990463257
119.34856534004211,0.7480000257492065,0.6600000262260437,0.777999997138977,0.972000002861023,0.9399999976158142,0.6740000247955322
119.35839939117432,0.7480000257492065,0.6600000262260437,0.777999997138977,0.9760000109672546,0.9419999718666076,0.671999990940094
119.36775612831116,0.7459999918937683,0.6600000262260437,0.777999997138977,0.9800000190734864,0.9459999799728394,0.6700000166893005
119.37852883338928,0.7459999918937683,0.6639999747276306,0.777999997138977,0.9860000014305116,0.9480000138282776,0.6660000085830688
119.38802981376648,0.7459999918937683,0.6660000085830688,0.777999997138977,0.9900000095367432,0.949999988079071,0.6639999747276306
119.39794492721558,0.7440000176429749,0.6679999828338623,0.7799999713897705,0.9959999918937684,0.9539999961853028,0.6600000262260437
119.40730547904968,0.7440000176429749,0.671999990940094,0.7799999713897705,1.003999948501587,0.9559999704360962,0.6579999923706055
119.41749668121338,0.7440000176429749,0.6759999990463257,0.7799999713897705,1.0080000162124634,0.9580000042915344,0.6579999923706055
119.42745113372803,0.7419999837875366,0.6800000071525574,0.7799999713897705,1.0160000324249268,0.959999978542328,0.656000018119812
119.43727374076843,0.7419999837875366,0.6840000152587891,0.7799999713897705,1.02400004863739,0.959999978542328,0.656000018119812
119.44743657112122,0.7419999837875366,0.6859999895095825,0.7820000052452087,1.0299999713897705,0.9639999866485596,0.656000018119812
119.4572594165802,0.7400000095367432,0.6899999976158142,0.7820000052452087,1.037999987602234,0.9639999866485596,0.656000018119812
119.46735954284668,0.7379999756813049,0.6919999718666077,0.7820000052452087,1.0440000295639038,0.9660000205039978,0.656000018119812
119.47774744033813,0.7360000014305115,0.6980000138282776,0.7820000052452087,1.0520000457763672,0.9679999947547911,0.6539999842643738
119.48759937286377,0.7319999933242798,0.7020000219345093,0.7820000052452087,1.059999942779541,0.9700000286102296,0.6539999842643738
119.49728965759277,0.7300000190734863,0.7020000219345093,0.7799999713897705,1.0640000104904177,0.9700000286102296,0.6539999842643738
119.50750970840454,0.7260000109672546,0.7059999704360962,0.7799999713897705,1.0720000267028809,0.972000002861023,0.6539999842643738
119.51764702796936,0.7200000286102295,0.7099999785423279,0.777999997138977,1.0759999752044678,0.972000002861023,0.6539999842643738
119.5274305343628,0.7080000042915344,0.7120000123977661,0.7720000147819519,1.0820000171661377,0.972000002861023,0.6539999842643738
119.53737688064575,0.6919999718666077,0.7139999866485596,0.7639999985694885,1.0880000591278076,0.9679999947547911,0.6539999842643738
119.54742217063904,0.6779999732971191,0.7179999947547913,0.7580000162124634,1.0920000076293943,0.9660000205039978,0.6539999842643738
119.55733680725098,0.6660000085830688,0.7200000286102295,0.7459999918937683,1.093999981880188,0.959999978542328,0.6539999842643738
119.56750774383545,0.6539999842643738,0.722000002861023,0.7239999771118164,1.0980000495910645,0.949999988079071,0.6539999842643738
119.57736015319824,0.6480000019073486,0.7239999771118164,0.7099999785423279,1.100000023841858,0.9279999732971193,0.6539999842643738
119.587406873703,0.6460000276565552,0.7260000109672546,0.6919999718666077,1.1019999980926514,0.843999981880188,0.6539999842643738
119.59737539291382,0.6439999938011169,0.7300000190734863,0.6840000152587891,1.1019999980926514,0.7919999957084656,0.6539999842643738
119.60754680633545,0.6399999856948853,0.7279999852180481,0.6740000247955322,1.100000023841858,0.7540000081062317,0.6539999842643738
119.61970114707947,0.6380000114440918,0.7200000286102295,0.6639999747276306,1.093999981880188,0.7300000190734863,0.6539999842643738
119.62739682197571,0.6359999775886536,0.6919999718666077,0.6579999923706055,1.0880000591278076,0.7120000123977661,0.6539999842643738
119.63727474212646,0.6380000114440918,0.6620000004768372,0.6399999856948853,1.0720000267028809,0.7020000219345093,0.656000018119812
119.64732003211975,0.6380000114440918,0.6620000004768372,0.6340000033378601,1.055999994277954,0.7120000123977661,0.656000018119812
119.65732550621033,0.6359999775886536,0.6600000262260437,0.628000020980835,1.0260000228881836,0.7160000205039978,0.656000018119812
119.67043137550354,0.6299999952316284,0.6520000100135803,0.628000020980835,0.9879999756813048,0.7179999947547913,0.656000018119812
119.67729330062866,0.6299999952316284,0.6499999761581421,0.628000020980835,0.9559999704360962,0.7099999785423279,0.656000018119812
119.68731927871704,0.628000020980835,0.6480000019073486,0.628000020980835,0.906000018119812,0.7080000042915344,0.6579999923706055
119.6972439289093,0.628000020980835,0.6460000276565552,0.6340000033378601,0.8199999928474426,0.7059999704360962,0.6579999923706055
119.70731997489929,0.628000020980835,0.6439999938011169,0.6359999775886536,0.7639999985694885,0.6819999814033508,0.6579999923706055
119.7181224822998,0.628000020980835,0.6460000276565552,0.6340000033378601,0.7400000095367432,0.6579999923706055,0.6579999923706055
119.72727823257446,0.6299999952316284,0.6439999938011169,0.6359999775886536,0.734000027179718,0.6579999923706055,0.6600000262260437
119.737233877182,0.6320000290870667,0.6439999938011169,0.6359999775886536,0.7300000190734863,0.6579999923706055,0.6740000247955322
119.74750661849976,0.6320000290870667,0.6439999938011169,0.6380000114440918,0.734000027179718,0.656000018119812,0.6620000004768372
119.75735688209534,0.6320000290870667,0.6439999938011169,0.6380000114440918,0.7419999837875366,0.656000018119812,0.6620000004768372
119.76736640930176,0.6340000033378601,0.6439999938011169,0.6380000114440918,0.7459999918937683,0.656000018119812,0.6620000004768372
119.77761602401733,0.6340000033378601,0.6439999938011169,0.6380000114440918,0.7480000257492065,0.656000018119812,0.6620000004768372
119.7872748374939,0.6340000033378601,0.6439999938011169,0.6380000114440918,0.7480000257492065,0.6579999923706055,0.6620000004768372
119.79725360870361,0.6340000033378601,0.6439999938011169,0.6380000114440918,0.7480000257492065,0.6579999923706055,0.6620000004768372
119.80736804008484,0.6340000033378601,0.6439999938011169,0.6380000114440918,0.7480000257492065,0.6579999923706055,0.6620000004768372
119.81729531288147,0.6340000033378601,0.6439999938011169,0.6380000114440918,0.7480000257492065,0.6579999923706055,0.6620000004768372
119.83020329475403,0.6340000033378601,0.6439999938011169,0.6359999775886536,0.7480000257492065,0.6579999923706055,0.6620000004768372
119.83737325668335,0.6340000033378601,0.6439999938011169,0.6380000114440918,0.7459999918937683,0.6579999923706055,0.6620000004768372
119.847412109375,0.6340000033378601,0.6439999938011169,0.6380000114440918,0.7459999918937683,0.6579999923706055,0.6620000004768372
119.8573567867279,0.6340000033378601,0.6439999938011169,0.6380000114440918,0.7440000176429749,0.6579999923706055,0.6620000004768372
119.86733102798462,0.6340000033378601,0.6439999938011169,0.6380000114440918,0.7440000176429749,0.6579999923706055,0.6620000004768372
119.87739515304565,0.6340000033378601,0.6439999938011169,0.6380000114440918,0.7440000176429749,0.6579999923706055,0.6620000004768372
119.88736152648926,0.6340000033378601,0.6439999938011169,0.6380000114440918,0.7440000176429749,0.6579999923706055,0.6620000004768372
119.8976423740387,0.6340000033378601,0.6439999938011169,0.6380000114440918,0.7440000176429749,0.6579999923706055,0.6620000004768372
119.90760111808777,0.6340000033378601,0.6439999938011169,0.6359999775886536,0.7440000176429749,0.6579999923706055,0.6620000004768372
119.91730213165283,0.6340000033378601,0.6439999938011169,0.6359999775886536,0.7440000176429749,0.6579999923706055,0.6620000004768372
119.92730641365051,0.6340000033378601,0.6439999938011169,0.6359999775886536,0.7440000176429749,0.6579999923706055,0.6620000004768372
119.93728828430176,0.6340000033378601,0.6439999938011169,0.6380000114440918,0.7440000176429749,0.6579999923706055,0.6620000004768372
119.9475166797638,0.6340000033378601,0.6439999938011169,0.6380000114440918,0.7419999837875366,0.6579999923706055,0.6620000004768372
119.95738863945007,0.6340000033378601,0.6439999938011169,0.6380000114440918,0.7419999837875366,0.6579999923706055,0.6620000004768372
119.96773219108582,0.6340000033378601,0.6439999938011169,0.6380000114440918,0.7419999837875366,0.6579999923706055,0.6620000004768372
119.97734880447388,0.6340000033378601,0.6439999938011169,0.6380000114440918,0.7419999837875366,0.6579999923706055,0.6620000004768372
119.98746824264526,0.6340000033378601,0.6439999938011169,0.6380000114440918,0.7419999837875366,0.6579999923706055,0.6620000004768372
119.99746060371399,0.6340000033378601,0.6439999938011169,0.6359999775886536,0.7419999837875366,0.6579999923706055,0.6620000004768372
120.00730848312378,0.6340000033378601,0.6439999938011169,0.6380000114440918,0.7419999837875366,0.6579999923706055,0.6620000004768372
120.01738667488098,0.6340000033378601,0.6439999938011169,0.6380000114440918,0.7419999837875366,0.6579999923706055,0.6620000004768372
120.02732396125793,0.6340000033378601,0.6439999938011169,0.6380000114440918,0.7400000095367432,0.6579999923706055,0.6620000004768372
120.03744649887085,0.6340000033378601,0.6439999938011169,0.6380000114440918,0.7400000095367432,0.6579999923706055,0.6620000004768372
120.04731726646423,0.6340000033378601,0.6439999938011169,0.6380000114440918,0.7400000095367432,0.6579999923706055,0.6620000004768372
120.0573468208313,0.6340000033378601,0.6439999938011169,0.6380000114440918,0.7379999756813049,0.6579999923706055,0.6620000004768372
120.06747603416443,0.6340000033378601,0.6439999938011169,0.6380000114440918,0.7360000014305115,0.6579999923706055,0.6620000004768372
120.07728433609009,0.6340000033378601,0.6439999938011169,0.6380000114440918,0.7379999756813049,0.6579999923706055,0.6620000004768372
120.08746790885925,0.6340000033378601,0.6439999938011169,0.6380000114440918,0.7379999756813049,0.6579999923706055,0.6620000004768372
120.09729313850403,0.6340000033378601,0.6439999938011169,0.6380000114440918,0.7360000014305115,0.6579999923706055,0.6620000004768372
120.10746121406555,0.6340000033378601,0.6439999938011169,0.6380000114440918,0.7379999756813049,0.6579999923706055,0.6620000004768372
120.11753845214844,0.6320000290870667,0.6439999938011169,0.6399999856948853,0.7360000014305115,0.656000018119812,0.6620000004768372
120.12724590301514,0.6340000033378601,0.6439999938011169,0.6439999938011169,0.7260000109672546,0.6520000100135803,0.6740000247955322
120.1373541355133,0.6359999775886536,0.6439999938011169,0.6520000100135803,0.7239999771118164,0.6480000019073486,0.6899999976158142
120.14756536483765,0.6380000114440918,0.6439999938011169,0.6600000262260437,0.7179999947547913,0.6439999938011169,0.7179999947547913
120.15728783607483,0.6320000290870667,0.6420000195503235,0.6779999732971191,0.7080000042915344,0.6460000276565552,0.7260000109672546
120.16787672042847,0.6539999842643738,0.6420000195503235,0.6859999895095825,0.7080000042915344,0.6480000019073486,0.7239999771118164
120.17728281021118,0.6579999923706055,0.6420000195503235,0.6940000057220459,0.7260000109672546,0.656000018119812,0.7179999947547913
120.18740510940552,0.6620000004768372,0.6420000195503235,0.7039999961853027,0.7400000095367432,0.7260000109672546,0.7120000123977661
120.19731521606445,0.6740000247955322,0.6399999856948853,0.7120000123977661,0.7480000257492065,0.7459999918937683,0.7099999785423279
120.20742702484131,0.6919999718666077,0.6399999856948853,0.7200000286102295,0.7580000162124634,0.7699999809265137,0.7080000042915344
120.21732807159424,0.7059999704360962,0.6399999856948853,0.7260000109672546,0.7739999890327454,0.7879999876022339,0.7020000219345093
120.22725176811218,0.7139999866485596,0.6420000195503235,0.7300000190734863,0.7919999957084656,0.800000011920929,0.7020000219345093
120.23757195472717,0.722000002861023,0.6420000195503235,0.7360000014305115,0.8199999928474426,0.8159999847412109,0.7020000219345093
120.24763441085815,0.7300000190734863,0.6420000195503235,0.7400000095367432,0.8320000171661377,0.8259999752044678,0.699999988079071
120.25742149353027,0.7360000014305115,0.6420000195503235,0.7440000176429749,0.8420000076293945,0.8339999914169312,0.6980000138282776
120.26721453666687,0.7419999837875366,0.6439999938011169,0.7519999742507935,0.8500000238418579,0.843999981880188,0.6940000057220459
120.27779650688171,0.7440000176429749,0.6460000276565552,0.7540000081062317,0.8560000061988831,0.8500000238418579,0.6940000057220459
120.28738808631897,0.7459999918937683,0.6460000276565552,0.7580000162124634,0.8600000143051147,0.8579999804496765,0.6919999718666077
120.29747223854065,0.7459999918937683,0.6460000276565552,0.7580000162124634,0.8619999885559082,0.8619999885559082,0.6899999976158142
120.30734157562256,0.7480000257492065,0.6460000276565552,0.7599999904632568,0.8640000224113464,0.8640000224113464,0.6880000233650208
120.3173201084137,0.7480000257492065,0.6480000019073486,0.7620000243186951,0.8640000224113464,0.8640000224113464,0.6859999895095825
120.32723331451416,0.7480000257492065,0.6480000019073486,0.7620000243186951,0.8640000224113464,0.8640000224113464,0.6840000152587891
120.33733654022217,0.7480000257492065,0.6480000019073486,0.7620000243186951,0.8619999885559082,0.8619999885559082,0.6819999814033508
120.34731817245483,0.75,0.6480000019073486,0.7620000243186951,0.8600000143051147,0.8579999804496765,0.6800000071525574
120.3572518825531,0.75,0.6480000019073486,0.7620000243186951,0.8600000143051147,0.8560000061988831,0.6779999732971191
120.36730241775513,0.75,0.6480000019073486,0.7620000243186951,0.8579999804496765,0.8519999980926514,0.6779999732971191
120.37737393379211,0.75,0.6480000019073486,0.7620000243186951,0.8560000061988831,0.8519999980926514,0.6759999990463257
120.38783121109009,0.75,0.6480000019073486,0.7620000243186951,0.8560000061988831,0.8479999899864197,0.6759999990463257
120.3979549407959,0.75,0.6480000019073486,0.7620000243186951,0.8560000061988831,0.843999981880188,0.6759999990463257
120.40733766555786,0.7519999742507935,0.6480000019073486,0.7620000243186951,0.8560000061988831,0.843999981880188,0.6759999990463257
120.41731643676758,0.7519999742507935,0.6480000019073486,0.7639999985694885,0.8560000061988831,0.843999981880188,0.6759999990463257
120.42729139328003,0.7519999742507935,0.6480000019073486,0.7639999985694885,0.8579999804496765,0.843999981880188,0.6740000247955322
120.43731927871704,0.7519999742507935,0.6480000019073486,0.7639999985694885,0.8579999804496765,0.843999981880188,0.6759999990463257
120.44734978675842,0.7519999742507935,0.6480000019073486,0.7639999985694885,0.8579999804496765,0.843999981880188,0.6759999990463257
120.45787286758423,0.7540000081062317,0.6480000019073486,0.765999972820282,0.8579999804496765,0.843999981880188,0.6759999990463257
120.46788287162781,0.7540000081062317,0.6480000019073486,0.765999972820282,0.8600000143051147,0.8460000157356262,0.6759999990463257
120.47741293907166,0.7540000081062317,0.6480000019073486,0.765999972820282,0.8619999885559082,0.8479999899864197,0.6759999990463257
120.48731088638306,0.7540000081062317,0.6480000019073486,0.7680000066757202,0.8640000224113464,0.8500000238418579,0.6779999732971191
120.49743270874023,0.7559999823570251,0.6480000019073486,0.7680000066757202,0.8659999966621399,0.8539999723434448,0.6800000071525574
120.5073561668396,0.7559999823570251,0.6480000019073486,0.7699999809265137,0.8679999709129333,0.8560000061988831,0.6800000071525574
120.51740193367004,0.7559999823570251,0.6480000019073486,0.7699999809265137,0.871999979019165,0.8600000143051147,0.6819999814033508
120.52737379074097,0.7559999823570251,0.6480000019073486,0.7720000147819519,0.8740000128746033,0.8640000224113464,0.6819999814033508
120.53732061386108,0.7559999823570251,0.6480000019073486,0.7720000147819519,0.8759999871253967,0.8679999709129333,0.6819999814033508
120.54725313186646,0.7559999823570251,0.6499999761581421,0.7720000147819519,0.8799999952316284,0.871999979019165,0.6840000152587891
120.55732893943787,0.7559999823570251,0.6499999761581421,0.7720000147819519,0.8859999775886536,0.8740000128746033,0.6840000152587891
120.5680513381958,0.7559999823570251,0.6499999761581421,0.7739999890327454,0.8920000195503235,0.8799999952316284,0.6840000152587891
120.5775158405304,0.7559999823570251,0.6499999761581421,0.7739999890327454,0.8980000019073486,0.8859999775886536,0.6840000152587891
120.587411403656,0.7559999823570251,0.6499999761581421,0.7739999890327454,0.9039999842643738,0.8899999856948853,0.6859999895095825
120.59746432304382,0.7559999823570251,0.6520000100135803,0.7739999890327454,0.9079999923706056,0.8939999938011169,0.6859999895095825
120.60746121406555,0.7540000081062317,0.6520000100135803,0.7760000228881836,0.9139999747276306,0.8980000019073486,0.6859999895095825
120.61728405952454,0.7540000081062317,0.6520000100135803,0.7760000228881836,0.9200000166893004,0.9020000100135804,0.6859999895095825
120.6272566318512,0.7540000081062317,0.6539999842643738,0.7760000228881836,0.9240000247955322,0.906000018119812,0.6840000152587891
120.63760209083557,0.7540000081062317,0.6539999842643738,0.7760000228881836,0.9279999732971193,0.9079999923706056,0.6840000152587891
120.647296667099,0.7540000081062317,0.6539999842643738,0.777999997138977,0.9340000152587892,0.9139999747276306,0.6819999814033508
120.65740656852722,0.7519999742507935,0.656000018119812,0.777999997138977,0.9419999718666076,0.9200000166893004,0.6800000071525574
120.6674952507019,0.7519999742507935,0.656000018119812,0.777999997138977,0.9459999799728394,0.921999990940094,0.6779999732971191
120.67726182937622,0.7519999742507935,0.656000018119812,0.777999997138977,0.9520000219345092,0.9279999732971193,0.6759999990463257
120.68739771842957,0.7519999742507935,0.656000018119812,0.7799999713897705,0.9580000042915344,0.9319999814033508,0.671999990940094
120.6983094215393,0.75,0.656000018119812,0.7799999713897705,0.962000012397766,0.9359999895095824,0.6700000166893005
120.70733165740967,0.75,0.6579999923706055,0.7799999713897705,0.9679999947547911,0.9399999976158142,0.6679999828338623
120.71742391586304,0.75,0.656000018119812,0.7799999713897705,0.972000002861023,0.944000005722046,0.6660000085830688
120.72736144065857,0.75,0.656000018119812,0.7820000052452087,0.977999985218048,0.9480000138282776,0.6620000004768372
120.73734927177429,0.75,0.6579999923706055,0.7820000052452087,0.984000027179718,0.9539999961853028,0.6600000262260437
120.7472882270813,0.7480000257492065,0.6579999923706055,0.7820000052452087,0.9879999756813048,0.9580000042915344,0.6579999923706055
120.75747203826904,0.7480000257492065,0.6579999923706055,0.7820000052452087,0.9919999837875366,0.962000012397766,0.656000018119812
120.7673408985138,0.7459999918937683,0.6620000004768372,0.7839999794960022,1.0,0.9639999866485596,0.656000018119812
120.77737379074097,0.7459999918937683,0.6639999747276306,0.7839999794960022,1.00600004196167,0.9660000205039978,0.656000018119812
120.78741765022278,0.7459999918937683,0.6700000166893005,0.7839999794960022,1.0140000581741333,0.9700000286102296,0.6539999842643738
120.79741406440735,0.7440000176429749,0.6740000247955322,0.7839999794960022,1.0180000066757202,0.972000002861023,0.6539999842643738
120.80748915672302,0.7419999837875366,0.6779999732971191,0.7839999794960022,1.02400004863739,0.9739999771118164,0.6539999842643738
120.81729555130005,0.7379999756813049,0.6819999814033508,0.7839999794960022,1.034000039100647,0.977999985218048,0.6539999842643738
120.82730412483215,0.7360000014305115,0.6859999895095825,0.7839999794960022,1.0399999618530271,0.977999985218048,0.6539999842643738
120.83734393119812,0.7300000190734863,0.6919999718666077,0.7839999794960022,1.0499999523162842,0.9800000190734864,0.6539999842643738
120.84725046157837,0.7279999852180481,0.6959999799728394,0.7820000052452087,1.055999994277954,0.9800000190734864,0.6539999842643738
120.85735201835632,0.7179999947547913,0.7020000219345093,0.7799999713897705,1.0640000104904177,0.9800000190734864,0.6539999842643738
120.86724257469177,0.7059999704360962,0.7059999704360962,0.7760000228881836,1.0720000267028809,0.9819999933242798,0.6539999842643738
120.87746381759644,0.6940000057220459,0.7099999785423279,0.7720000147819519,1.0759999752044678,0.9819999933242798,0.6539999842643738
120.88734126091003,0.6779999732971191,0.7120000123977661,0.7639999985694885,1.0820000171661377,0.9800000190734864,0.6539999842643738
120.8973708152771,0.6639999747276306,0.7179999947547913,0.7540000081062317,1.0859999656677246,0.977999985218048,0.6539999842643738
120.90763354301453,0.6539999842643738,0.7200000286102295,0.7440000176429749,1.090000033378601,0.9760000109672546,0.6520000100135803
120.91838073730469,0.6439999938011169,0.722000002861023,0.7279999852180481,1.0920000076293943,0.9660000205039978,0.6520000100135803
120.92751860618591,0.6420000195503235,0.7239999771118164,0.7139999866485596,1.093999981880188,0.9399999976158142,0.6520000100135803
120.9374635219574,0.6399999856948853,0.7260000109672546,0.6980000138282776,1.0980000495910645,0.8679999709129333,0.6520000100135803
120.94731569290161,0.6399999856948853,0.7300000190734863,0.6840000152587891,1.0980000495910645,0.8119999766349792,0.6520000100135803
120.95742130279541,0.6380000114440918,0.7300000190734863,0.6779999732971191,1.0980000495910645,0.7820000052452087,0.6539999842643738
120.96743083000183,0.6340000033378601,0.7279999852180481,0.6700000166893005,1.093999981880188,0.765999972820282,0.6539999842643738
120.977365732193,0.6340000033378601,0.7120000123977661,0.6639999747276306,1.0880000591278076,0.75,0.6539999842643738
120.9872989654541,0.6340000033378601,0.6819999814033508,0.6579999923706055,1.0759999752044678,0.734000027179718,0.656000018119812
120.9977879524231,0.6340000033378601,0.6620000004768372,0.6520000100135803,1.055999994277954,0.7179999947547913,0.656000018119812
121.00822973251343,0.6359999775886536,0.6600000262260437,0.6380000114440918,1.0360000133514404,0.7099999785423279,0.656000018119812
121.01739048957825,0.6340000033378601,0.656000018119812,0.6320000290870667,1.0,0.7099999785423279,0.656000018119812
121.02728462219238,0.6320000290870667,0.6520000100135803,0.628000020980835,0.962000012397766,0.7200000286102295,0.656000018119812
121.0373740196228,0.6320000290870667,0.6499999761581421,0.628000020980835,0.921999990940094,0.722000002861023,0.656000018119812
121.04732823371887,0.6299999952316284,0.6499999761581421,0.6299999952316284,0.8740000128746033,0.7239999771118164,0.656000018119812
121.05721092224121,0.6299999952316284,0.6460000276565552,0.6340000033378601,0.8019999861717224,0.7099999785423279,0.656000018119812
121.06726336479187,0.6299999952316284,0.6460000276565552,0.6359999775886536,0.7440000176429749,0.6679999828338623,0.656000018119812
121.0772864818573,0.6299999952316284,0.6439999938011169,0.6340000033378601,0.7300000190734863,0.656000018119812,0.6579999923706055
121.08726072311401,0.6320000290870667,0.6439999938011169,0.6359999775886536,0.7279999852180481,0.656000018119812,0.6579999923706055
121.09759473800659,0.6320000290870667,0.6439999938011169,0.6359999775886536,0.722000002861023,0.656000018119812,0.6660000085830688
121.10745286941528,0.6320000290870667,0.6439999938011169,0.6359999775886536,0.7300000190734863,0.656000018119812,0.6620000004768372
121.11825251579285,0.6320000290870667,0.6439999938011169,0.6359999775886536,0.7319999933242798,0.656000018119812,0.6620000004768372
121.12739300727844,0.6320000290870667,0.6439999938011169,0.6359999775886536,0.7440000176429749,0.656000018119812,0.6600000262260437
121.13740110397339,0.6340000033378601,0.6439999938011169,0.6359999775886536,0.7440000176429749,0.656000018119812,0.6620000004768372
121.1473560333252,0.6340000033378601,0.6439999938011169,0.6359999775886536,0.7459999918937683,0.656000018119812,0.6620000004768372
121.15726566314697,0.6340000033378601,0.6439999938011169,0.6359999775886536,0.7459999918937683,0.656000018119812,0.6620000004768372
121.16741728782654,0.6340000033378601,0.6439999938011169,0.6359999775886536,0.7459999918937683,0.656000018119812,0.6620000004768372
121.17730712890625,0.6340000033378601,0.6439999938011169,0.6359999775886536,0.7459999918937683,0.656000018119812,0.6620000004768372
121.18742895126343,0.6340000033378601,0.6439999938011169,0.6359999775886536,0.7459999918937683,0.656000018119812,0.6620000004768372
121.19765138626099,0.6340000033378601,0.6439999938011169,0.6359999775886536,0.7459999918937683,0.656000018119812,0.6620000004768372
121.20744967460632,0.6340000033378601,0.6439999938011169,0.6359999775886536,0.7459999918937683,0.656000018119812,0.6620000004768372
121.21778988838196,0.6340000033378601,0.6439999938011169,0.6359999775886536,0.7459999918937683,0.656000018119812,0.6620000004768372
121.22721481323242,0.6340000033378601,0.6439999938011169,0.6359999775886536,0.7440000176429749,0.656000018119812,0.6620000004768372
121.23747658729553,0.6340000033378601,0.6439999938011169,0.6359999775886536,0.7440000176429749,0.656000018119812,0.6620000004768372
121.24731063842773,0.6340000033378601,0.6439999938011169,0.6359999775886536,0.7440000176429749,0.656000018119812,0.6620000004768372
121.25734400749207,0.6340000033378601,0.6439999938011169,0.6359999775886536,0.7419999837875366,0.656000018119812,0.6620000004768372
121.26743984222412,0.6340000033378601,0.6439999938011169,0.6359999775886536,0.7419999837875366,0.656000018119812,0.6620000004768372
121.27765417098999,0.6340000033378601,0.6439999938011169,0.6359999775886536,0.7419999837875366,0.656000018119812,0.6620000004768372
121.28735542297363,0.6340000033378601,0.6439999938011169,0.6359999775886536,0.7419999837875366,0.656000018119812,0.6620000004768372
121.29729747772217,0.6340000033378601,0.6439999938011169,0.6359999775886536,0.7419999837875366,0.656000018119812,0.6620000004768372
121.30735683441162,0.6340000033378601,0.6439999938011169,0.6359999775886536,0.7419999837875366,0.656000018119812,0.6620000004768372
121.31740021705627,0.6340000033378601,0.6439999938011169,0.6359999775886536,0.7419999837875366,0.656000018119812,0.6620000004768372
121.3274495601654,0.6340000033378601,0.6439999938011169,0.6359999775886536,0.7400000095367432,0.656000018119812,0.6620000004768372
121.33744215965271,0.6340000033378601,0.6439999938011169,0.6359999775886536,0.7400000095367432,0.6539999842643738,0.6620000004768372
121.34744811058044,0.6340000033378601,0.6439999938011169,0.6359999775886536,0.7400000095367432,0.6539999842643738,0.6620000004768372
121.35733556747437,0.6340000033378601,0.6439999938011169,0.6359999775886536,0.7400000095367432,0.6539999842643738,0.6620000004768372
121.36728763580322,0.6340000033378601,0.6439999938011169,0.6359999775886536,0.7379999756813049,0.6539999842643738,0.6620000004768372
121.37737369537354,0.6340000033378601,0.6439999938011169,0.6359999775886536,0.7379999756813049,0.6539999842643738,0.6620000004768372
121.38733291625977,0.6340000033378601,0.6439999938011169,0.6359999775886536,0.7379999756813049,0.6539999842643738,0.6620000004768372
121.39730334281921,0.6340000033378601,0.6439999938011169,0.6359999775886536,0.7379999756813049,0.6539999842643738,0.6620000004768372
121.40728211402893,0.6340000033378601,0.6439999938011169,0.6359999775886536,0.7379999756813049,0.6539999842643738,0.6620000004768372
121.4173436164856,0.6359999775886536,0.6439999938011169,0.6359999775886536,0.7360000014305115,0.656000018119812,0.6620000004768372
121.42752075195312,0.6359999775886536,0.6439999938011169,0.6359999775886536,0.7360000014305115,0.656000018119812,0.6620000004768372
121.43795895576477,0.6359999775886536,0.6439999938011169,0.6359999775886536,0.734000027179718,0.656000018119812,0.6620000004768372
121.4477162361145,0.6359999775886536,0.6439999938011169,0.6359999775886536,0.734000027179718,0.656000018119812,0.6600000262260437
121.45733857154846,0.6340000033378601,0.6439999938011169,0.6420000195503235,0.7319999933242798,0.6499999761581421,0.6679999828338623
121.46738743782043,0.6340000033378601,0.6439999938011169,0.6499999761581421,0.7260000109672546,0.6460000276565552,0.6779999732971191
121.47727847099304,0.6380000114440918,0.6439999938011169,0.656000018119812,0.7260000109672546,0.6439999938011169,0.6980000138282776
121.48740887641907,0.6420000195503235,0.6420000195503235,0.6600000262260437,0.7179999947547913,0.6399999856948853,0.7200000286102295
121.49735522270203,0.6399999856948853,0.6399999856948853,0.6759999990463257,0.7179999947547913,0.6359999775886536,0.7239999771118164
121.50730562210083,0.6679999828338623,0.6399999856948853,0.6880000233650208,0.7200000286102295,0.6439999938011169,0.7179999947547913
121.51730680465698,0.671999990940094,0.6420000195503235,0.6980000138282776,0.7379999756813049,0.6520000100135803,0.7120000123977661
121.52775001525879,0.6779999732971191,0.6399999856948853,0.7059999704360962,0.7480000257492065,0.7099999785423279,0.7080000042915344
121.53738021850586,0.6980000138282776,0.6399999856948853,0.7160000205039978,0.7599999904632568,0.7440000176429749,0.699999988079071
121.54763793945312,0.7120000123977661,0.6399999856948853,0.7239999771118164,0.7760000228881836,0.7699999809265137,0.6940000057220459
121.55740261077881,0.722000002861023,0.6420000195503235,0.7300000190734863,0.800000011920929,0.7820000052452087,0.6919999718666077
121.56730556488037,0.7319999933242798,0.6420000195503235,0.7379999756813049,0.8220000267028809,0.800000011920929,0.6919999718666077
121.57750630378723,0.7379999756813049,0.6439999938011169,0.7419999837875366,0.8339999914169312,0.8119999766349792,0.6899999976158142
121.58776021003723,0.7440000176429749,0.6439999938011169,0.7480000257492065,0.8479999899864197,0.8220000267028809,0.6880000233650208
121.59739327430725,0.7480000257492065,0.6460000276565552,0.7540000081062317,0.8560000061988831,0.828000009059906,0.6859999895095825
121.60733342170715,0.7480000257492065,0.6460000276565552,0.7559999823570251,0.8619999885559082,0.8320000171661377,0.6840000152587891
121.61733889579773,0.75,0.6460000276565552,0.7599999904632568,0.8679999709129333,0.8360000252723694,0.6819999814033508
121.62804412841797,0.7519999742507935,0.6460000276565552,0.7620000243186951,0.8700000047683716,0.8379999995231628,0.6800000071525574
121.6374614238739,0.7540000081062317,0.6460000276565552,0.7620000243186951,0.8700000047683716,0.8399999737739563,0.6779999732971191
121.64771294593811,0.7540000081062317,0.6460000276565552,0.7639999985694885,0.8700000047683716,0.8399999737739563,0.6759999990463257
121.65729904174805,0.7540000081062317,0.6480000019073486,0.7639999985694885,0.871999979019165,0.8399999737739563,0.6740000247955322
121.6674485206604,0.7540000081062317,0.6480000019073486,0.765999972820282,0.8700000047683716,0.8379999995231628,0.6740000247955322
121.67755341529846,0.7559999823570251,0.6480000019073486,0.765999972820282,0.8700000047683716,0.8360000252723694,0.671999990940094
121.6873426437378,0.7559999823570251,0.6480000019073486,0.765999972820282,0.8700000047683716,0.8360000252723694,0.6700000166893005
121.6974778175354,0.7559999823570251,0.6480000019073486,0.765999972820282,0.8700000047683716,0.8320000171661377,0.6679999828338623
121.70757269859314,0.7559999823570251,0.6480000019073486,0.765999972820282,0.8700000047683716,0.828000009059906,0.6679999828338623
121.71730327606201,0.7580000162124634,0.6480000019073486,0.765999972820282,0.8700000047683716,0.8220000267028809,0.6679999828338623
121.72728753089905,0.7580000162124634,0.6480000019073486,0.765999972820282,0.8700000047683716,0.8180000185966492,0.6679999828338623
121.73818349838257,0.7580000162124634,0.6480000019073486,0.765999972820282,0.8700000047683716,0.8140000104904175,0.6679999828338623
121.74779534339905,0.7580000162124634,0.6480000019073486,0.7680000066757202,0.8700000047683716,0.8119999766349792,0.6679999828338623
121.75797963142395,0.7580000162124634,0.6499999761581421,0.7680000066757202,0.8700000047683716,0.8080000281333923,0.6679999828338623
121.76746368408203,0.7599999904632568,0.6499999761581421,0.7680000066757202,0.8700000047683716,0.8059999942779541,0.6679999828338623
121.77740287780762,0.7599999904632568,0.6499999761581421,0.7680000066757202,0.8700000047683716,0.8059999942779541,0.6679999828338623
121.78732442855835,0.7599999904632568,0.6499999761581421,0.7699999809265137,0.871999979019165,0.8059999942779541,0.6679999828338623
121.79737067222595,0.7599999904632568,0.6499999761581421,0.7699999809265137,0.8740000128746033,0.8059999942779541,0.6679999828338623
121.80789875984192,0.7599999904632568,0.6499999761581421,0.7699999809265137,0.8759999871253967,0.8080000281333923,0.6679999828338623
121.81836342811584,0.7620000243186951,0.6499999761581421,0.7720000147819519,0.878000020980835,0.8100000023841858,0.6679999828338623
121.82790780067444,0.7620000243186951,0.6499999761581421,0.7720000147819519,0.8820000290870667,0.8119999766349792,0.6660000085830688
121.83879160881042,0.7620000243186951,0.6520000100135803,0.7739999890327454,0.8840000033378601,0.8140000104904175,0.6660000085830688
121.84838557243347,0.7620000243186951,0.6520000100135803,0.7739999890327454,0.8899999856948853,0.8180000185966492,0.6660000085830688
121.85793447494507,0.7620000243186951,0.6520000100135803,0.7760000228881836,0.8920000195503235,0.8240000009536743,0.6660000085830688
121.86913657188416,0.7639999985694885,0.6539999842643738,0.7760000228881836,0.8960000276565552,0.8299999833106995,0.6660000085830688
121.8789324760437,0.7639999985694885,0.6539999842643738,0.7760000228881836,0.8980000019073486,0.8339999914169312,0.6660000085830688
121.88835167884827,0.7639999985694885,0.6539999842643738,0.777999997138977,0.9020000100135804,0.8379999995231628,0.6679999828338623
121.89827704429626,0.7639999985694885,0.6539999842643738,0.777999997138977,0.9020000100135804,0.8399999737739563,0.6679999828338623
121.90805244445801,0.7639999985694885,0.6539999842643738,0.777999997138977,0.9039999842643738,0.8420000076293945,0.6679999828338623
121.91764187812805,0.7639999985694885,0.6539999842643738,0.777999997138977,0.906000018119812,0.843999981880188,0.6679999828338623
121.92773866653442,0.7639999985694885,0.6520000100135803,0.7799999713897705,0.9079999923706056,0.8479999899864197,0.6679999828338623
121.93783211708069,0.7639999985694885,0.6520000100135803,0.7799999713897705,0.9100000262260436,0.8519999980926514,0.6679999828338623
121.9481258392334,0.7620000243186951,0.6520000100135803,0.7799999713897705,0.9139999747276306,0.8579999804496765,0.6679999828338623
121.95828223228455,0.7620000243186951,0.6539999842643738,0.7799999713897705,0.9179999828338624,0.8640000224113464,0.6700000166893005
121.96975779533386,0.7620000243186951,0.6539999842643738,0.7799999713897705,0.921999990940094,0.8700000047683716,0.6700000166893005
121.98327994346619,0.7620000243186951,0.6539999842643738,0.7820000052452087,0.9259999990463256,0.878000020980835,0.6700000166893005
121.98902988433838,0.7599999904632568,0.656000018119812,0.7820000052452087,0.9300000071525574,0.8840000033378601,0.6700000166893005
121.99972653388977,0.7599999904632568,0.656000018119812,0.7820000052452087,0.9319999814033508,0.8859999775886536,0.6700000166893005
122.00746512413025,0.7599999904632568,0.656000018119812,0.7820000052452087,0.9340000152587892,0.8899999856948853,0.6700000166893005
122.01759624481201,0.7599999904632568,0.656000018119812,0.7820000052452087,0.9380000233650208,0.8939999938011169,0.6679999828338623
122.02729606628418,0.7599999904632568,0.6579999923706055,0.7820000052452087,0.9380000233650208,0.8980000019073486,0.6679999828338623
122.0374550819397,0.7580000162124634,0.6600000262260437,0.7820000052452087,0.944000005722046,0.9020000100135804,0.6660000085830688
122.04750609397888,0.7580000162124634,0.6600000262260437,0.7839999794960022,0.9459999799728394,0.906000018119812,0.6639999747276306
122.05780673027039,0.7580000162124634,0.6620000004768372,0.7839999794960022,0.9520000219345092,0.9120000004768372,0.6620000004768372
122.06807017326355,0.7559999823570251,0.6639999747276306,0.7839999794960022,0.9539999961853028,0.9160000085830688,0.6620000004768372
122.0779972076416,0.7559999823570251,0.6639999747276306,0.7839999794960022,0.9580000042915344,0.9200000166893004,0.6600000262260437
122.08747124671936,0.7559999823570251,0.6679999828338623,0.7839999794960022,0.9639999866485596,0.9240000247955322,0.6579999923706055
122.09809494018555,0.7559999823570251,0.671999990940094,0.7839999794960022,0.9700000286102296,0.9300000071525574,0.6579999923706055
122.1073808670044,0.7559999823570251,0.6759999990463257,0.7839999794960022,0.9739999771118164,0.9340000152587892,0.6579999923706055
122.11728692054749,0.7540000081062317,0.6800000071525574,0.7860000133514404,0.9800000190734864,0.9380000233650208,0.6579999923706055
122.127521276474,0.7540000081062317,0.6840000152587891,0.7860000133514404,0.9860000014305116,0.9399999976158142,0.656000018119812
122.13747000694275,0.7540000081062317,0.6880000233650208,0.7860000133514404,0.9919999837875366,0.944000005722046,0.656000018119812
122.14756464958191,0.7519999742507935,0.6940000057220459,0.7860000133514404,1.0,0.9480000138282776,0.656000018119812
122.1575026512146,0.7519999742507935,0.6959999799728394,0.7860000133514404,1.00600004196167,0.949999988079071,0.656000018119812
122.16735029220581,0.75,0.699999988079071,0.7860000133514404,1.0119999647140503,0.9539999961853028,0.656000018119812
122.17746329307556,0.7480000257492065,0.7039999961853027,0.7860000133514404,1.0180000066757202,0.9559999704360962,0.6579999923706055
122.18842458724976,0.7440000176429749,0.7080000042915344,0.7860000133514404,1.0260000228881836,0.9580000042915344,0.6579999923706055
122.19776678085327,0.7400000095367432,0.7120000123977661,0.7860000133514404,1.031999945640564,0.9580000042915344,0.6579999923706055
122.20757389068604,0.7360000014305115,0.7139999866485596,0.7860000133514404,1.037999987602234,0.959999978542328,0.6579999923706055
122.2174699306488,0.7300000190734863,0.7179999947547913,0.7839999794960022,1.0460000038146973,0.959999978542328,0.6579999923706055
122.22738122940063,0.7239999771118164,0.722000002861023,0.7799999713897705,1.0540000200271606,0.9580000042915344,0.6579999923706055
122.23764538764954,0.7160000205039978,0.7260000109672546,0.7760000228881836,1.059999942779541,0.9580000042915344,0.6579999923706055
122.24816131591797,0.7039999961853027,0.7300000190734863,0.7680000066757202,1.0679999589920044,0.9539999961853028,0.6579999923706055
122.25763034820557,0.6919999718666077,0.7319999933242798,0.7620000243186951,1.0740000009536743,0.949999988079071,0.6579999923706055
122.26768755912781,0.6759999990463257,0.734000027179718,0.7459999918937683,1.0800000429153442,0.9419999718666076,0.6579999923706055
122.27844405174255,0.6639999747276306,0.7360000014305115,0.7319999933242798,1.0839999914169312,0.9340000152587892,0.6579999923706055
122.28791069984436,0.6499999761581421,0.7379999756813049,0.7139999866485596,1.0880000591278076,0.906000018119812,0.6579999923706055
122.29891872406006,0.6399999856948853,0.7379999756813049,0.699999988079071,1.090000033378601,0.8339999914169312,0.6579999923706055
122.30747294425964,0.6399999856948853,0.7400000095367432,0.6919999718666077,1.0880000591278076,0.7739999890327454,0.6579999923706055
122.31737756729126,0.6380000114440918,0.7419999837875366,0.6859999895095825,1.0880000591278076,0.7459999918937683,0.6579999923706055
122.32732081413269,0.6380000114440918,0.7419999837875366,0.6800000071525574,1.0820000171661377,0.722000002861023,0.6579999923706055
122.33742618560791,0.6399999856948853,0.7400000095367432,0.6759999990463257,1.0779999494552612,0.7120000123977661,0.6579999923706055
122.34747409820557,0.6380000114440918,0.7239999771118164,0.6660000085830688,1.0640000104904177,0.699999988079071,0.6600000262260437
122.35744142532349,0.6359999775886536,0.6919999718666077,0.6439999938011169,1.0420000553131104,0.699999988079071,0.6600000262260437
122.3675262928009,0.6320000290870667,0.6700000166893005,0.6340000033378601,1.0199999809265137,0.7059999704360962,0.6600000262260437
122.37767744064331,0.6299999952316284,0.6639999747276306,0.6299999952316284,0.9800000190734864,0.7120000123977661,0.6600000262260437
122.38754200935364,0.6299999952316284,0.6620000004768372,0.6299999952316284,0.9419999718666076,0.7039999961853027,0.6600000262260437
122.3996331691742,0.6299999952316284,0.6600000262260437,0.628000020980835,0.8980000019073486,0.7020000219345093,0.6600000262260437
122.40761137008667,0.6299999952316284,0.656000018119812,0.6359999775886536,0.8100000023841858,0.7020000219345093,0.6600000262260437
122.41757845878601,0.628000020980835,0.6520000100135803,0.6380000114440918,0.7639999985694885,0.6779999732971191,0.6600000262260437
122.42745423316956,0.628000020980835,0.6499999761581421,0.6359999775886536,0.734000027179718,0.6579999923706055,0.6600000262260437
122.43743872642517,0.6299999952316284,0.6480000019073486,0.6380000114440918,0.7239999771118164,0.656000018119812,0.6600000262260437
122.44792556762695,0.6299999952316284,0.6480000019073486,0.6380000114440918,0.7200000286102295,0.656000018119812,0.6660000085830688
122.45824575424194,0.6320000290870667,0.6480000019073486,0.6380000114440918,0.7260000109672546,0.656000018119812,0.6639999747276306
122.46865606307983,0.6320000290870667,0.6480000019073486,0.6380000114440918,0.7319999933242798,0.656000018119812,0.6620000004768372
122.4786434173584,0.6320000290870667,0.6480000019073486,0.6380000114440918,0.7440000176429749,0.656000018119812,0.6620000004768372
122.48802757263184,0.6320000290870667,0.6480000019073486,0.6359999775886536,0.7459999918937683,0.6660000085830688,0.6620000004768372
122.49844193458557,0.6320000290870667,0.6460000276565552,0.6359999775886536,0.7440000176429749,0.6660000085830688,0.6639999747276306
122.51048588752747,0.6340000033378601,0.6480000019073486,0.6340000033378601,0.7440000176429749,0.6660000085830688,0.6639999747276306
122.52006721496582,0.6320000290870667,0.6480000019073486,0.6340000033378601,0.7440000176429749,0.6660000085830688,0.6639999747276306
122.53049492835999,0.6340000033378601,0.6480000019073486,0.6340000033378601,0.7459999918937683,0.6660000085830688,0.6639999747276306
122.5430543422699,0.6340000033378601,0.6480000019073486,0.6340000033378601,0.7459999918937683,0.6660000085830688,0.6639999747276306
122.55484175682068,0.6340000033378601,0.6480000019073486,0.6340000033378601,0.7459999918937683,0.6660000085830688,0.6639999747276306
122.55993962287903,0.6340000033378601,0.6480000019073486,0.6340000033378601,0.7459999918937683,0.6639999747276306,0.6639999747276306
122.56769108772278,0.6340000033378601,0.6480000019073486,0.6340000033378601,0.7459999918937683,0.6660000085830688,0.6639999747276306
122.57733273506165,0.6340000033378601,0.6480000019073486,0.6340000033378601,0.7459999918937683,0.6660000085830688,0.6639999747276306
122.58736491203308,0.6340000033378601,0.6480000019073486,0.6340000033378601,0.7459999918937683,0.6660000085830688,0.6639999747276306
122.59733748435974,0.6340000033378601,0.6480000019073486,0.6340000033378601,0.7459999918937683,0.6660000085830688,0.6639999747276306
122.60733962059021,0.6340000033378601,0.6480000019073486,0.6340000033378601,0.7459999918937683,0.6660000085830688,0.6639999747276306
122.61817502975464,0.6340000033378601,0.6480000019073486,0.6340000033378601,0.7480000257492065,0.6660000085830688,0.6620000004768372
122.62768912315369,0.6340000033378601,0.6480000019073486,0.6340000033378601,0.7480000257492065,0.6639999747276306,0.6620000004768372
122.637375831604,0.6340000033378601,0.6480000019073486,0.6340000033378601,0.7459999918937683,0.6639999747276306,0.6620000004768372
122.64780473709106,0.6340000033378601,0.6480000019073486,0.6340000033378601,0.7459999918937683,0.6639999747276306,0.6620000004768372
122.65737104415894,0.6340000033378601,0.6480000019073486,0.6340000033378601,0.7440000176429749,0.6600000262260437,0.6620000004768372
122.66738867759705,0.6340000033378601,0.6480000019073486,0.6340000033378601,0.7440000176429749,0.6620000004768372,0.6620000004768372
122.67724251747131,0.6340000033378601,0.6480000019073486,0.6340000033378601,0.7440000176429749,0.6620000004768372,0.6620000004768372
122.68737244606018,0.6340000033378601,0.6480000019073486,0.6340000033378601,0.7419999837875366,0.6600000262260437,0.6620000004768372
122.69734215736389,0.6340000033378601,0.6460000276565552,0.6340000033378601,0.7419999837875366,0.6600000262260437,0.6620000004768372
122.70740842819214,0.6340000033378601,0.6460000276565552,0.6340000033378601,0.7419999837875366,0.6579999923706055,0.6620000004768372
122.71758508682251,0.6340000033378601,0.6460000276565552,0.6340000033378601,0.7400000095367432,0.6579999923706055,0.6620000004768372
122.72768521308899,0.6359999775886536,0.6460000276565552,0.6340000033378601,0.7400000095367432,0.6579999923706055,0.6620000004768372
122.73792576789856,0.6359999775886536,0.6460000276565552,0.6340000033378601,0.7400000095367432,0.6579999923706055,0.6620000004768372
122.74853348731995,0.6359999775886536,0.6480000019073486,0.6340000033378601,0.7400000095367432,0.6579999923706055,0.6620000004768372
122.75738382339478,0.6359999775886536,0.6480000019073486,0.6359999775886536,0.7400000095367432,0.6579999923706055,0.6620000004768372
122.76752805709839,0.6359999775886536,0.6480000019073486,0.6359999775886536,0.7400000095367432,0.6579999923706055,0.6620000004768372
122.77765083312988,0.6359999775886536,0.6480000019073486,0.6359999775886536,0.7400000095367432,0.6579999923706055,0.6620000004768372
122.7873740196228,0.6359999775886536,0.6480000019073486,0.6380000114440918,0.7360000014305115,0.656000018119812,0.6639999747276306
122.79749155044556,0.6359999775886536,0.6480000019073486,0.6420000195503235,0.7319999933242798,0.6539999842643738,0.6700000166893005
122.80743288993835,0.6380000114440918,0.6460000276565552,0.6499999761581421,0.7279999852180481,0.6480000019073486,0.6740000247955322
122.81776523590088,0.6420000195503235,0.6460000276565552,0.6520000100135803,0.7260000109672546,0.6439999938011169,0.6899999976158142
122.8277359008789,0.6399999856948853,0.6420000195503235,0.6660000085830688,0.7200000286102295,0.6420000195503235,0.7260000109672546
122.83800649642944,0.6660000085830688,0.6420000195503235,0.6779999732971191,0.722000002861023,0.6359999775886536,0.7279999852180481
122.84764742851257,0.6859999895095825,0.6439999938011169,0.6859999895095825,0.7260000109672546,0.6520000100135803,0.7200000286102295
122.85742259025574,0.6880000233650208,0.6439999938011169,0.6899999976158142,0.7440000176429749,0.6539999842643738,0.7099999785423279
122.86745023727417,0.6940000057220459,0.6439999938011169,0.7039999961853027,0.7540000081062317,0.722000002861023,0.7059999704360962
122.87745404243469,0.7059999704360962,0.6420000195503235,0.7139999866485596,0.7699999809265137,0.7419999837875366,0.6980000138282776
122.88755059242249,0.7139999866485596,0.6420000195503235,0.7200000286102295,0.7820000052452087,0.7599999904632568,0.6940000057220459
122.89749693870544,0.7239999771118164,0.6460000276565552,0.7260000109672546,0.8119999766349792,0.7760000228881836,0.6919999718666077
122.90750241279602,0.7300000190734863,0.6439999938011169,0.7300000190734863,0.8320000171661377,0.7919999957084656,0.6919999718666077
122.91747641563416,0.734000027179718,0.6460000276565552,0.7360000014305115,0.8539999723434448,0.8100000023841858,0.6899999976158142
122.92786121368408,0.7379999756813049,0.6480000019073486,0.7419999837875366,0.8700000047683716,0.828000009059906,0.6899999976158142
122.9387481212616,0.7400000095367432,0.6480000019073486,0.7459999918937683,0.8799999952316284,0.843999981880188,0.6899999976158142
122.94983863830566,0.7419999837875366,0.6480000019073486,0.7519999742507935,0.8939999938011169,0.8560000061988831,0.6880000233650208
122.95750093460083,0.7419999837875366,0.6499999761581421,0.7540000081062317,0.906000018119812,0.8679999709129333,0.6859999895095825
122.96743273735046,0.7419999837875366,0.6499999761581421,0.7559999823570251,0.9100000262260436,0.871999979019165,0.6859999895095825
122.97734642028809,0.7440000176429749,0.6499999761581421,0.7580000162124634,0.9120000004768372,0.878000020980835,0.6840000152587891
122.98746824264526,0.7440000176429749,0.6499999761581421,0.7580000162124634,0.9139999747276306,0.8799999952316284,0.6819999814033508
122.99739122390747,0.7440000176429749,0.6499999761581421,0.7599999904632568,0.9120000004768372,0.8799999952316284,0.6800000071525574
123.0075294971466,0.7440000176429749,0.6499999761581421,0.7599999904632568,0.9120000004768372,0.8820000290870667,0.6779999732971191
123.0175712108612,0.7440000176429749,0.6520000100135803,0.7599999904632568,0.9079999923706056,0.8820000290870667,0.6759999990463257
123.02737593650818,0.7440000176429749,0.6520000100135803,0.7599999904632568,0.906000018119812,0.8799999952316284,0.6759999990463257
123.03835034370422,0.7459999918937683,0.6520000100135803,0.7599999904632568,0.9020000100135804,0.878000020980835,0.6740000247955322
123.04855251312256,0.7459999918937683,0.6520000100135803,0.7599999904632568,0.8999999761581421,0.8759999871253967,0.6740000247955322
123.05792927742004,0.7459999918937683,0.6520000100135803,0.7599999904632568,0.8960000276565552,0.8740000128746033,0.671999990940094
123.06764221191406,0.7459999918937683,0.6520000100135803,0.7620000243186951,0.8960000276565552,0.871999979019165,0.671999990940094
123.0774655342102,0.7480000257492065,0.6520000100135803,0.7620000243186951,0.8960000276565552,0.871999979019165,0.6700000166893005
123.08747982978821,0.7480000257492065,0.6520000100135803,0.7620000243186951,0.8960000276565552,0.8700000047683716,0.6700000166893005
123.09755063056946,0.7480000257492065,0.6520000100135803,0.7620000243186951,0.8980000019073486,0.8700000047683716,0.6700000166893005
123.10758423805237,0.75,0.6520000100135803,0.7639999985694885,0.8980000019073486,0.8700000047683716,0.6679999828338623
123.11747670173645,0.75,0.6520000100135803,0.7639999985694885,0.8999999761581421,0.8700000047683716,0.6700000166893005
123.12745761871338,0.75,0.6520000100135803,0.765999972820282,0.9039999842643738,0.8700000047683716,0.6679999828338623
123.13731646537781,0.7519999742507935,0.6539999842643738,0.765999972820282,0.906000018119812,0.8700000047683716,0.6679999828338623
123.14740991592407,0.7519999742507935,0.6539999842643738,0.765999972820282,0.9079999923706056,0.8700000047683716,0.6679999828338623
123.15749764442444,0.7540000081062317,0.6539999842643738,0.7680000066757202,0.9100000262260436,0.8700000047683716,0.6679999828338623
123.167475938797,0.7540000081062317,0.6539999842643738,0.7699999809265137,0.9139999747276306,0.871999979019165,0.6700000166893005
123.17762994766235,0.7559999823570251,0.6539999842643738,0.7699999809265137,0.9160000085830688,0.871999979019165,0.6700000166893005
123.18746328353882,0.7559999823570251,0.656000018119812,0.7720000147819519,0.9200000166893004,0.8740000128746033,0.6700000166893005
123.19752049446106,0.7559999823570251,0.6579999923706055,0.7720000147819519,0.9240000247955322,0.8759999871253967,0.6700000166893005
123.20736694335938,0.7580000162124634,0.6579999923706055,0.7739999890327454,0.9279999732971193,0.8799999952316284,0.6700000166893005
123.21731781959534,0.7580000162124634,0.6579999923706055,0.7739999890327454,0.9340000152587892,0.8820000290870667,0.6700000166893005
123.22737860679626,0.7580000162124634,0.6579999923706055,0.7760000228881836,0.9359999895095824,0.8859999775886536,0.6700000166893005
123.23743271827698,0.7580000162124634,0.6600000262260437,0.7760000228881836,0.9380000233650208,0.8880000114440918,0.6700000166893005
123.2473201751709,0.7580000162124634,0.6600000262260437,0.7760000228881836,0.9380000233650208,0.8899999856948853,0.6700000166893005
123.25847482681274,0.7599999904632568,0.6600000262260437,0.7760000228881836,0.9399999976158142,0.8920000195503235,0.6700000166893005
123.26787090301514,0.7580000162124634,0.6600000262260437,0.777999997138977,0.9419999718666076,0.8939999938011169,0.6700000166893005
123.27759623527527,0.7580000162124634,0.6620000004768372,0.777999997138977,0.9419999718666076,0.8960000276565552,0.6700000166893005
123.28770661354065,0.7580000162124634,0.6600000262260437,0.777999997138977,0.9419999718666076,0.8980000019073486,0.6700000166893005
123.29739212989807,0.7580000162124634,0.6600000262260437,0.777999997138977,0.9419999718666076,0.8999999761581421,0.671999990940094
123.30734443664551,0.7580000162124634,0.6600000262260437,0.777999997138977,0.944000005722046,0.9020000100135804,0.671999990940094
123.31746244430542,0.7559999823570251,0.6600000262260437,0.777999997138977,0.9459999799728394,0.9079999923706056,0.671999990940094
123.32742071151733,0.7559999823570251,0.6620000004768372,0.777999997138977,0.949999988079071,0.9100000262260436,0.671999990940094
123.33743691444397,0.7559999823570251,0.6620000004768372,0.777999997138977,0.9520000219345092,0.9139999747276306,0.6700000166893005
123.34744381904602,0.7540000081062317,0.6620000004768372,0.7799999713897705,0.9559999704360962,0.9179999828338624,0.6700000166893005
123.3579614162445,0.7540000081062317,0.6620000004768372,0.7799999713897705,0.9580000042915344,0.921999990940094,0.6700000166893005
123.36944961547852,0.7540000081062317,0.6620000004768372,0.7799999713897705,0.962000012397766,0.9240000247955322,0.6700000166893005
123.37745404243469,0.7540000081062317,0.6639999747276306,0.7799999713897705,0.9660000205039978,0.9279999732971193,0.6679999828338623
123.38806676864624,0.7540000081062317,0.6660000085830688,0.7799999713897705,0.9700000286102296,0.9300000071525574,0.6660000085830688
123.39734983444214,0.7519999742507935,0.6700000166893005,0.7799999713897705,0.9760000109672546,0.9319999814033508,0.6660000085830688
123.4074649810791,0.7519999742507935,0.671999990940094,0.7799999713897705,0.977999985218048,0.9340000152587892,0.6639999747276306
123.41744565963745,0.7519999742507935,0.6759999990463257,0.7820000052452087,0.984000027179718,0.9359999895095824,0.6620000004768372
123.42751431465149,0.7519999742507935,0.6800000071525574,0.7820000052452087,0.9879999756813048,0.9399999976158142,0.6579999923706055
123.43773698806763,0.7519999742507935,0.6840000152587891,0.7820000052452087,0.9919999837875366,0.944000005722046,0.6579999923706055
123.44755601882935,0.75,0.6859999895095825,0.7820000052452087,1.0,0.9480000138282776,0.6579999923706055
123.45746755599976,0.75,0.6899999976158142,0.7839999794960022,1.00600004196167,0.949999988079071,0.6579999923706055
123.46742725372314,0.75,0.6919999718666077,0.7839999794960022,1.0119999647140503,0.9539999961853028,0.656000018119812
123.47793221473694,0.75,0.6959999799728394,0.7839999794960022,1.0199999809265137,0.9580000042915344,0.656000018119812
123.4875009059906,0.75,0.699999988079071,0.7839999794960022,1.0260000228881836,0.962000012397766,0.656000018119812
123.49771857261658,0.7480000257492065,0.7020000219345093,0.7839999794960022,1.034000039100647,0.9639999866485596,0.656000018119812
123.50741791725159,0.7459999918937683,0.7059999704360962,0.7839999794960022,1.0440000295639038,0.9660000205039978,0.656000018119812
123.51737427711487,0.7440000176429749,0.7099999785423279,0.7839999794960022,1.0499999523162842,0.9679999947547911,0.656000018119812
123.52852320671082,0.7400000095367432,0.7160000205039978,0.7839999794960022,1.0579999685287476,0.9700000286102296,0.656000018119812
123.53787779808044,0.7360000014305115,0.7160000205039978,0.7820000052452087,1.0640000104904177,0.9700000286102296,0.656000018119812
123.54788422584534,0.7300000190734863,0.7200000286102295,0.7820000052452087,1.0700000524520874,0.9700000286102296,0.656000018119812
123.55764293670654,0.7239999771118164,0.7239999771118164,0.777999997138977,1.0759999752044678,0.9679999947547911,0.6539999842643738
123.56802463531494,0.7200000286102295,0.7260000109672546,0.7739999890327454,1.0800000429153442,0.9660000205039978,0.6539999842643738
123.57757782936096,0.7059999704360962,0.7300000190734863,0.765999972820282,1.0859999656677246,0.9639999866485596,0.656000018119812
123.58856725692749,0.6940000057220459,0.7319999933242798,0.7559999823570251,1.090000033378601,0.959999978542328,0.656000018119812
123.60117197036743,0.6800000071525574,0.7360000014305115,0.7419999837875366,1.093999981880188,0.9520000219345092,0.6539999842643738
123.60944151878357,0.6660000085830688,0.7400000095367432,0.7200000286102295,1.0980000495910645,0.944000005722046,0.656000018119812
123.61976432800293,0.6600000262260437,0.7400000095367432,0.7080000042915344,1.100000023841858,0.9300000071525574,0.6539999842643738
123.62943124771118,0.6520000100135803,0.7419999837875366,0.6940000057220459,1.1019999980926514,0.8740000128746033,0.6539999842643738
123.63888549804688,0.6499999761581421,0.7400000095367432,0.6840000152587891,1.1039999723434448,0.8019999861717224,0.6539999842643738
123.6474769115448,0.6480000019073486,0.7400000095367432,0.6800000071525574,1.1039999723434448,0.7680000066757202,0.6539999842643738
123.65751647949219,0.6439999938011169,0.7379999756813049,0.6700000166893005,1.1019999980926514,0.7419999837875366,0.656000018119812
123.66762661933899,0.6399999856948853,0.734000027179718,0.6660000085830688,1.0980000495910645,0.7260000109672546,0.656000018119812
123.67750334739685,0.6380000114440918,0.7179999947547913,0.656000018119812,1.0880000591278076,0.7059999704360962,0.6579999923706055
123.68740630149841,0.6399999856948853,0.6840000152587891,0.6399999856948853,1.0740000009536743,0.6959999799728394,0.6579999923706055
123.69743180274963,0.6399999856948853,0.6639999747276306,0.6340000033378601,1.0579999685287476,0.7059999704360962,0.6579999923706055
123.7078001499176,0.6359999775886536,0.6639999747276306,0.628000020980835,1.0260000228881836,0.7099999785423279,0.6579999923706055
123.7182023525238,0.6320000290870667,0.6620000004768372,0.628000020980835,0.9860000014305116,0.7179999947547913,0.6579999923706055
123.72747278213501,0.6299999952316284,0.656000018119812,0.628000020980835,0.9580000042915344,0.7139999866485596,0.6579999923706055
123.73773956298828,0.628000020980835,0.6539999842643738,0.628000020980835,0.9120000004768372,0.7080000042915344,0.6579999923706055
123.74822330474854,0.6299999952316284,0.6539999842643738,0.6299999952316284,0.878000020980835,0.7099999785423279,0.6579999923706055
123.75750684738159,0.628000020980835,0.6539999842643738,0.6340000033378601,0.7839999794960022,0.699999988079071,0.6579999923706055
123.76750802993774,0.6259999871253967,0.6480000019073486,0.6320000290870667,0.7360000014305115,0.6600000262260437,0.6600000262260437
123.77743363380432,0.6299999952316284,0.6480000019073486,0.6340000033378601,0.722000002861023,0.6579999923706055,0.6600000262260437
123.78734064102173,0.6320000290870667,0.6460000276565552,0.6359999775886536,0.7160000205039978,0.6579999923706055,0.6660000085830688
123.7974066734314,0.6340000033378601,0.6460000276565552,0.6359999775886536,0.7160000205039978,0.656000018119812,0.6700000166893005
123.80749773979187,0.6340000033378601,0.6460000276565552,0.6359999775886536,0.7239999771118164,0.656000018119812,0.6620000004768372
123.81803703308105,0.6340000033378601,0.6460000276565552,0.6359999775886536,0.734000027179718,0.656000018119812,0.6620000004768372
123.83006715774536,0.6340000033378601,0.6460000276565552,0.6359999775886536,0.7400000095367432,0.656000018119812,0.6620000004768372
123.83746790885925,0.6340000033378601,0.6460000276565552,0.6359999775886536,0.7419999837875366,0.656000018119812,0.6620000004768372
123.8475353717804,0.6340000033378601,0.6460000276565552,0.6359999775886536,0.7419999837875366,0.656000018119812,0.6620000004768372
123.85746550559998,0.6340000033378601,0.6460000276565552,0.6359999775886536,0.7400000095367432,0.656000018119812,0.6639999747276306
123.86867690086365,0.6359999775886536,0.6460000276565552,0.6359999775886536,0.7400000095367432,0.656000018119812,0.6639999747276306
123.87969732284546,0.6359999775886536,0.6460000276565552,0.6359999775886536,0.7400000095367432,0.656000018119812,0.6639999747276306
123.8874020576477,0.6359999775886536,0.6460000276565552,0.6359999775886536,0.7400000095367432,0.656000018119812,0.6639999747276306
123.89759135246277,0.6359999775886536,0.6460000276565552,0.6359999775886536,0.7400000095367432,0.656000018119812,0.6639999747276306
123.90749597549438,0.6359999775886536,0.6460000276565552,0.6359999775886536,0.7400000095367432,0.656000018119812,0.6639999747276306
123.91737055778503,0.6359999775886536,0.6460000276565552,0.6359999775886536,0.7400000095367432,0.656000018119812,0.6639999747276306
123.93044543266296,0.6359999775886536,0.6460000276565552,0.6359999775886536,0.7400000095367432,0.656000018119812,0.6639999747276306
123.93793082237244,0.6359999775886536,0.6460000276565552,0.6359999775886536,0.7400000095367432,0.656000018119812,0.6639999747276306
123.94742512702942,0.6359999775886536,0.6460000276565552,0.6359999775886536,0.7379999756813049,0.656000018119812,0.6639999747276306
123.95755171775818,0.6359999775886536,0.6460000276565552,0.6359999775886536,0.7400000095367432,0.656000018119812,0.6639999747276306
123.96744012832642,0.6359999775886536,0.6460000276565552,0.6359999775886536,0.7400000095367432,0.656000018119812,0.6639999747276306
123.97776532173157,0.6359999775886536,0.6460000276565552,0.6359999775886536,0.7400000095367432,0.656000018119812,0.6639999747276306
123.98739814758301,0.6359999775886536,0.6460000276565552,0.6340000033378601,0.7400000095367432,0.656000018119812,0.6620000004768372
123.99746894836426,0.6359999775886536,0.6460000276565552,0.6359999775886536,0.7400000095367432,0.656000018119812,0.6639999747276306
124.00749635696411,0.6359999775886536,0.6460000276565552,0.6359999775886536,0.7400000095367432,0.656000018119812,0.6620000004768372
124.01739263534546,0.6359999775886536,0.6460000276565552,0.6340000033378601,0.7400000095367432,0.656000018119812,0.6620000004768372
124.02745246887207,0.6359999775886536,0.6460000276565552,0.6359999775886536,0.7400000095367432,0.656000018119812,0.6620000004768372
124.03857064247131,0.6359999775886536,0.6460000276565552,0.6359999775886536,0.7379999756813049,0.656000018119812,0.6620000004768372
124.04805874824524,0.6359999775886536,0.6460000276565552,0.6359999775886536,0.7379999756813049,0.656000018119812,0.6620000004768372
124.0575954914093,0.6359999775886536,0.6460000276565552,0.6359999775886536,0.7379999756813049,0.656000018119812,0.6620000004768372
124.06744575500488,0.6380000114440918,0.6460000276565552,0.6359999775886536,0.7379999756813049,0.656000018119812,0.6620000004768372
124.0775785446167,0.6380000114440918,0.6460000276565552,0.6359999775886536,0.7379999756813049,0.656000018119812,0.6620000004768372
124.08813190460205,0.6380000114440918,0.6460000276565552,0.6359999775886536,0.7360000014305115,0.656000018119812,0.6620000004768372
124.09738636016846,0.6380000114440918,0.6460000276565552,0.6359999775886536,0.7360000014305115,0.656000018119812,0.6620000004768372
124.1076967716217,0.6380000114440918,0.6460000276565552,0.6359999775886536,0.7360000014305115,0.656000018119812,0.6620000004768372
124.1174726486206,0.6380000114440918,0.6460000276565552,0.6359999775886536,0.7360000014305115,0.656000018119812,0.6620000004768372
124.12744283676147,0.6359999775886536,0.6460000276565552,0.6359999775886536,0.7360000014305115,0.656000018119812,0.6600000262260437
124.13736271858215,0.6359999775886536,0.6460000276565552,0.6420000195503235,0.734000027179718,0.6539999842643738,0.6679999828338623
124.1475613117218,0.6359999775886536,0.6460000276565552,0.6499999761581421,0.7319999933242798,0.6480000019073486,0.6759999990463257
124.15744280815125,0.6399999856948853,0.6460000276565552,0.656000018119812,0.7300000190734863,0.6420000195503235,0.7039999961853027
124.16756939888,0.6439999938011169,0.6439999938011169,0.6579999923706055,0.7260000109672546,0.6420000195503235,0.7139999866485596
124.17743301391602,0.6480000019073486,0.6420000195503235,0.6759999990463257,0.722000002861023,0.6359999775886536,0.7239999771118164
124.18744206428528,0.6700000166893005,0.6420000195503235,0.6880000233650208,0.722000002861023,0.6359999775886536,0.7179999947547913
124.19742202758789,0.6759999990463257,0.6420000195503235,0.699999988079071,0.7360000014305115,0.6480000019073486,0.7120000123977661
124.2077989578247,0.6880000233650208,0.6420000195503235,0.7099999785423279,0.7440000176429749,0.6840000152587891,0.7039999961853027
124.21741390228271,0.7020000219345093,0.6399999856948853,0.7179999947547913,0.7480000257492065,0.7239999771118164,0.6959999799728394
124.22749471664429,0.7160000205039978,0.6399999856948853,0.7239999771118164,0.7540000081062317,0.7440000176429749,0.6919999718666077
124.23740315437317,0.7279999852180481,0.6420000195503235,0.7279999852180481,0.7639999985694885,0.7639999985694885,0.6899999976158142
124.24753880500793,0.7360000014305115,0.6420000195503235,0.7319999933242798,0.7839999794960022,0.7739999890327454,0.6880000233650208
124.25735259056091,0.7419999837875366,0.6420000195503235,0.7379999756813049,0.8019999861717224,0.7839999794960022,0.6880000233650208
124.2675428390503,0.7459999918937683,0.6439999938011169,0.7419999837875366,0.8100000023841858,0.7879999876022339,0.6859999895095825
124.28024101257324,0.7480000257492065,0.6460000276565552,0.7440000176429749,0.8140000104904175,0.7919999957084656,0.6840000152587891
124.28881406784058,0.75,0.6480000019073486,0.7480000257492065,0.8159999847412109,0.7940000295639038,0.6840000152587891
124.29754328727722,0.7519999742507935,0.6480000019073486,0.7480000257492065,0.8159999847412109,0.7919999957084656,0.6819999814033508
124.3074598312378,0.7540000081062317,0.6480000019073486,0.75,0.8119999766349792,0.7900000214576721,0.6800000071525574
124.31737542152405,0.7559999823570251,0.6480000019073486,0.75,0.8080000281333923,0.7839999794960022,0.6800000071525574
124.32819390296936,0.7559999823570251,0.6480000019073486,0.75,0.8040000200271606,0.777999997138977,0.6779999732971191
124.33754062652588,0.7580000162124634,0.6480000019073486,0.7480000257492065,0.7919999957084656,0.7699999809265137,0.6779999732971191
124.34749698638916,0.7580000162124634,0.6480000019073486,0.7480000257492065,0.7799999713897705,0.765999972820282,0.6759999990463257
124.35754489898682,0.7599999904632568,0.6480000019073486,0.7459999918937683,0.7639999985694885,0.7620000243186951,0.6759999990463257
124.36753177642822,0.7599999904632568,0.6480000019073486,0.7459999918937683,0.7559999823570251,0.7580000162124634,0.6740000247955322
124.37751889228821,0.7599999904632568,0.6480000019073486,0.7440000176429749,0.7519999742507935,0.7519999742507935,0.6740000247955322
124.3879325389862,0.7599999904632568,0.6460000276565552,0.7440000176429749,0.7459999918937683,0.75,0.6740000247955322
124.39971542358398,0.7599999904632568,0.6460000276565552,0.7419999837875366,0.7379999756813049,0.7440000176429749,0.6740000247955322
124.40736222267151,0.7599999904632568,0.6460000276565552,0.7419999837875366,0.7360000014305115,0.7400000095367432,0.6740000247955322
124.41742134094238,0.7599999904632568,0.6460000276565552,0.7400000095367432,0.7360000014305115,0.7379999756813049,0.6740000247955322
124.42755174636841,0.7599999904632568,0.6439999938011169,0.7400000095367432,0.734000027179718,0.7379999756813049,0.6740000247955322
124.43774461746216,0.7599999904632568,0.6439999938011169,0.7400000095367432,0.7319999933242798,0.7360000014305115,0.6740000247955322
124.4473922252655,0.7620000243186951,0.6439999938011169,0.7400000095367432,0.734000027179718,0.7379999756813049,0.6740000247955322
124.457346200943,0.7620000243186951,0.6439999938011169,0.7419999837875366,0.7319999933242798,0.7379999756813049,0.6759999990463257
124.46743822097778,0.7620000243186951,0.6439999938011169,0.7440000176429749,0.734000027179718,0.7400000095367432,0.6759999990463257
124.47742557525635,0.7620000243186951,0.6439999938011169,0.7459999918937683,0.7360000014305115,0.7419999837875366,0.6759999990463257
124.4875054359436,0.7620000243186951,0.6439999938011169,0.7459999918937683,0.7400000095367432,0.7440000176429749,0.6759999990463257
124.49736285209656,0.7639999985694885,0.6439999938011169,0.7480000257492065,0.7480000257492065,0.7480000257492065,0.6759999990463257
124.50949501991272,0.7639999985694885,0.6439999938011169,0.75,0.7540000081062317,0.7559999823570251,0.6759999990463257
124.51778483390808,0.7639999985694885,0.6460000276565552,0.7519999742507935,0.7620000243186951,0.7599999904632568,0.6759999990463257
124.52739644050598,0.7639999985694885,0.6439999938011169,0.7540000081062317,0.7739999890327454,0.7639999985694885,0.6779999732971191
124.53752088546753,0.7639999985694885,0.6460000276565552,0.7559999823570251,0.7799999713897705,0.765999972820282,0.6779999732971191
124.5473530292511,0.7639999985694885,0.6460000276565552,0.7580000162124634,0.7879999876022339,0.7699999809265137,0.6779999732971191
124.5576069355011,0.7639999985694885,0.6460000276565552,0.7599999904632568,0.7919999957084656,0.7720000147819519,0.6779999732971191
124.56767153739929,0.7639999985694885,0.6460000276565552,0.7599999904632568,0.7979999780654907,0.7760000228881836,0.6779999732971191
124.57753467559814,0.7639999985694885,0.6460000276565552,0.7620000243186951,0.8019999861717224,0.777999997138977,0.6779999732971191
124.58741521835327,0.7639999985694885,0.6480000019073486,0.7639999985694885,0.8059999942779541,0.7799999713897705,0.6779999732971191
124.59735465049744,0.7639999985694885,0.6480000019073486,0.7639999985694885,0.8119999766349792,0.7839999794960022,0.6800000071525574
124.60760927200317,0.7639999985694885,0.6480000019073486,0.765999972820282,0.8140000104904175,0.7879999876022339,0.6800000071525574
124.61749911308289,0.7639999985694885,0.6480000019073486,0.765999972820282,0.8180000185966492,0.7919999957084656,0.6800000071525574
124.62781858444214,0.7620000243186951,0.6499999761581421,0.7680000066757202,0.8240000009536743,0.7960000038146973,0.6819999814033508
124.6382315158844,0.7620000243186951,0.6499999761581421,0.7680000066757202,0.828000009059906,0.8019999861717224,0.6819999814033508
124.64747142791748,0.7620000243186951,0.6499999761581421,0.7699999809265137,0.8320000171661377,0.8059999942779541,0.6819999814033508
124.65757775306702,0.7620000243186951,0.6499999761581421,0.7699999809265137,0.8360000252723694,0.8100000023841858,0.6819999814033508
124.66748976707458,0.7620000243186951,0.6499999761581421,0.7720000147819519,0.8399999737739563,0.8119999766349792,0.6800000071525574
124.67733526229858,0.7620000243186951,0.6520000100135803,0.7739999890327454,0.8460000157356262,0.8159999847412109,0.6779999732971191
124.68762373924255,0.7620000243186951,0.6520000100135803,0.7739999890327454,0.8460000157356262,0.8199999928474426,0.6779999732971191
124.69751191139221,0.7620000243186951,0.6539999842643738,0.7739999890327454,0.8519999980926514,0.8220000267028809,0.6759999990463257
124.70746302604675,0.7620000243186951,0.6539999842643738,0.7739999890327454,0.8560000061988831,0.8259999752044678,0.6759999990463257
124.71736168861389,0.7620000243186951,0.6539999842643738,0.7760000228881836,0.8619999885559082,0.8320000171661377,0.6740000247955322
124.72785258293152,0.7620000243186951,0.6539999842643738,0.7760000228881836,0.8700000047683716,0.8399999737739563,0.671999990940094
124.73782682418823,0.7599999904632568,0.6539999842643738,0.7760000228881836,0.8759999871253967,0.8460000157356262,0.671999990940094
124.74749994277954,0.7599999904632568,0.6539999842643738,0.777999997138977,0.8840000033378601,0.8560000061988831,0.671999990940094
124.75743675231934,0.7599999904632568,0.656000018119812,0.777999997138977,0.8920000195503235,0.8679999709129333,0.671999990940094
124.76751613616943,0.7580000162124634,0.656000018119812,0.7799999713897705,0.8980000019073486,0.8759999871253967,0.6700000166893005
124.77849411964417,0.7580000162124634,0.656000018119812,0.7799999713897705,0.9079999923706056,0.8840000033378601,0.6700000166893005
124.78739523887634,0.7580000162124634,0.656000018119812,0.7799999713897705,0.9139999747276306,0.8880000114440918,0.6679999828338623
124.79799246788025,0.7599999904632568,0.656000018119812,0.7820000052452087,0.921999990940094,0.8939999938011169,0.6679999828338623
124.80741047859192,0.7599999904632568,0.6600000262260437,0.7820000052452087,0.9300000071525574,0.8980000019073486,0.6679999828338623
124.81753301620483,0.7599999904632568,0.6639999747276306,0.7820000052452087,0.9340000152587892,0.9020000100135804,0.6660000085830688
124.82758378982544,0.7599999904632568,0.6700000166893005,0.7839999794960022,0.9399999976158142,0.906000018119812,0.6600000262260437
124.83777689933777,0.7599999904632568,0.6759999990463257,0.7839999794960022,0.9459999799728394,0.9100000262260436,0.6579999923706055
124.84771823883057,0.7599999904632568,0.6800000071525574,0.7839999794960022,0.9520000219345092,0.9160000085830688,0.6579999923706055
124.85743975639343,0.7580000162124634,0.6840000152587891,0.7860000133514404,0.9580000042915344,0.921999990940094,0.6579999923706055
124.86769652366638,0.7580000162124634,0.6880000233650208,0.7860000133514404,0.9660000205039978,0.9259999990463256,0.656000018119812
124.87756729125977,0.7580000162124634,0.6919999718666077,0.7860000133514404,0.972000002861023,0.9300000071525574,0.656000018119812
124.88738512992859,0.7559999823570251,0.6940000057220459,0.7860000133514404,0.977999985218048,0.9359999895095824,0.656000018119812
124.89738535881042,0.7559999823570251,0.6980000138282776,0.7860000133514404,0.984000027179718,0.9380000233650208,0.656000018119812
124.90749502182007,0.7540000081062317,0.699999988079071,0.7860000133514404,0.9900000095367432,0.9419999718666076,0.656000018119812
124.91827821731567,0.7540000081062317,0.7039999961853027,0.7860000133514404,0.9959999918937684,0.944000005722046,0.656000018119812
124.92816138267517,0.7480000257492065,0.7080000042915344,0.7860000133514404,1.00600004196167,0.9480000138282776,0.656000018119812
124.93742990493774,0.7440000176429749,0.7139999866485596,0.7860000133514404,1.0140000581741333,0.949999988079071,0.656000018119812
124.94781851768494,0.7379999756813049,0.7160000205039978,0.7860000133514404,1.0199999809265137,0.949999988079071,0.656000018119812
124.95756602287292,0.7319999933242798,0.7200000286102295,0.7839999794960022,1.027999997138977,0.949999988079071,0.656000018119812
124.96748566627502,0.722000002861023,0.7239999771118164,0.7820000052452087,1.037999987602234,0.949999988079071,0.656000018119812
124.9774854183197,0.7179999947547913,0.7260000109672546,0.7799999713897705,1.0460000038146973,0.949999988079071,0.656000018119812
124.98749732971191,0.7059999704360962,0.7300000190734863,0.7720000147819519,1.055999994277954,0.9459999799728394,0.6539999842643738
124.99746012687683,0.6959999799728394,0.7319999933242798,0.765999972820282,1.059999942779541,0.9419999718666076,0.6539999842643738
125.00750923156738,0.6800000071525574,0.734000027179718,0.7519999742507935,1.0679999589920044,0.9359999895095824,0.656000018119812
125.0182089805603,0.6600000262260437,0.7360000014305115,0.7319999933242798,1.0740000009536743,0.9240000247955322,0.656000018119812
125.02801132202148,0.6480000019073486,0.7379999756813049,0.7200000286102295,1.0779999494552612,0.9079999923706056,0.656000018119812
125.03737449645996,0.6380000114440918,0.7400000095367432,0.7080000042915344,1.0800000429153442,0.8679999709129333,0.656000018119812
125.04738092422485,0.6359999775886536,0.7400000095367432,0.699999988079071,1.0820000171661377,0.8080000281333923,0.656000018119812
125.05773162841797,0.6359999775886536,0.7400000095367432,0.6919999718666077,1.0800000429153442,0.7559999823570251,0.656000018119812
125.06754231452942,0.6359999775886536,0.7400000095367432,0.6880000233650208,1.0779999494552612,0.722000002861023,0.656000018119812
125.07877802848816,0.6380000114440918,0.7379999756813049,0.6819999814033508,1.0720000267028809,0.7120000123977661,0.656000018119812
125.08813571929932,0.6399999856948853,0.7300000190734863,0.6759999990463257,1.059999942779541,0.699999988079071,0.656000018119812
125.0977714061737,0.6399999856948853,0.6980000138282776,0.6660000085830688,1.0420000553131104,0.6940000057220459,0.656000018119812
125.10830402374268,0.6399999856948853,0.6679999828338623,0.6499999761581421,1.02400004863739,0.6980000138282776,0.656000018119812
125.11759090423584,0.6340000033378601,0.6620000004768372,0.6399999856948853,0.9940000176429749,0.7059999704360962,0.656000018119812
125.1326949596405,0.6320000290870667,0.6620000004768372,0.6340000033378601,0.9459999799728394,0.7139999866485596,0.656000018119812
125.13792181015015,0.6299999952316284,0.6600000262260437,0.6340000033378601,0.9240000247955322,0.7120000123977661,0.656000018119812
125.14802742004395,0.6299999952316284,0.6579999923706055,0.6359999775886536,0.8799999952316284,0.7099999785423279,0.656000018119812
125.15805554389954,0.6299999952316284,0.6539999842643738,0.6399999856948853,0.7979999780654907,0.7039999961853027,0.6579999923706055
125.16780805587769,0.628000020980835,0.6499999761581421,0.6439999938011169,0.7400000095367432,0.6679999828338623,0.6579999923706055
125.17786383628845,0.628000020980835,0.6480000019073486,0.6380000114440918,0.7200000286102295,0.6579999923706055,0.6579999923706055
125.18859553337097,0.628000020980835,0.6480000019073486,0.6399999856948853,0.7160000205039978,0.6579999923706055,0.6600000262260437
125.19995975494385,0.6299999952316284,0.6460000276565552,0.6399999856948853,0.7160000205039978,0.656000018119812,0.6700000166893005
125.20846128463745,0.6299999952316284,0.6480000019073486,0.6399999856948853,0.7239999771118164,0.6539999842643738,0.6660000085830688
125.21799898147583,0.6320000290870667,0.6480000019073486,0.6380000114440918,0.7300000190734863,0.6539999842643738,0.6620000004768372
125.22799181938171,0.6320000290870667,0.6480000019073486,0.6380000114440918,0.7379999756813049,0.6539999842643738,0.6620000004768372
125.23747992515564,0.6320000290870667,0.6460000276565552,0.6380000114440918,0.7400000095367432,0.656000018119812,0.6620000004768372
125.24728894233704,0.6320000290870667,0.6460000276565552,0.6380000114440918,0.7419999837875366,0.656000018119812,0.6620000004768372
125.25731635093689,0.6320000290870667,0.6460000276565552,0.6380000114440918,0.7419999837875366,0.6579999923706055,0.6620000004768372
125.26740050315857,0.6320000290870667,0.6460000276565552,0.6380000114440918,0.7400000095367432,0.656000018119812,0.6620000004768372
125.27737975120544,0.6320000290870667,0.6460000276565552,0.6380000114440918,0.7400000095367432,0.656000018119812,0.6620000004768372
125.28719568252563,0.6320000290870667,0.6460000276565552,0.6380000114440918,0.7400000095367432,0.656000018119812,0.6620000004768372
125.2973461151123,0.6320000290870667,0.6460000276565552,0.6380000114440918,0.7400000095367432,0.656000018119812,0.6620000004768372
125.30724740028381,0.6320000290870667,0.6460000276565552,0.6380000114440918,0.7400000095367432,0.656000018119812,0.6620000004768372
125.31776762008667,0.6320000290870667,0.6460000276565552,0.6359999775886536,0.7400000095367432,0.656000018119812,0.6620000004768372
125.32727432250977,0.6320000290870667,0.6480000019073486,0.6380000114440918,0.7400000095367432,0.656000018119812,0.6620000004768372
125.33731079101562,0.6320000290870667,0.6460000276565552,0.6359999775886536,0.7400000095367432,0.656000018119812,0.6620000004768372
125.3472204208374,0.6320000290870667,0.6460000276565552,0.6380000114440918,0.7379999756813049,0.656000018119812,0.6620000004768372
125.35736989974976,0.6320000290870667,0.6460000276565552,0.6380000114440918,0.7379999756813049,0.656000018119812,0.6620000004768372
125.3677339553833,0.6320000290870667,0.6460000276565552,0.6359999775886536,0.7379999756813049,0.656000018119812,0.6620000004768372
125.37770891189575,0.6320000290870667,0.6460000276565552,0.6380000114440918,0.7379999756813049,0.656000018119812,0.6620000004768372
125.38810110092163,0.6320000290870667,0.6460000276565552,0.6359999775886536,0.7379999756813049,0.656000018119812,0.6620000004768372
125.39740347862244,0.6320000290870667,0.6460000276565552,0.6359999775886536,0.7379999756813049,0.656000018119812,0.6620000004768372
125.40748190879822,0.6320000290870667,0.6460000276565552,0.6359999775886536,0.7379999756813049,0.656000018119812,0.6620000004768372
125.41750121116638,0.6320000290870667,0.6460000276565552,0.6380000114440918,0.7379999756813049,0.656000018119812,0.6620000004768372
125.42732739448547,0.6320000290870667,0.6460000276565552,0.6380000114440918,0.7379999756813049,0.656000018119812,0.6620000004768372
125.43778896331787,0.6320000290870667,0.6460000276565552,0.6359999775886536,0.7360000014305115,0.656000018119812,0.6620000004768372
125.44747948646545,0.6320000290870667,0.6460000276565552,0.6380000114440918,0.7360000014305115,0.656000018119812,0.6620000004768372
125.45737075805664,0.6320000290870667,0.6460000276565552,0.6380000114440918,0.734000027179718,0.656000018119812,0.6620000004768372
125.46764850616455,0.6340000033378601,0.6460000276565552,0.6380000114440918,0.734000027179718,0.656000018119812,0.6620000004768372
125.47733473777771,0.6340000033378601,0.6460000276565552,0.6380000114440918,0.734000027179718,0.656000018119812,0.6620000004768372
125.48748874664307,0.6340000033378601,0.6460000276565552,0.6380000114440918,0.734000027179718,0.656000018119812,0.6620000004768372
125.49734234809875,0.6340000033378601,0.6460000276565552,0.6380000114440918,0.734000027179718,0.656000018119812,0.6620000004768372
125.50731229782104,0.6340000033378601,0.6460000276565552,0.6380000114440918,0.7319999933242798,0.656000018119812,0.6620000004768372
125.51752161979675,0.6340000033378601,0.6460000276565552,0.6380000114440918,0.7319999933242798,0.656000018119812,0.6620000004768372
125.52730584144592,0.6340000033378601,0.6460000276565552,0.6380000114440918,0.7319999933242798,0.6579999923706055,0.6620000004768372
125.5374448299408,0.6340000033378601,0.6460000276565552,0.6380000114440918,0.7319999933242798,0.6579999923706055,0.6600000262260437
125.54805016517639,0.6340000033378601,0.6460000276565552,0.6380000114440918,0.734000027179718,0.656000018119812,0.6620000004768372
125.55758452415466,0.6340000033378601,0.6460000276565552,0.6399999856948853,0.7319999933242798,0.656000018119812,0.6620000004768372
125.5674901008606,0.6340000033378601,0.6460000276565552,0.6420000195503235,0.7279999852180481,0.6539999842643738,0.6660000085830688
125.57740783691406,0.6359999775886536,0.6460000276565552,0.6480000019073486,0.7260000109672546,0.6480000019073486,0.671999990940094
125.5874011516571,0.6380000114440918,0.6439999938011169,0.6499999761581421,0.7239999771118164,0.6460000276565552,0.6840000152587891
125.59758114814758,0.6420000195503235,0.6439999938011169,0.656000018119812,0.7260000109672546,0.6439999938011169,0.7080000042915344
125.60743021965027,0.6359999775886536,0.6420000195503235,0.6679999828338623,0.7139999866485596,0.6439999938011169,0.7260000109672546
125.61740255355835,0.6600000262260437,0.6399999856948853,0.6800000071525574,0.7139999866485596,0.6380000114440918,0.7239999771118164
125.62756395339966,0.671999990940094,0.6420000195503235,0.6880000233650208,0.7179999947547913,0.6520000100135803,0.7179999947547913
125.6375322341919,0.6740000247955322,0.6439999938011169,0.6980000138282776,0.7379999756813049,0.6700000166893005,0.7099999785423279
125.64749264717102,0.6840000152587891,0.6420000195503235,0.7059999704360962,0.7440000176429749,0.7300000190734863,0.7080000042915344
125.65743613243103,0.6980000138282776,0.6420000195503235,0.7160000205039978,0.7580000162124634,0.7540000081062317,0.7039999961853027
125.66737723350525,0.7080000042915344,0.6420000195503235,0.722000002861023,0.7760000228881836,0.7699999809265137,0.6980000138282776
125.67761445045471,0.7139999866485596,0.6439999938011169,0.7260000109672546,0.800000011920929,0.7820000052452087,0.6980000138282776
125.68736362457275,0.7200000286102295,0.6439999938011169,0.7300000190734863,0.8240000009536743,0.7960000038146973,0.6980000138282776
125.70040035247803,0.7239999771118164,0.6439999938011169,0.734000027179718,0.8360000252723694,0.8059999942779541,0.6980000138282776
125.70816731452942,0.7279999852180481,0.6439999938011169,0.7379999756813049,0.8500000238418579,0.8199999928474426,0.6980000138282776
125.71737623214722,0.7319999933242798,0.6460000276565552,0.7419999837875366,0.8600000143051147,0.8320000171661377,0.6959999799728394
125.72753953933716,0.7319999933242798,0.6460000276565552,0.7440000176429749,0.8659999966621399,0.843999981880188,0.6959999799728394
125.73728609085083,0.734000027179718,0.6480000019073486,0.7480000257492065,0.871999979019165,0.8539999723434448,0.6959999799728394
125.7474684715271,0.734000027179718,0.6480000019073486,0.75,0.8759999871253967,0.8600000143051147,0.6940000057220459
125.75754737854004,0.7360000014305115,0.6480000019073486,0.75,0.8759999871253967,0.8619999885559082,0.6940000057220459
125.7673978805542,0.7360000014305115,0.6480000019073486,0.75,0.8759999871253967,0.8640000224113464,0.6919999718666077
125.77789282798767,0.7360000014305115,0.6480000019073486,0.7519999742507935,0.8759999871253967,0.8659999966621399,0.6919999718666077
125.78766202926636,0.7360000014305115,0.6480000019073486,0.7519999742507935,0.8740000128746033,0.8659999966621399,0.6899999976158142
125.79743909835815,0.7360000014305115,0.6480000019073486,0.7519999742507935,0.8740000128746033,0.8659999966621399,0.6899999976158142
125.80743956565857,0.7360000014305115,0.6480000019073486,0.7519999742507935,0.871999979019165,0.8659999966621399,0.6880000233650208
125.81754088401794,0.7379999756813049,0.6480000019073486,0.7519999742507935,0.871999979019165,0.8659999966621399,0.6859999895095825
125.82746434211731,0.7379999756813049,0.6480000019073486,0.7519999742507935,0.8700000047683716,0.8640000224113464,0.6840000152587891
125.8376293182373,0.7379999756813049,0.6480000019073486,0.7519999742507935,0.8700000047683716,0.8640000224113464,0.6840000152587891
125.84757280349731,0.7379999756813049,0.6480000019073486,0.7519999742507935,0.8679999709129333,0.8619999885559082,0.6840000152587891
125.85750317573547,0.7400000095367432,0.6480000019073486,0.7540000081062317,0.8700000047683716,0.8619999885559082,0.6819999814033508
125.86731171607971,0.7400000095367432,0.6480000019073486,0.7540000081062317,0.8700000047683716,0.8619999885559082,0.6819999814033508
125.87729144096375,0.7400000095367432,0.6480000019073486,0.7559999823570251,0.871999979019165,0.8640000224113464,0.6800000071525574
125.8874864578247,0.7419999837875366,0.6499999761581421,0.7580000162124634,0.871999979019165,0.8640000224113464,0.6800000071525574
125.89746761322021,0.7419999837875366,0.6499999761581421,0.7580000162124634,0.8740000128746033,0.8659999966621399,0.6779999732971191
125.90747046470642,0.7440000176429749,0.6499999761581421,0.7599999904632568,0.878000020980835,0.8700000047683716,0.6779999732971191
125.91750931739807,0.7440000176429749,0.6520000100135803,0.7620000243186951,0.8820000290870667,0.8740000128746033,0.6779999732971191
125.9273624420166,0.7459999918937683,0.6520000100135803,0.7639999985694885,0.8899999856948853,0.8759999871253967,0.6779999732971191
125.93739771842957,0.7459999918937683,0.6520000100135803,0.765999972820282,0.8960000276565552,0.8799999952316284,0.6779999732971191
125.94736075401306,0.7480000257492065,0.6539999842643738,0.765999972820282,0.9020000100135804,0.8840000033378601,0.6779999732971191
125.95728135108948,0.7480000257492065,0.6539999842643738,0.7680000066757202,0.9079999923706056,0.8880000114440918,0.6800000071525574
125.96734261512756,0.75,0.6539999842643738,0.7680000066757202,0.9139999747276306,0.8920000195503235,0.6800000071525574
125.9773199558258,0.75,0.6539999842643738,0.7699999809265137,0.9200000166893004,0.8980000019073486,0.6800000071525574
125.98739910125732,0.75,0.6539999842643738,0.7699999809265137,0.921999990940094,0.9020000100135804,0.6800000071525574
125.99791836738586,0.75,0.6520000100135803,0.7720000147819519,0.9279999732971193,0.906000018119812,0.6800000071525574
126.00737619400024,0.7519999742507935,0.6520000100135803,0.7720000147819519,0.9340000152587892,0.9100000262260436,0.6779999732971191
126.01769948005676,0.7519999742507935,0.6520000100135803,0.7739999890327454,0.9380000233650208,0.9139999747276306,0.6779999732971191
126.02763223648071,0.7519999742507935,0.6520000100135803,0.7739999890327454,0.9399999976158142,0.9160000085830688,0.6779999732971191
126.03745770454407,0.7519999742507935,0.6520000100135803,0.7739999890327454,0.9419999718666076,0.9179999828338624,0.6759999990463257
126.04752969741821,0.7519999742507935,0.6520000100135803,0.7760000228881836,0.9459999799728394,0.921999990940094,0.6759999990463257
126.05737447738647,0.75,0.6520000100135803,0.7760000228881836,0.9480000138282776,0.9240000247955322,0.6740000247955322
126.06734108924866,0.75,0.6520000100135803,0.7760000228881836,0.9520000219345092,0.9259999990463256,0.6740000247955322
126.0775420665741,0.75,0.6520000100135803,0.7760000228881836,0.9539999961853028,0.9279999732971193,0.6740000247955322
126.08740019798279,0.7480000257492065,0.6539999842643738,0.7760000228881836,0.9580000042915344,0.9300000071525574,0.671999990940094
126.09759855270386,0.7480000257492065,0.6539999842643738,0.7760000228881836,0.9639999866485596,0.9340000152587892,0.671999990940094
126.10735964775085,0.7480000257492065,0.6539999842643738,0.777999997138977,0.9700000286102296,0.9359999895095824,0.6700000166893005
126.11745977401733,0.7480000257492065,0.656000018119812,0.777999997138977,0.9739999771118164,0.9380000233650208,0.6679999828338623
126.12800979614258,0.7480000257492065,0.656000018119812,0.777999997138977,0.9800000190734864,0.944000005722046,0.6679999828338623
126.13729453086853,0.7459999918937683,0.6579999923706055,0.777999997138977,0.984000027179718,0.9459999799728394,0.6639999747276306
126.14735245704651,0.7459999918937683,0.6600000262260437,0.7799999713897705,0.9879999756813048,0.9480000138282776,0.6620000004768372
126.15778613090515,0.7459999918937683,0.6620000004768372,0.7799999713897705,0.9940000176429749,0.9520000219345092,0.6600000262260437
126.1673104763031,0.7440000176429749,0.6639999747276306,0.7799999713897705,0.9980000257492064,0.9539999961853028,0.6579999923706055
126.17748665809631,0.7440000176429749,0.6700000166893005,0.7799999713897705,1.003999948501587,0.9539999961853028,0.6579999923706055
126.18729662895203,0.7440000176429749,0.6740000247955322,0.7799999713897705,1.0099999904632568,0.9580000042915344,0.656000018119812
126.1975347995758,0.7440000176429749,0.6779999732971191,0.7799999713897705,1.0140000581741333,0.9580000042915344,0.656000018119812
126.20733189582825,0.7440000176429749,0.6819999814033508,0.7820000052452087,1.0180000066757202,0.959999978542328,0.656000018119812
126.21772360801697,0.7440000176429749,0.6880000233650208,0.7820000052452087,1.0260000228881836,0.9639999866485596,0.656000018119812
126.2274329662323,0.7419999837875366,0.6899999976158142,0.7820000052452087,1.031999945640564,0.9639999866485596,0.656000018119812
126.2374222278595,0.7400000095367432,0.6940000057220459,0.7820000052452087,1.0399999618530271,0.9660000205039978,0.6539999842643738
126.24740242958069,0.7400000095367432,0.6959999799728394,0.7820000052452087,1.0440000295639038,0.9679999947547911,0.6539999842643738
126.2574372291565,0.7379999756813049,0.699999988079071,0.7820000052452087,1.0499999523162842,0.9700000286102296,0.656000018119812
126.26752972602844,0.734000027179718,0.7039999961853027,0.7820000052452087,1.0579999685287476,0.972000002861023,0.656000018119812
126.27748775482178,0.7300000190734863,0.7059999704360962,0.7820000052452087,1.0640000104904177,0.972000002861023,0.656000018119812
126.28735661506653,0.7260000109672546,0.7099999785423279,0.7799999713897705,1.0700000524520874,0.9739999771118164,0.656000018119812
126.29726004600525,0.722000002861023,0.7139999866485596,0.777999997138977,1.0779999494552612,0.972000002861023,0.656000018119812
126.30774521827698,0.7139999866485596,0.7179999947547913,0.7739999890327454,1.0820000171661377,0.972000002861023,0.656000018119812
126.3174307346344,0.7020000219345093,0.7200000286102295,0.765999972820282,1.0859999656677246,0.9700000286102296,0.6539999842643738
126.32800889015198,0.6899999976158142,0.7239999771118164,0.7599999904632568,1.090000033378601,0.9660000205039978,0.6539999842643738
126.33748722076416,0.6759999990463257,0.7260000109672546,0.75,1.0959999561309814,0.962000012397766,0.6539999842643738
126.34747362136841,0.6620000004768372,0.7300000190734863,0.7279999852180481,1.100000023841858,0.949999988079071,0.6539999842643738
126.35735774040222,0.656000018119812,0.7319999933242798,0.7099999785423279,1.1019999980926514,0.9340000152587892,0.6539999842643738
126.36744141578674,0.6480000019073486,0.734000027179718,0.6880000233650208,1.1059999465942385,0.8600000143051147,0.6539999842643738
126.37751913070679,0.6460000276565552,0.7360000014305115,0.6819999814033508,1.1080000400543213,0.8140000104904175,0.6539999842643738
126.38776206970215,0.6420000195503235,0.7360000014305115,0.671999990940094,1.1080000400543213,0.7720000147819519,0.6539999842643738
126.3977222442627,0.6380000114440918,0.7319999933242798,0.6639999747276306,1.1059999465942385,0.7459999918937683,0.6539999842643738
126.40739750862122,0.6359999775886536,0.7260000109672546,0.6579999923706055,1.100000023841858,0.7260000109672546,0.6539999842643738
126.41744709014893,0.6359999775886536,0.6919999718666077,0.6460000276565552,1.0880000591278076,0.6959999799728394,0.656000018119812
126.42725467681885,0.6380000114440918,0.6620000004768372,0.6320000290870667,1.0740000009536743,0.6940000057220459,0.656000018119812
126.4385073184967,0.6380000114440918,0.6620000004768372,0.628000020980835,1.0540000200271606,0.699999988079071,0.656000018119812
126.44835615158081,0.6320000290870667,0.6600000262260437,0.6259999871253967,1.0180000066757202,0.7179999947547913,0.656000018119812
126.45813632011414,0.6299999952316284,0.6520000100135803,0.6259999871253967,0.9879999756813048,0.7059999704360962,0.656000018119812
126.46733593940735,0.628000020980835,0.6499999761581421,0.6259999871253967,0.9419999718666076,0.6959999799728394,0.656000018119812
126.47746634483337,0.628000020980835,0.6480000019073486,0.628000020980835,0.8899999856948853,0.6980000138282776,0.656000018119812
126.48765659332275,0.628000020980835,0.6460000276565552,0.6340000033378601,0.8019999861717224,0.6959999799728394,0.656000018119812
126.49750065803528,0.6259999871253967,0.6439999938011169,0.6299999952316284,0.7519999742507935,0.6759999990463257,0.6579999923706055
126.50764298439026,0.6299999952316284,0.6439999938011169,0.6320000290870667,0.7400000095367432,0.6579999923706055,0.6579999923706055
126.51748776435852,0.6320000290870667,0.6439999938011169,0.6340000033378601,0.734000027179718,0.6579999923706055,0.6779999732971191
126.52742910385132,0.6320000290870667,0.6439999938011169,0.6340000033378601,0.7379999756813049,0.6539999842643738,0.6620000004768372
126.5375235080719,0.6320000290870667,0.6439999938011169,0.6340000033378601,0.7459999918937683,0.6539999842643738,0.6620000004768372
126.54857683181763,0.6320000290870667,0.6439999938011169,0.6340000033378601,0.7559999823570251,0.6539999842643738,0.6620000004768372
126.55776381492615,0.6340000033378601,0.6439999938011169,0.6340000033378601,0.7599999904632568,0.656000018119812,0.6620000004768372
126.56781530380249,0.6340000033378601,0.6439999938011169,0.6340000033378601,0.7599999904632568,0.656000018119812,0.6620000004768372
126.57737803459167,0.6340000033378601,0.6439999938011169,0.6320000290870667,0.7580000162124634,0.656000018119812,0.6620000004768372
126.5874605178833,0.6340000033378601,0.6439999938011169,0.6340000033378601,0.7580000162124634,0.656000018119812,0.6620000004768372
126.59736847877502,0.6340000033378601,0.6439999938011169,0.6340000033378601,0.7580000162124634,0.656000018119812,0.6620000004768372
126.60755062103271,0.6340000033378601,0.6439999938011169,0.6340000033378601,0.7580000162124634,0.656000018119812,0.6620000004768372
126.61744046211243,0.6340000033378601,0.6439999938011169,0.6340000033378601,0.7580000162124634,0.656000018119812,0.6620000004768372
126.62751722335815,0.6340000033378601,0.6439999938011169,0.6340000033378601,0.7580000162124634,0.656000018119812,0.6620000004768372
126.63734221458435,0.6340000033378601,0.6439999938011169,0.6340000033378601,0.7580000162124634,0.656000018119812,0.6620000004768372
126.64746332168579,0.6340000033378601,0.6439999938011169,0.6340000033378601,0.7559999823570251,0.656000018119812,0.6620000004768372
126.65737724304199,0.6340000033378601,0.6439999938011169,0.6340000033378601,0.7559999823570251,0.656000018119812,0.6620000004768372
126.66996622085571,0.6340000033378601,0.6439999938011169,0.6340000033378601,0.7559999823570251,0.656000018119812,0.6620000004768372
126.67810845375061,0.6340000033378601,0.6439999938011169,0.6340000033378601,0.7559999823570251,0.656000018119812,0.6620000004768372
126.6891496181488,0.6340000033378601,0.6439999938011169,0.6340000033378601,0.7559999823570251,0.656000018119812,0.6620000004768372
126.69741773605347,0.6340000033378601,0.6439999938011169,0.6340000033378601,0.7559999823570251,0.656000018119812,0.6620000004768372
126.70743775367737,0.6340000033378601,0.6460000276565552,0.6340000033378601,0.7540000081062317,0.656000018119812,0.6620000004768372
126.71758604049683,0.6340000033378601,0.6439999938011169,0.6340000033378601,0.7540000081062317,0.656000018119812,0.6620000004768372
126.72737836837769,0.6340000033378601,0.6439999938011169,0.6340000033378601,0.7540000081062317,0.656000018119812,0.6620000004768372
126.7373902797699,0.6340000033378601,0.6439999938011169,0.6340000033378601,0.7540000081062317,0.656000018119812,0.6620000004768372
126.74740266799927,0.6340000033378601,0.6439999938011169,0.6340000033378601,0.7519999742507935,0.656000018119812,0.6620000004768372
126.75737929344177,0.6340000033378601,0.6439999938011169,0.6340000033378601,0.7519999742507935,0.656000018119812,0.6620000004768372
126.76736164093018,0.6340000033378601,0.6439999938011169,0.6340000033378601,0.7519999742507935,0.656000018119812,0.6620000004768372
126.77819490432739,0.6340000033378601,0.6439999938011169,0.6340000033378601,0.7519999742507935,0.656000018119812,0.6620000004768372
126.78763270378113,0.6340000033378601,0.6439999938011169,0.6340000033378601,0.7519999742507935,0.656000018119812,0.6620000004768372
126.79777765274048,0.6340000033378601,0.6439999938011169,0.6340000033378601,0.7519999742507935,0.656000018119812,0.6620000004768372
126.80804681777954,0.6340000033378601,0.6439999938011169,0.6340000033378601,0.75,0.656000018119812,0.6620000004768372
126.81748008728027,0.6359999775886536,0.6439999938011169,0.6359999775886536,0.75,0.656000018119812,0.6620000004768372
126.82750201225281,0.6340000033378601,0.6439999938011169,0.6359999775886536,0.7480000257492065,0.656000018119812,0.6620000004768372
126.83740615844727,0.6359999775886536,0.6439999938011169,0.6359999775886536,0.7480000257492065,0.656000018119812,0.6620000004768372
126.84735298156738,0.6359999775886536,0.6439999938011169,0.6359999775886536,0.7480000257492065,0.656000018119812,0.6620000004768372
126.85737013816833,0.6359999775886536,0.6439999938011169,0.6359999775886536,0.7480000257492065,0.656000018119812,0.6620000004768372
126.86756896972656,0.6340000033378601,0.6439999938011169,0.6359999775886536,0.7459999918937683,0.656000018119812,0.6600000262260437
126.87872648239136,0.6340000033378601,0.6439999938011169,0.6420000195503235,0.7440000176429749,0.6539999842643738,0.6679999828338623
126.88746356964111,0.6359999775886536,0.6439999938011169,0.6480000019073486,0.7360000014305115,0.6460000276565552,0.6779999732971191
126.89756536483765,0.6399999856948853,0.6439999938011169,0.6499999761581421,0.734000027179718,0.6460000276565552,0.6980000138282776
126.90811443328857,0.6439999938011169,0.6439999938011169,0.656000018119812,0.7260000109672546,0.6420000195503235,0.7279999852180481
126.91989803314209,0.6359999775886536,0.6399999856948853,0.6660000085830688,0.7160000205039978,0.6420000195503235,0.7300000190734863
126.9280641078949,0.6620000004768372,0.6399999856948853,0.671999990940094,0.7160000205039978,0.6380000114440918,0.7260000109672546
126.93874263763428,0.6660000085830688,0.6420000195503235,0.6819999814033508,0.7260000109672546,0.6399999856948853,0.7179999947547913
126.94809460639954,0.6660000085830688,0.6420000195503235,0.6880000233650208,0.7419999837875366,0.6480000019073486,0.7120000123977661
126.95812940597534,0.6840000152587891,0.6420000195503235,0.7039999961853027,0.75,0.7099999785423279,0.7080000042915344
126.96770024299622,0.699999988079071,0.6420000195503235,0.7139999866485596,0.765999972820282,0.7379999756813049,0.699999988079071
126.97801160812378,0.7099999785423279,0.6439999938011169,0.722000002861023,0.7940000295639038,0.765999972820282,0.6980000138282776
126.987717628479,0.7160000205039978,0.6420000195503235,0.7279999852180481,0.8199999928474426,0.7919999957084656,0.6980000138282776
127.00440335273743,0.7200000286102295,0.6420000195503235,0.7319999933242798,0.8379999995231628,0.8100000023841858,0.6980000138282776
127.01046895980835,0.7279999852180481,0.6439999938011169,0.7379999756813049,0.8560000061988831,0.8299999833106995,0.6959999799728394
127.02104377746582,0.7319999933242798,0.6439999938011169,0.7419999837875366,0.8679999709129333,0.8479999899864197,0.6940000057220459
127.02809834480286,0.734000027179718,0.6439999938011169,0.7480000257492065,0.8759999871253967,0.8579999804496765,0.6940000057220459
127.03997278213501,0.7379999756813049,0.6460000276565552,0.7519999742507935,0.8840000033378601,0.8659999966621399,0.6919999718666077
127.04740619659424,0.7400000095367432,0.6460000276565552,0.7540000081062317,0.8880000114440918,0.8700000047683716,0.6899999976158142
127.05847096443176,0.7400000095367432,0.6480000019073486,0.7559999823570251,0.8920000195503235,0.8740000128746033,0.6899999976158142
127.06731414794922,0.7419999837875366,0.6480000019073486,0.7580000162124634,0.8920000195503235,0.878000020980835,0.6880000233650208
127.07732224464417,0.7419999837875366,0.6480000019073486,0.7580000162124634,0.8920000195503235,0.878000020980835,0.6859999895095825
127.08723568916321,0.7419999837875366,0.6480000019073486,0.7580000162124634,0.8920000195503235,0.878000020980835,0.6840000152587891
127.09716272354126,0.7440000176429749,0.6499999761581421,0.7580000162124634,0.8920000195503235,0.878000020980835,0.6819999814033508
127.1087212562561,0.7419999837875366,0.6499999761581421,0.7580000162124634,0.8920000195503235,0.878000020980835,0.6800000071525574
127.11718320846558,0.7440000176429749,0.6499999761581421,0.7599999904632568,0.8920000195503235,0.878000020980835,0.6779999732971191
127.12742948532104,0.7440000176429749,0.6499999761581421,0.7599999904632568,0.8920000195503235,0.878000020980835,0.6759999990463257
127.13727521896362,0.7440000176429749,0.6499999761581421,0.7599999904632568,0.8920000195503235,0.878000020980835,0.6759999990463257
127.1472373008728,0.7440000176429749,0.6520000100135803,0.7599999904632568,0.8939999938011169,0.878000020980835,0.6740000247955322
127.15760588645935,0.7440000176429749,0.6520000100135803,0.7620000243186951,0.8939999938011169,0.878000020980835,0.6740000247955322
127.1672465801239,0.7459999918937683,0.6520000100135803,0.7620000243186951,0.8960000276565552,0.8799999952316284,0.671999990940094
127.17714929580688,0.7459999918937683,0.6520000100135803,0.7620000243186951,0.8999999761581421,0.8799999952316284,0.671999990940094
127.18731093406677,0.7459999918937683,0.6520000100135803,0.7639999985694885,0.9020000100135804,0.8820000290870667,0.671999990940094
127.1972279548645,0.7459999918937683,0.6520000100135803,0.7639999985694885,0.9039999842643738,0.8840000033378601,0.671999990940094
127.20831632614136,0.7480000257492065,0.6520000100135803,0.765999972820282,0.9079999923706056,0.8859999775886536,0.671999990940094
127.21742296218872,0.7480000257492065,0.6539999842643738,0.765999972820282,0.9100000262260436,0.8899999856948853,0.6700000166893005
127.22801733016968,0.7480000257492065,0.656000018119812,0.7680000066757202,0.9160000085830688,0.8920000195503235,0.6700000166893005
127.23735213279724,0.75,0.656000018119812,0.7680000066757202,0.9200000166893004,0.8939999938011169,0.6700000166893005
127.24754762649536,0.75,0.656000018119812,0.7699999809265137,0.9240000247955322,0.8980000019073486,0.6700000166893005
127.25729560852051,0.75,0.6579999923706055,0.7699999809265137,0.9279999732971193,0.8999999761581421,0.6700000166893005
127.26760268211365,0.7519999742507935,0.6579999923706055,0.7720000147819519,0.9319999814033508,0.9039999842643738,0.6700000166893005
127.27728629112244,0.7519999742507935,0.6600000262260437,0.7720000147819519,0.9380000233650208,0.9079999923706056,0.671999990940094
127.28744196891785,0.7519999742507935,0.6600000262260437,0.7739999890327454,0.9419999718666076,0.9120000004768372,0.6700000166893005
127.29733633995056,0.7519999742507935,0.6620000004768372,0.7739999890327454,0.9459999799728394,0.9160000085830688,0.671999990940094
127.30728554725647,0.7519999742507935,0.6639999747276306,0.7760000228881836,0.9480000138282776,0.9200000166893004,0.671999990940094
127.3178198337555,0.7519999742507935,0.6639999747276306,0.7760000228881836,0.949999988079071,0.921999990940094,0.671999990940094
127.32755064964294,0.7519999742507935,0.6660000085830688,0.7760000228881836,0.9539999961853028,0.9240000247955322,0.671999990940094
127.33819341659546,0.7519999742507935,0.6639999747276306,0.7760000228881836,0.9559999704360962,0.9259999990463256,0.671999990940094
127.3473973274231,0.7519999742507935,0.6639999747276306,0.7760000228881836,0.9559999704360962,0.9279999732971193,0.6740000247955322
127.3575541973114,0.7519999742507935,0.6639999747276306,0.7760000228881836,0.9580000042915344,0.9300000071525574,0.6740000247955322
127.36750435829163,0.7519999742507935,0.6639999747276306,0.7760000228881836,0.959999978542328,0.9300000071525574,0.6740000247955322
127.37737727165222,0.7519999742507935,0.6639999747276306,0.777999997138977,0.9639999866485596,0.9319999814033508,0.6740000247955322
127.38735342025757,0.75,0.6639999747276306,0.777999997138977,0.9660000205039978,0.9359999895095824,0.6740000247955322
127.39736294746399,0.75,0.6660000085830688,0.777999997138977,0.9679999947547911,0.9380000233650208,0.671999990940094
127.40732932090759,0.75,0.6679999828338623,0.777999997138977,0.972000002861023,0.9399999976158142,0.671999990940094
127.41759657859802,0.75,0.6700000166893005,0.777999997138977,0.9739999771118164,0.9419999718666076,0.6700000166893005
127.42737150192261,0.7480000257492065,0.671999990940094,0.777999997138977,0.977999985218048,0.9459999799728394,0.6679999828338623
127.43751788139343,0.7480000257492065,0.6759999990463257,0.7799999713897705,0.9819999933242798,0.9480000138282776,0.6679999828338623
127.44759368896484,0.7480000257492065,0.6779999732971191,0.7799999713897705,0.984000027179718,0.949999988079071,0.6660000085830688
127.45779514312744,0.7480000257492065,0.6800000071525574,0.7799999713897705,0.9879999756813048,0.9520000219345092,0.6620000004768372
127.46741151809692,0.7459999918937683,0.6819999814033508,0.7799999713897705,0.9919999837875366,0.9539999961853028,0.6600000262260437
127.47734332084656,0.7459999918937683,0.6840000152587891,0.7799999713897705,0.9959999918937684,0.9559999704360962,0.6579999923706055
127.48734879493713,0.7440000176429749,0.6859999895095825,0.7799999713897705,1.0,0.9580000042915344,0.6579999923706055
127.49748539924622,0.7440000176429749,0.6880000233650208,0.7799999713897705,1.003999948501587,0.9580000042915344,0.6579999923706055
127.50746297836304,0.7419999837875366,0.6919999718666077,0.7799999713897705,1.0080000162124634,0.959999978542328,0.6579999923706055
127.51738452911377,0.7419999837875366,0.6940000057220459,0.7820000052452087,1.0119999647140503,0.962000012397766,0.6579999923706055
127.52761483192444,0.7419999837875366,0.6959999799728394,0.7820000052452087,1.0160000324249268,0.9639999866485596,0.6579999923706055
127.5374391078949,0.7400000095367432,0.6980000138282776,0.7820000052452087,1.0219999551773071,0.9660000205039978,0.656000018119812
127.55041813850403,0.7400000095367432,0.699999988079071,0.7820000052452087,1.0260000228881836,0.9679999947547911,0.656000018119812
127.55823540687561,0.7400000095367432,0.7020000219345093,0.7820000052452087,1.031999945640564,0.9700000286102296,0.656000018119812
127.56740689277649,0.7379999756813049,0.7059999704360962,0.7820000052452087,1.0360000133514404,0.9700000286102296,0.656000018119812
127.57734632492065,0.7379999756813049,0.7080000042915344,0.7820000052452087,1.0399999618530271,0.972000002861023,0.656000018119812
127.58752679824829,0.7360000014305115,0.7099999785423279,0.7820000052452087,1.0460000038146973,0.9739999771118164,0.656000018119812
127.59737920761108,0.7319999933242798,0.7139999866485596,0.7820000052452087,1.0540000200271606,0.9760000109672546,0.656000018119812
127.60731029510498,0.7300000190734863,0.7160000205039978,0.7820000052452087,1.0579999685287476,0.9760000109672546,0.656000018119812
127.61742067337036,0.7260000109672546,0.7200000286102295,0.7820000052452087,1.0640000104904177,0.9760000109672546,0.656000018119812
127.62752723693848,0.7239999771118164,0.722000002861023,0.7799999713897705,1.0679999589920044,0.977999985218048,0.656000018119812
127.63733124732971,0.7179999947547913,0.7260000109672546,0.777999997138977,1.0720000267028809,0.977999985218048,0.656000018119812
127.64815282821655,0.7059999704360962,0.7279999852180481,0.7720000147819519,1.0779999494552612,0.9760000109672546,0.656000018119812
127.65810775756836,0.6959999799728394,0.7300000190734863,0.765999972820282,1.0820000171661377,0.9760000109672546,0.656000018119812
127.66749477386475,0.6819999814033508,0.734000027179718,0.7580000162124634,1.0859999656677246,0.972000002861023,0.656000018119812
127.67746996879578,0.6700000166893005,0.7360000014305115,0.7480000257492065,1.090000033378601,0.9700000286102296,0.656000018119812
127.68744778633118,0.6600000262260437,0.7400000095367432,0.7300000190734863,1.0920000076293943,0.9639999866485596,0.656000018119812
127.69735622406006,0.6520000100135803,0.7419999837875366,0.7120000123977661,1.0959999561309814,0.949999988079071,0.6539999842643738
127.70762252807617,0.6480000019073486,0.7419999837875366,0.7020000219345093,1.0959999561309814,0.9200000166893004,0.656000018119812
127.71738004684448,0.6460000276565552,0.7440000176429749,0.6859999895095825,1.0980000495910645,0.843999981880188,0.656000018119812
127.72745656967163,0.6420000195503235,0.7419999837875366,0.6759999990463257,1.0980000495910645,0.7900000214576721,0.6539999842643738
127.73737096786499,0.6399999856948853,0.7419999837875366,0.6700000166893005,1.0980000495910645,0.765999972820282,0.656000018119812
127.7477810382843,0.6359999775886536,0.7400000095367432,0.6620000004768372,1.093999981880188,0.7419999837875366,0.6539999842643738
127.75814032554626,0.6340000033378601,0.7379999756813049,0.656000018119812,1.0880000591278076,0.7239999771118164,0.656000018119812
127.76770162582397,0.6359999775886536,0.7120000123977661,0.6460000276565552,1.0779999494552612,0.7039999961853027,0.656000018119812
127.7773175239563,0.6380000114440918,0.6840000152587891,0.6320000290870667,1.062000036239624,0.7099999785423279,0.656000018119812
127.78751492500305,0.6380000114440918,0.6660000085830688,0.628000020980835,1.0399999618530271,0.7039999961853027,0.656000018119812
127.7973120212555,0.6320000290870667,0.6660000085830688,0.6259999871253967,1.0019999742507937,0.7200000286102295,0.656000018119812
127.80737614631653,0.6299999952316284,0.6620000004768372,0.6259999871253967,0.9760000109672546,0.7059999704360962,0.656000018119812
127.81740403175354,0.628000020980835,0.656000018119812,0.6259999871253967,0.9279999732971193,0.699999988079071,0.6579999923706055
127.82737970352173,0.628000020980835,0.6520000100135803,0.628000020980835,0.878000020980835,0.7039999961853027,0.6579999923706055
127.83730983734131,0.628000020980835,0.6499999761581421,0.6340000033378601,0.7960000038146973,0.699999988079071,0.6579999923706055
127.84737730026245,0.6259999871253967,0.6480000019073486,0.6320000290870667,0.7360000014305115,0.6639999747276306,0.6579999923706055
127.8591046333313,0.6299999952316284,0.6480000019073486,0.6340000033378601,0.7179999947547913,0.6579999923706055,0.6600000262260437
127.86736607551575,0.6320000290870667,0.6480000019073486,0.6359999775886536,0.7160000205039978,0.6579999923706055,0.6759999990463257
127.8775372505188,0.6320000290870667,0.6480000019073486,0.6359999775886536,0.7260000109672546,0.656000018119812,0.6620000004768372
127.89030766487122,0.6320000290870667,0.6480000019073486,0.6359999775886536,0.7440000176429749,0.656000018119812,0.6620000004768372
127.8973662853241,0.6340000033378601,0.6460000276565552,0.6359999775886536,0.7480000257492065,0.656000018119812,0.6620000004768372
127.90740036964417,0.6340000033378601,0.6460000276565552,0.6340000033378601,0.75,0.6579999923706055,0.6620000004768372
127.91739702224731,0.6340000033378601,0.6460000276565552,0.6340000033378601,0.7480000257492065,0.6579999923706055,0.6620000004768372
127.92731165885925,0.6340000033378601,0.6460000276565552,0.6340000033378601,0.7480000257492065,0.656000018119812,0.6620000004768372
127.93767642974854,0.6340000033378601,0.6460000276565552,0.6340000033378601,0.7480000257492065,0.656000018119812,0.6620000004768372
127.9474368095398,0.6340000033378601,0.6460000276565552,0.6340000033378601,0.7480000257492065,0.6579999923706055,0.6620000004768372
127.95752549171448,0.6340000033378601,0.6460000276565552,0.6340000033378601,0.7480000257492065,0.656000018119812,0.6620000004768372
127.96806263923645,0.6340000033378601,0.6460000276565552,0.6340000033378601,0.7480000257492065,0.656000018119812,0.6620000004768372
127.97738981246948,0.6340000033378601,0.6460000276565552,0.6340000033378601,0.7480000257492065,0.656000018119812,0.6620000004768372
127.98744249343872,0.6340000033378601,0.6460000276565552,0.6340000033378601,0.7480000257492065,0.656000018119812,0.6620000004768372
127.99731993675232,0.6340000033378601,0.6460000276565552,0.6340000033378601,0.7480000257492065,0.656000018119812,0.6620000004768372
128.00814771652222,0.6340000033378601,0.6460000276565552,0.6340000033378601,0.7459999918937683,0.656000018119812,0.6620000004768372
128.01758551597595,0.6340000033378601,0.6460000276565552,0.6340000033378601,0.7459999918937683,0.656000018119812,0.6620000004768372
128.0274109840393,0.6340000033378601,0.6460000276565552,0.6340000033378601,0.7459999918937683,0.6579999923706055,0.6620000004768372
128.03754496574402,0.6340000033378601,0.6460000276565552,0.6340000033378601,0.7459999918937683,0.6579999923706055,0.6620000004768372
128.04737401008606,0.6340000033378601,0.6460000276565552,0.6340000033378601,0.7459999918937683,0.6579999923706055,0.6620000004768372
128.0574266910553,0.6340000033378601,0.6460000276565552,0.6340000033378601,0.7459999918937683,0.656000018119812,0.6620000004768372
128.0676975250244,0.6340000033378601,0.6460000276565552,0.6340000033378601,0.7459999918937683,0.656000018119812,0.6620000004768372
128.07738995552063,0.6340000033378601,0.6460000276565552,0.6340000033378601,0.7459999918937683,0.656000018119812,0.6620000004768372
128.08742141723633,0.6340000033378601,0.6460000276565552,0.6340000033378601,0.7440000176429749,0.656000018119812,0.6620000004768372
128.09736824035645,0.6340000033378601,0.6460000276565552,0.6340000033378601,0.7440000176429749,0.656000018119812,0.6620000004768372
128.10739588737488,0.6340000033378601,0.6460000276565552,0.6340000033378601,0.7440000176429749,0.656000018119812,0.6620000004768372
128.1175012588501,0.6340000033378601,0.6460000276565552,0.6340000033378601,0.7440000176429749,0.656000018119812,0.6620000004768372
128.12746739387512,0.6340000033378601,0.6460000276565552,0.6340000033378601,0.7419999837875366,0.656000018119812,0.6620000004768372
128.1374614238739,0.6340000033378601,0.6460000276565552,0.6359999775886536,0.7419999837875366,0.656000018119812,0.6620000004768372
128.1476182937622,0.6340000033378601,0.6460000276565552,0.6359999775886536,0.7419999837875366,0.656000018119812,0.6620000004768372
128.1572985649109,0.6340000033378601,0.6460000276565552,0.6359999775886536,0.7419999837875366,0.656000018119812,0.6620000004768372
128.16741609573364,0.6340000033378601,0.6460000276565552,0.6359999775886536,0.7400000095367432,0.656000018119812,0.6620000004768372
128.1789448261261,0.6340000033378601,0.6460000276565552,0.6359999775886536,0.7379999756813049,0.6579999923706055,0.6620000004768372
128.18742418289185,0.6340000033378601,0.6460000276565552,0.6359999775886536,0.7379999756813049,0.6579999923706055,0.6620000004768372
128.19755363464355,0.6340000033378601,0.6460000276565552,0.6359999775886536,0.7360000014305115,0.6579999923706055,0.6620000004768372
128.2075924873352,0.6340000033378601,0.6460000276565552,0.6359999775886536,0.734000027179718,0.6579999923706055,0.6620000004768372
128.2173056602478,0.6340000033378601,0.6460000276565552,0.6359999775886536,0.734000027179718,0.6579999923706055,0.6600000262260437
128.22755336761475,0.6320000290870667,0.6460000276565552,0.6439999938011169,0.734000027179718,0.6539999842643738,0.6700000166893005
128.2378544807434,0.6359999775886536,0.6460000276565552,0.6499999761581421,0.7279999852180481,0.6460000276565552,0.6800000071525574
128.24752521514893,0.6399999856948853,0.6460000276565552,0.6520000100135803,0.7279999852180481,0.6460000276565552,0.7039999961853027
128.25751972198486,0.6420000195503235,0.6420000195503235,0.6600000262260437,0.7139999866485596,0.6399999856948853,0.7319999933242798
128.26749658584595,0.6340000033378601,0.6420000195503235,0.6679999828338623,0.7080000042915344,0.6420000195503235,0.7300000190734863
128.2775845527649,0.656000018119812,0.6399999856948853,0.671999990940094,0.7099999785423279,0.6359999775886536,0.7260000109672546
128.2877266407013,0.6660000085830688,0.6420000195503235,0.6779999732971191,0.7139999866485596,0.6399999856948853,0.7200000286102295
128.29757618904114,0.6679999828338623,0.6439999938011169,0.6880000233650208,0.734000027179718,0.6480000019073486,0.7099999785423279
128.30738711357117,0.6880000233650208,0.6439999938011169,0.7020000219345093,0.7400000095367432,0.7080000042915344,0.7059999704360962
128.31742072105408,0.7080000042915344,0.6439999938011169,0.7160000205039978,0.7580000162124634,0.7360000014305115,0.6959999799728394
128.3273787498474,0.7179999947547913,0.6439999938011169,0.722000002861023,0.7839999794960022,0.7620000243186951,0.6919999718666077
128.33752250671387,0.7300000190734863,0.6420000195503235,0.7300000190734863,0.8240000009536743,0.7839999794960022,0.6919999718666077
128.3479220867157,0.7360000014305115,0.6439999938011169,0.7379999756813049,0.8460000157356262,0.8059999942779541,0.6899999976158142
128.35754108428955,0.7400000095367432,0.6439999938011169,0.7419999837875366,0.8579999804496765,0.8199999928474426,0.6899999976158142
128.36767983436584,0.7440000176429749,0.6460000276565552,0.75,0.871999979019165,0.8320000171661377,0.6880000233650208
128.3775293827057,0.7459999918937683,0.6460000276565552,0.7540000081062317,0.8799999952316284,0.8420000076293945,0.6859999895095825
128.3878936767578,0.7459999918937683,0.6480000019073486,0.7580000162124634,0.8920000195503235,0.8479999899864197,0.6840000152587891
128.397531747818,0.7480000257492065,0.6480000019073486,0.7599999904632568,0.8980000019073486,0.8539999723434448,0.6840000152587891
128.4075689315796,0.7480000257492065,0.6520000100135803,0.7620000243186951,0.8999999761581421,0.8579999804496765,0.6819999814033508
128.41740131378174,0.75,0.656000018119812,0.7620000243186951,0.9020000100135804,0.8579999804496765,0.6800000071525574
128.4273498058319,0.75,0.6579999923706055,0.7620000243186951,0.9039999842643738,0.8600000143051147,0.6779999732971191
128.43738055229187,0.75,0.6579999923706055,0.7639999985694885,0.9039999842643738,0.8579999804496765,0.6759999990463257
128.4472861289978,0.75,0.6600000262260437,0.7639999985694885,0.9039999842643738,0.8579999804496765,0.6740000247955322
128.4574146270752,0.75,0.6600000262260437,0.7639999985694885,0.9039999842643738,0.8579999804496765,0.6740000247955322
128.47207117080688,0.75,0.6600000262260437,0.7639999985694885,0.9020000100135804,0.8560000061988831,0.6740000247955322
128.47741770744324,0.75,0.6600000262260437,0.7639999985694885,0.9020000100135804,0.8539999723434448,0.671999990940094
128.48740577697754,0.75,0.6600000262260437,0.7639999985694885,0.9020000100135804,0.8539999723434448,0.671999990940094
128.4973921775818,0.75,0.6600000262260437,0.7639999985694885,0.9020000100135804,0.8519999980926514,0.6700000166893005
128.5079140663147,0.7519999742507935,0.6600000262260437,0.7639999985694885,0.9020000100135804,0.8519999980926514,0.6700000166893005
128.5194447040558,0.7519999742507935,0.6600000262260437,0.7639999985694885,0.9039999842643738,0.8519999980926514,0.6700000166893005
128.5275285243988,0.7519999742507935,0.6620000004768372,0.765999972820282,0.906000018119812,0.8519999980926514,0.6700000166893005
128.53740668296814,0.7519999742507935,0.6620000004768372,0.765999972820282,0.9079999923706056,0.8539999723434448,0.6700000166893005
128.54748010635376,0.7519999742507935,0.6639999747276306,0.765999972820282,0.9100000262260436,0.8539999723434448,0.6700000166893005
128.55737161636353,0.7519999742507935,0.6639999747276306,0.765999972820282,0.9120000004768372,0.8579999804496765,0.6700000166893005
128.5676145553589,0.7540000081062317,0.6639999747276306,0.765999972820282,0.9139999747276306,0.8579999804496765,0.6700000166893005
128.57734942436218,0.7540000081062317,0.6639999747276306,0.7680000066757202,0.9179999828338624,0.8619999885559082,0.6700000166893005
128.58905863761902,0.7540000081062317,0.6660000085830688,0.7680000066757202,0.9200000166893004,0.8640000224113464,0.6700000166893005
128.5974440574646,0.7540000081062317,0.6660000085830688,0.7699999809265137,0.9240000247955322,0.8679999709129333,0.6700000166893005
128.607741355896,0.7540000081062317,0.6679999828338623,0.7699999809265137,0.9279999732971193,0.871999979019165,0.6700000166893005
128.61729264259338,0.7540000081062317,0.6679999828338623,0.7720000147819519,0.9319999814033508,0.8740000128746033,0.6700000166893005
128.62852668762207,0.7559999823570251,0.671999990940094,0.7720000147819519,0.9359999895095824,0.878000020980835,0.6700000166893005
128.63743925094604,0.7559999823570251,0.6740000247955322,0.7739999890327454,0.9399999976158142,0.8820000290870667,0.671999990940094
128.64729475975037,0.7559999823570251,0.6759999990463257,0.7739999890327454,0.9419999718666076,0.8840000033378601,0.6700000166893005
128.65733122825623,0.7559999823570251,0.6759999990463257,0.7739999890327454,0.9459999799728394,0.8880000114440918,0.6700000166893005
128.6677107810974,0.7559999823570251,0.6759999990463257,0.7739999890327454,0.9480000138282776,0.8920000195503235,0.671999990940094
128.67730355262756,0.7559999823570251,0.6779999732971191,0.7760000228881836,0.9480000138282776,0.8939999938011169,0.671999990940094
128.68731212615967,0.7559999823570251,0.6779999732971191,0.7760000228881836,0.949999988079071,0.8960000276565552,0.671999990940094
128.69748497009277,0.7559999823570251,0.6779999732971191,0.7760000228881836,0.949999988079071,0.8980000019073486,0.671999990940094
128.70792531967163,0.7559999823570251,0.6779999732971191,0.7760000228881836,0.9520000219345092,0.8999999761581421,0.671999990940094
128.71764874458313,0.7559999823570251,0.6779999732971191,0.7760000228881836,0.9539999961853028,0.9020000100135804,0.671999990940094
128.7274718284607,0.7559999823570251,0.6800000071525574,0.777999997138977,0.9559999704360962,0.9039999842643738,0.671999990940094
128.73747205734253,0.7559999823570251,0.6819999814033508,0.777999997138977,0.9580000042915344,0.906000018119812,0.6740000247955322
128.7480022907257,0.7559999823570251,0.6819999814033508,0.777999997138977,0.959999978542328,0.9079999923706056,0.671999990940094
128.75760221481323,0.7559999823570251,0.6819999814033508,0.777999997138977,0.962000012397766,0.9100000262260436,0.6740000247955322
128.7675061225891,0.7540000081062317,0.6819999814033508,0.777999997138977,0.962000012397766,0.9120000004768372,0.6740000247955322
128.77749133110046,0.7540000081062317,0.6819999814033508,0.777999997138977,0.9639999866485596,0.9160000085830688,0.6740000247955322
128.7874414920807,0.7540000081062317,0.6819999814033508,0.777999997138977,0.9639999866485596,0.9179999828338624,0.6740000247955322
128.79733228683472,0.7519999742507935,0.6819999814033508,0.777999997138977,0.9660000205039978,0.9200000166893004,0.671999990940094
128.8075213432312,0.7519999742507935,0.6819999814033508,0.777999997138977,0.9679999947547911,0.921999990940094,0.671999990940094
128.8173258304596,0.7519999742507935,0.6840000152587891,0.777999997138977,0.9700000286102296,0.9259999990463256,0.671999990940094
128.8273572921753,0.75,0.6840000152587891,0.777999997138977,0.972000002861023,0.9279999732971193,0.671999990940094
128.837322473526,0.75,0.6859999895095825,0.777999997138977,0.9739999771118164,0.9300000071525574,0.6700000166893005
128.8473880290985,0.75,0.6859999895095825,0.777999997138977,0.977999985218048,0.9319999814033508,0.6700000166893005
128.8573648929596,0.75,0.6880000233650208,0.7799999713897705,0.9800000190734864,0.9359999895095824,0.6679999828338623
128.86744475364685,0.7480000257492065,0.6919999718666077,0.7799999713897705,0.984000027179718,0.9399999976158142,0.6679999828338623
128.87740325927734,0.7480000257492065,0.6940000057220459,0.7799999713897705,0.9879999756813048,0.9419999718666076,0.6639999747276306
128.88748383522034,0.7480000257492065,0.6959999799728394,0.7799999713897705,0.9919999837875366,0.9459999799728394,0.6620000004768372
128.8975281715393,0.7480000257492065,0.6980000138282776,0.7820000052452087,0.9980000257492064,0.9480000138282776,0.6579999923706055
128.90738606452942,0.7480000257492065,0.699999988079071,0.7820000052452087,1.003999948501587,0.9520000219345092,0.6579999923706055
128.92011761665344,0.7480000257492065,0.7020000219345093,0.7820000052452087,1.0099999904632568,0.9559999704360962,0.6579999923706055
128.9275999069214,0.7480000257492065,0.7059999704360962,0.7820000052452087,1.0160000324249268,0.9580000042915344,0.6579999923706055
128.9373643398285,0.7480000257492065,0.7080000042915344,0.7839999794960022,1.02400004863739,0.962000012397766,0.656000018119812
128.94785332679749,0.7480000257492065,0.7120000123977661,0.7839999794960022,1.031999945640564,0.9639999866485596,0.6539999842643738
128.95756101608276,0.7459999918937683,0.7139999866485596,0.7839999794960022,1.037999987602234,0.9660000205039978,0.6539999842643738
128.96742343902588,0.7440000176429749,0.7179999947547913,0.7839999794960022,1.0440000295639038,0.9679999947547911,0.6539999842643738
128.97729897499084,0.7419999837875366,0.7200000286102295,0.7839999794960022,1.0520000457763672,0.9679999947547911,0.6539999842643738
128.98748183250427,0.7379999756813049,0.722000002861023,0.7820000052452087,1.0579999685287476,0.9679999947547911,0.6539999842643738
128.99750661849976,0.7319999933242798,0.7239999771118164,0.7820000052452087,1.0640000104904177,0.9700000286102296,0.6539999842643738
129.0073685646057,0.7279999852180481,0.7260000109672546,0.7799999713897705,1.0679999589920044,0.9700000286102296,0.6539999842643738
129.01759099960327,0.722000002861023,0.7279999852180481,0.7760000228881836,1.0759999752044678,0.9679999947547911,0.6539999842643738
129.02731132507324,0.7099999785423279,0.7300000190734863,0.7699999809265137,1.0800000429153442,0.9639999866485596,0.6539999842643738
129.03741431236267,0.699999988079071,0.7319999933242798,0.7639999985694885,1.0839999914169312,0.962000012397766,0.6539999842643738
129.04751658439636,0.6840000152587891,0.7360000014305115,0.7519999742507935,1.0880000591278076,0.9559999704360962,0.6539999842643738
129.059672832489,0.6679999828338623,0.7379999756813049,0.734000027179718,1.0920000076293943,0.9459999799728394,0.6539999842643738
129.06737160682678,0.6579999923706055,0.7400000095367432,0.7160000205039978,1.0959999561309814,0.9359999895095824,0.6539999842643738
129.07764315605164,0.6499999761581421,0.7400000095367432,0.699999988079071,1.0959999561309814,0.8960000276565552,0.6539999842643738
129.08739590644836,0.6480000019073486,0.7419999837875366,0.6899999976158142,1.0980000495910645,0.828000009059906,0.6539999842643738
129.0973620414734,0.6460000276565552,0.7400000095367432,0.6819999814033508,1.0980000495910645,0.7699999809265137,0.6539999842643738
129.10757756233215,0.6439999938011169,0.7400000095367432,0.6779999732971191,1.0959999561309814,0.7440000176429749,0.6539999842643738
129.11739230155945,0.6420000195503235,0.7360000014305115,0.6679999828338623,1.0920000076293943,0.7239999771118164,0.6539999842643738
129.12736201286316,0.6399999856948853,0.722000002861023,0.6579999923706055,1.0820000171661377,0.7039999961853027,0.656000018119812
129.1375970840454,0.6399999856948853,0.6840000152587891,0.6420000195503235,1.0700000524520874,0.7020000219345093,0.656000018119812
129.14746761322021,0.6359999775886536,0.6620000004768372,0.6340000033378601,1.0460000038146973,0.7099999785423279,0.656000018119812
129.1577501296997,0.6340000033378601,0.6639999747276306,0.6299999952316284,1.0140000581741333,0.7200000286102295,0.656000018119812
129.16811513900757,0.6299999952316284,0.6620000004768372,0.628000020980835,0.9819999933242798,0.7139999866485596,0.656000018119812
129.1775712966919,0.628000020980835,0.6539999842643738,0.628000020980835,0.944000005722046,0.7039999961853027,0.6579999923706055
129.18744683265686,0.628000020980835,0.6520000100135803,0.628000020980835,0.9100000262260436,0.7020000219345093,0.6579999923706055
129.197518825531,0.628000020980835,0.6539999842643738,0.6320000290870667,0.8460000157356262,0.7059999704360962,0.6579999923706055
129.20738291740417,0.628000020980835,0.6480000019073486,0.6359999775886536,0.7599999904632568,0.6840000152587891,0.6579999923706055
129.2174208164215,0.628000020980835,0.6480000019073486,0.6359999775886536,0.7319999933242798,0.6600000262260437,0.6579999923706055
129.2273724079132,0.6299999952316284,0.6480000019073486,0.6359999775886536,0.7239999771118164,0.6579999923706055,0.6600000262260437
129.23773646354675,0.6299999952316284,0.6480000019073486,0.6359999775886536,0.7139999866485596,0.6579999923706055,0.6600000262260437
129.247652053833,0.6320000290870667,0.6480000019073486,0.6359999775886536,0.7160000205039978,0.6579999923706055,0.6700000166893005
129.25904941558838,0.6320000290870667,0.6480000019073486,0.6380000114440918,0.7239999771118164,0.656000018119812,0.6620000004768372
129.26811003684998,0.6320000290870667,0.6480000019073486,0.6359999775886536,0.7300000190734863,0.6579999923706055,0.6620000004768372
129.27786922454834,0.6340000033378601,0.6480000019073486,0.6380000114440918,0.734000027179718,0.6579999923706055,0.6620000004768372
129.2875657081604,0.6340000033378601,0.6460000276565552,0.6380000114440918,0.7360000014305115,0.6579999923706055,0.6620000004768372
129.2974076271057,0.6340000033378601,0.6460000276565552,0.6359999775886536,0.7379999756813049,0.6579999923706055,0.6620000004768372
129.30739521980286,0.6340000033378601,0.6460000276565552,0.6359999775886536,0.7360000014305115,0.6579999923706055,0.6620000004768372
129.3173749446869,0.6340000033378601,0.6460000276565552,0.6359999775886536,0.7360000014305115,0.6579999923706055,0.6620000004768372
129.32743215560913,0.6340000033378601,0.6460000276565552,0.6359999775886536,0.7360000014305115,0.6579999923706055,0.6620000004768372
129.33754777908325,0.6340000033378601,0.6460000276565552,0.6359999775886536,0.7360000014305115,0.6579999923706055,0.6620000004768372
129.34749841690063,0.6340000033378601,0.6460000276565552,0.6359999775886536,0.734000027179718,0.6579999923706055,0.6620000004768372
129.3574628829956,0.6340000033378601,0.6460000276565552,0.6359999775886536,0.734000027179718,0.6579999923706055,0.6620000004768372
129.36797761917114,0.6340000033378601,0.6460000276565552,0.6359999775886536,0.734000027179718,0.6579999923706055,0.6620000004768372
129.37787556648254,0.6340000033378601,0.6460000276565552,0.6359999775886536,0.734000027179718,0.6579999923706055,0.6620000004768372
129.38784766197205,0.6340000033378601,0.6460000276565552,0.6359999775886536,0.7319999933242798,0.6579999923706055,0.6620000004768372
129.3976137638092,0.6340000033378601,0.6460000276565552,0.6359999775886536,0.7319999933242798,0.6579999923706055,0.6620000004768372
129.40737223625183,0.6340000033378601,0.6460000276565552,0.6359999775886536,0.7319999933242798,0.6579999923706055,0.6620000004768372
129.41760206222534,0.6340000033378601,0.6460000276565552,0.6359999775886536,0.7319999933242798,0.6579999923706055,0.6620000004768372
129.42739605903625,0.6340000033378601,0.6460000276565552,0.6359999775886536,0.7319999933242798,0.6579999923706055,0.6620000004768372
129.4373562335968,0.6340000033378601,0.6460000276565552,0.6359999775886536,0.7300000190734863,0.6579999923706055,0.6620000004768372
129.44735503196716,0.6340000033378601,0.6460000276565552,0.6359999775886536,0.7319999933242798,0.6579999923706055,0.6620000004768372
129.45740365982056,0.6340000033378601,0.6460000276565552,0.6359999775886536,0.7300000190734863,0.6579999923706055,0.6620000004768372
129.4674527645111,0.6340000033378601,0.6460000276565552,0.6359999775886536,0.7300000190734863,0.6579999923706055,0.6620000004768372
129.47749066352844,0.6340000033378601,0.6460000276565552,0.6359999775886536,0.7300000190734863,0.6579999923706055,0.6620000004768372
129.48790836334229,0.6340000033378601,0.6460000276565552,0.6359999775886536,0.7300000190734863,0.6579999923706055,0.6620000004768372
129.49759578704834,0.6340000033378601,0.6460000276565552,0.6359999775886536,0.7279999852180481,0.6579999923706055,0.6620000004768372
129.5074281692505,0.6340000033378601,0.6460000276565552,0.6359999775886536,0.7279999852180481,0.6579999923706055,0.6620000004768372
129.517343044281,0.6340000033378601,0.6460000276565552,0.6359999775886536,0.7279999852180481,0.6579999923706055,0.6620000004768372
129.52741885185242,0.6340000033378601,0.6460000276565552,0.6359999775886536,0.7279999852180481,0.6579999923706055,0.6620000004768372
129.53729367256165,0.6340000033378601,0.6460000276565552,0.6359999775886536,0.7279999852180481,0.6579999923706055,0.6620000004768372
129.54730916023254,0.6340000033378601,0.6460000276565552,0.6359999775886536,0.7279999852180481,0.6579999923706055,0.6620000004768372
129.55871081352234,0.6340000033378601,0.6460000276565552,0.6359999775886536,0.7300000190734863,0.6579999923706055,0.6620000004768372
129.567444562912,0.6340000033378601,0.6460000276565552,0.6359999775886536,0.7300000190734863,0.6579999923706055,0.6620000004768372
129.577321767807,0.6340000033378601,0.6460000276565552,0.6380000114440918,0.7300000190734863,0.6579999923706055,0.6620000004768372
129.58819818496704,0.6340000033378601,0.6460000276565552,0.6380000114440918,0.7300000190734863,0.6579999923706055,0.6620000004768372
129.59744334220886,0.6340000033378601,0.6460000276565552,0.6380000114440918,0.7300000190734863,0.6579999923706055,0.6620000004768372
129.607483625412,0.6340000033378601,0.6460000276565552,0.6380000114440918,0.7319999933242798,0.6579999923706055,0.6620000004768372
129.61737942695618,0.6340000033378601,0.6460000276565552,0.6380000114440918,0.7300000190734863,0.6579999923706055,0.6620000004768372
129.62737822532654,0.6340000033378601,0.6460000276565552,0.6380000114440918,0.7300000190734863,0.6579999923706055,0.6620000004768372
129.6373472213745,0.6340000033378601,0.6460000276565552,0.6380000114440918,0.7300000190734863,0.6579999923706055,0.6620000004768372
129.64740753173828,0.6340000033378601,0.6460000276565552,0.6380000114440918,0.7279999852180481,0.6579999923706055,0.6620000004768372
129.65783262252808,0.6340000033378601,0.6460000276565552,0.6380000114440918,0.7279999852180481,0.6579999923706055,0.6620000004768372
129.6676163673401,0.6340000033378601,0.6460000276565552,0.6380000114440918,0.7279999852180481,0.6579999923706055,0.6620000004768372
129.67754817008972,0.6320000290870667,0.6460000276565552,0.6420000195503235,0.7239999771118164,0.656000018119812,0.6620000004768372
129.68746328353882,0.6320000290870667,0.6460000276565552,0.6460000276565552,0.7179999947547913,0.6520000100135803,0.6740000247955322
129.69736671447754,0.6359999775886536,0.6460000276565552,0.6520000100135803,0.7179999947547913,0.6460000276565552,0.6880000233650208
129.70762467384338,0.6399999856948853,0.6460000276565552,0.6539999842643738,0.7200000286102295,0.6420000195503235,0.7099999785423279
129.71727085113525,0.6399999856948853,0.6420000195503235,0.6600000262260437,0.7059999704360962,0.6420000195503235,0.7279999852180481
129.72738122940063,0.6399999856948853,0.6420000195503235,0.6700000166893005,0.7059999704360962,0.6380000114440918,0.7260000109672546
129.7374985218048,0.6600000262260437,0.6399999856948853,0.6700000166893005,0.7020000219345093,0.6359999775886536,0.722000002861023
129.74797534942627,0.6639999747276306,0.6420000195503235,0.6759999990463257,0.7020000219345093,0.6359999775886536,0.7139999866485596
129.75763463974,0.6639999747276306,0.6420000195503235,0.6779999732971191,0.7179999947547913,0.6380000114440918,0.7099999785423279
129.76741647720337,0.6859999895095825,0.6420000195503235,0.6859999895095825,0.722000002861023,0.6439999938011169,0.7080000042915344
129.77791261672974,0.7020000219345093,0.6399999856948853,0.6959999799728394,0.7360000014305115,0.6600000262260437,0.699999988079071
129.78788113594055,0.7099999785423279,0.6399999856948853,0.7039999961853027,0.7480000257492065,0.7059999704360962,0.6980000138282776
129.79800581932068,0.7179999947547913,0.6420000195503235,0.7120000123977661,0.7699999809265137,0.7300000190734863,0.6980000138282776
129.8079526424408,0.722000002861023,0.6420000195503235,0.7179999947547913,0.7820000052452087,0.7540000081062317,0.6980000138282776
129.82349228858948,0.7260000109672546,0.6460000276565552,0.7239999771118164,0.8140000104904175,0.7739999890327454,0.6959999799728394
129.8320803642273,0.7300000190734863,0.6460000276565552,0.7279999852180481,0.8339999914169312,0.7940000295639038,0.6959999799728394
129.84121370315552,0.734000027179718,0.6439999938011169,0.7319999933242798,0.843999981880188,0.8040000200271606,0.6940000057220459
129.85062217712402,0.7360000014305115,0.6460000276565552,0.7360000014305115,0.8539999723434448,0.8159999847412109,0.6919999718666077
129.85779690742493,0.7400000095367432,0.6480000019073486,0.7400000095367432,0.8659999966621399,0.828000009059906,0.6899999976158142
129.86843943595886,0.7419999837875366,0.6480000019073486,0.7419999837875366,0.8700000047683716,0.8320000171661377,0.6880000233650208
129.87836980819702,0.7440000176429749,0.6480000019073486,0.7440000176429749,0.8740000128746033,0.8339999914169312,0.6859999895095825
129.88841080665588,0.7440000176429749,0.6480000019073486,0.7459999918937683,0.8740000128746033,0.8360000252723694,0.6859999895095825
129.89747071266174,0.7459999918937683,0.6480000019073486,0.75,0.8740000128746033,0.8360000252723694,0.6819999814033508
129.9072835445404,0.7480000257492065,0.6499999761581421,0.7519999742507935,0.8740000128746033,0.8360000252723694,0.6800000071525574
129.9172866344452,0.75,0.6499999761581421,0.7519999742507935,0.8759999871253967,0.8360000252723694,0.6779999732971191
129.92728924751282,0.7519999742507935,0.6499999761581421,0.7540000081062317,0.8740000128746033,0.8339999914169312,0.6759999990463257
129.93722486495972,0.7519999742507935,0.6520000100135803,0.7540000081062317,0.8759999871253967,0.8320000171661377,0.6740000247955322
129.94723653793335,0.7519999742507935,0.6520000100135803,0.7559999823570251,0.8759999871253967,0.8299999833106995,0.6740000247955322
129.9573097229004,0.7540000081062317,0.6499999761581421,0.7559999823570251,0.8759999871253967,0.8299999833106995,0.6740000247955322
129.96725869178772,0.7540000081062317,0.6499999761581421,0.7580000162124634,0.8759999871253967,0.828000009059906,0.671999990940094
129.97721099853516,0.7540000081062317,0.6520000100135803,0.7580000162124634,0.878000020980835,0.8259999752044678,0.671999990940094
129.98727822303772,0.7559999823570251,0.6520000100135803,0.7580000162124634,0.878000020980835,0.8259999752044678,0.671999990940094
129.99733591079712,0.7559999823570251,0.6520000100135803,0.7599999904632568,0.878000020980835,0.8240000009536743,0.6700000166893005
130.0073528289795,0.7580000162124634,0.6539999842643738,0.7620000243186951,0.8799999952316284,0.8240000009536743,0.6700000166893005
130.01806092262268,0.7580000162124634,0.6539999842643738,0.7620000243186951,0.8820000290870667,0.8240000009536743,0.6700000166893005
130.02935028076172,0.7580000162124634,0.6539999842643738,0.7639999985694885,0.8840000033378601,0.8240000009536743,0.6700000166893005
130.03799057006836,0.7599999904632568,0.6539999842643738,0.7639999985694885,0.8859999775886536,0.8240000009536743,0.6700000166893005
130.04787492752075,0.7599999904632568,0.6539999842643738,0.765999972820282,0.8880000114440918,0.8240000009536743,0.6700000166893005
130.05806803703308,0.7599999904632568,0.6539999842643738,0.765999972820282,0.8899999856948853,0.8259999752044678,0.6700000166893005
130.06776928901672,0.7599999904632568,0.656000018119812,0.7680000066757202,0.8920000195503235,0.828000009059906,0.6700000166893005
130.0781865119934,0.7620000243186951,0.656000018119812,0.7680000066757202,0.8960000276565552,0.8320000171661377,0.6700000166893005
130.09115862846375,0.7620000243186951,0.656000018119812,0.7699999809265137,0.9020000100135804,0.8339999914169312,0.671999990940094
130.10012984275818,0.7620000243186951,0.6579999923706055,0.7720000147819519,0.9039999842643738,0.8379999995231628,0.671999990940094
130.1081986427307,0.7620000243186951,0.6579999923706055,0.7720000147819519,0.906000018119812,0.8420000076293945,0.671999990940094
130.11764121055603,0.7639999985694885,0.6579999923706055,0.7720000147819519,0.906000018119812,0.843999981880188,0.671999990940094
130.12912821769714,0.7639999985694885,0.6579999923706055,0.7739999890327454,0.906000018119812,0.8460000157356262,0.671999990940094
130.1454861164093,0.7639999985694885,0.6579999923706055,0.7739999890327454,0.906000018119812,0.8460000157356262,0.671999990940094
130.1480221748352,0.7639999985694885,0.6579999923706055,0.7739999890327454,0.906000018119812,0.8460000157356262,0.671999990940094
130.15787887573242,0.7639999985694885,0.6579999923706055,0.7739999890327454,0.9039999842643738,0.8460000157356262,0.671999990940094
130.1680006980896,0.7639999985694885,0.6579999923706055,0.7739999890327454,0.9039999842643738,0.8460000157356262,0.671999990940094
130.1786494255066,0.7639999985694885,0.656000018119812,0.7739999890327454,0.9020000100135804,0.8460000157356262,0.671999990940094
130.18814635276794,0.7639999985694885,0.656000018119812,0.7739999890327454,0.9020000100135804,0.843999981880188,0.671999990940094
130.19837617874146,0.7639999985694885,0.656000018119812,0.7739999890327454,0.8999999761581421,0.843999981880188,0.671999990940094
130.21115589141846,0.7639999985694885,0.656000018119812,0.7739999890327454,0.8980000019073486,0.8420000076293945,0.671999990940094
130.2179560661316,0.765999972820282,0.6539999842643738,0.7760000228881836,0.8980000019073486,0.8420000076293945,0.671999990940094
130.22729206085205,0.765999972820282,0.656000018119812,0.7760000228881836,0.8939999938011169,0.8420000076293945,0.671999990940094
130.23851323127747,0.765999972820282,0.656000018119812,0.7760000228881836,0.8920000195503235,0.8420000076293945,0.671999990940094
130.24731731414795,0.765999972820282,0.656000018119812,0.7760000228881836,0.8920000195503235,0.8399999737739563,0.671999990940094
130.25732326507568,0.765999972820282,0.656000018119812,0.7760000228881836,0.8920000195503235,0.8399999737739563,0.671999990940094
130.26727414131165,0.765999972820282,0.656000018119812,0.7760000228881836,0.8920000195503235,0.8399999737739563,0.671999990940094
130.27735996246338,0.765999972820282,0.656000018119812,0.7760000228881836,0.8920000195503235,0.8399999737739563,0.671999990940094
130.28748202323914,0.765999972820282,0.656000018119812,0.7760000228881836,0.8939999938011169,0.8399999737739563,0.671999990940094
130.29747486114502,0.765999972820282,0.656000018119812,0.7760000228881836,0.8980000019073486,0.8420000076293945,0.671999990940094
130.30755710601807,0.7639999985694885,0.656000018119812,0.7760000228881836,0.8999999761581421,0.8460000157356262,0.671999990940094
130.31844973564148,0.7639999985694885,0.656000018119812,0.7760000228881836,0.8999999761581421,0.8460000157356262,0.671999990940094
130.3273720741272,0.7639999985694885,0.656000018119812,0.777999997138977,0.9079999923706056,0.8519999980926514,0.6700000166893005
130.33723664283752,0.7639999985694885,0.656000018119812,0.777999997138977,0.9120000004768372,0.8560000061988831,0.6700000166893005
130.3473606109619,0.7639999985694885,0.656000018119812,0.777999997138977,0.9160000085830688,0.8600000143051147,0.6700000166893005
130.35764932632446,0.7639999985694885,0.656000018119812,0.777999997138977,0.9200000166893004,0.8619999885559082,0.6679999828338623
130.36732602119446,0.7639999985694885,0.6579999923706055,0.7799999713897705,0.9240000247955322,0.8659999966621399,0.6679999828338623
130.37781262397766,0.7639999985694885,0.6579999923706055,0.7799999713897705,0.9300000071525574,0.8700000047683716,0.6660000085830688
130.38784909248352,0.7639999985694885,0.6600000262260437,0.7799999713897705,0.9340000152587892,0.8740000128746033,0.6639999747276306
130.39781832695007,0.7639999985694885,0.6620000004768372,0.7820000052452087,0.9399999976158142,0.878000020980835,0.6600000262260437
130.4080777168274,0.765999972820282,0.6660000085830688,0.7820000052452087,0.9459999799728394,0.8820000290870667,0.6579999923706055
130.4183008670807,0.7639999985694885,0.6700000166893005,0.7820000052452087,0.949999988079071,0.8859999775886536,0.6579999923706055
130.42821788787842,0.765999972820282,0.6759999990463257,0.7839999794960022,0.9559999704360962,0.8920000195503235,0.6579999923706055
130.43853664398193,0.7639999985694885,0.6800000071525574,0.7839999794960022,0.9639999866485596,0.8980000019073486,0.6579999923706055
130.44813561439514,0.7639999985694885,0.6840000152587891,0.7839999794960022,0.9700000286102296,0.9039999842643738,0.656000018119812
130.4584665298462,0.7639999985694885,0.6859999895095825,0.7839999794960022,0.9739999771118164,0.9079999923706056,0.656000018119812
130.46815371513367,0.7620000243186951,0.6899999976158142,0.7860000133514404,0.9819999933242798,0.9139999747276306,0.656000018119812
130.4781723022461,0.7620000243186951,0.6940000057220459,0.7860000133514404,0.9879999756813048,0.9200000166893004,0.656000018119812
130.4909267425537,0.7620000243186951,0.6959999799728394,0.7860000133514404,0.9959999918937684,0.9240000247955322,0.656000018119812
130.49878311157227,0.7599999904632568,0.699999988079071,0.7860000133514404,1.003999948501587,0.9279999732971193,0.6539999842643738
130.50865817070007,0.7599999904632568,0.7020000219345093,0.7860000133514404,1.0099999904632568,0.9319999814033508,0.6539999842643738
130.5186309814453,0.7599999904632568,0.7059999704360962,0.7860000133514404,1.0160000324249268,0.9359999895095824,0.6539999842643738
130.52794003486633,0.7580000162124634,0.7099999785423279,0.7860000133514404,1.0219999551773071,0.9380000233650208,0.6539999842643738
130.54056930541992,0.7559999823570251,0.7120000123977661,0.7860000133514404,1.027999997138977,0.9399999976158142,0.6539999842643738
130.5485475063324,0.7519999742507935,0.7139999866485596,0.7860000133514404,1.0360000133514404,0.9419999718666076,0.656000018119812
130.56047201156616,0.7459999918937683,0.7179999947547913,0.7860000133514404,1.0440000295639038,0.9419999718666076,0.6539999842643738
130.56784081459045,0.7419999837875366,0.7200000286102295,0.7839999794960022,1.0479999780654907,0.944000005722046,0.6539999842643738
130.57834339141846,0.7360000014305115,0.722000002861023,0.7820000052452087,1.0540000200271606,0.944000005722046,0.6539999842643738
130.58735418319702,0.7279999852180481,0.7239999771118164,0.777999997138977,1.059999942779541,0.9419999718666076,0.6539999842643738
130.59735369682312,0.7179999947547913,0.7239999771118164,0.7739999890327454,1.0640000104904177,0.9399999976158142,0.6539999842643738
130.60729956626892,0.7039999961853027,0.7260000109672546,0.7680000066757202,1.0679999589920044,0.9340000152587892,0.6539999842643738
130.61718082427979,0.6919999718666077,0.7279999852180481,0.7620000243186951,1.0720000267028809,0.9279999732971193,0.6539999842643738
130.6271812915802,0.671999990940094,0.7279999852180481,0.7480000257492065,1.0759999752044678,0.9179999828338624,0.6539999842643738
130.6372048854828,0.6539999842643738,0.7300000190734863,0.7319999933242798,1.0800000429153442,0.8999999761581421,0.656000018119812
130.6473832130432,0.6439999938011169,0.7300000190734863,0.722000002861023,1.0820000171661377,0.8820000290870667,0.656000018119812
130.65717935562134,0.6359999775886536,0.7300000190734863,0.7120000123977661,1.0820000171661377,0.8379999995231628,0.656000018119812
130.66734266281128,0.6359999775886536,0.7319999933242798,0.7059999704360962,1.0820000171661377,0.7879999876022339,0.656000018119812
130.67752242088318,0.6340000033378601,0.7300000190734863,0.699999988079071,1.0800000429153442,0.7440000176429749,0.656000018119812
130.68716549873352,0.6340000033378601,0.7319999933242798,0.6940000057220459,1.0779999494552612,0.7260000109672546,0.656000018119812
130.69736337661743,0.6380000114440918,0.7279999852180481,0.6880000233650208,1.0720000267028809,0.7179999947547913,0.6579999923706055
130.7072925567627,0.6399999856948853,0.7160000205039978,0.6800000071525574,1.0579999685287476,0.7120000123977661,0.6579999923706055
130.71734833717346,0.6399999856948853,0.6600000262260437,0.6700000166893005,1.037999987602234,0.7039999961853027,0.6579999923706055
130.72735738754272,0.6380000114440918,0.656000018119812,0.656000018119812,1.0180000066757202,0.7039999961853027,0.6579999923706055
130.73800659179688,0.6340000033378601,0.656000018119812,0.6439999938011169,0.984000027179718,0.7080000042915344,0.6579999923706055
130.74835467338562,0.6320000290870667,0.6499999761581421,0.6420000195503235,0.9520000219345092,0.7139999866485596,0.6579999923706055
130.7575385570526,0.6299999952316284,0.6499999761581421,0.6399999856948853,0.9139999747276306,0.7139999866485596,0.6579999923706055
130.76778435707092,0.6299999952316284,0.6480000019073486,0.6420000195503235,0.8700000047683716,0.7120000123977661,0.6579999923706055
130.777526140213,0.6299999952316284,0.6480000019073486,0.6439999938011169,0.8119999766349792,0.7059999704360962,0.6600000262260437
130.78798723220825,0.6299999952316284,0.6460000276565552,0.6480000019073486,0.7540000081062317,0.6759999990463257,0.6600000262260437
130.79755926132202,0.6299999952316284,0.6460000276565552,0.6480000019073486,0.7319999933242798,0.656000018119812,0.6600000262260437
130.80747723579407,0.6299999952316284,0.6460000276565552,0.6460000276565552,0.7260000109672546,0.656000018119812,0.6600000262260437
130.81764721870422,0.6299999952316284,0.6460000276565552,0.6460000276565552,0.7279999852180481,0.6539999842643738,0.6600000262260437
130.82762622833252,0.6299999952316284,0.6460000276565552,0.6439999938011169,0.7279999852180481,0.6539999842643738,0.6600000262260437
130.8375232219696,0.6299999952316284,0.6460000276565552,0.6439999938011169,0.7279999852180481,0.6539999842643738,0.6620000004768372
130.84762144088745,0.6320000290870667,0.6460000276565552,0.6420000195503235,0.7300000190734863,0.6539999842643738,0.6620000004768372
130.85771012306213,0.6320000290870667,0.6460000276565552,0.6420000195503235,0.7300000190734863,0.6539999842643738,0.6620000004768372
130.86745524406433,0.6320000290870667,0.6460000276565552,0.6420000195503235,0.7300000190734863,0.6539999842643738,0.6620000004768372
130.87764310836792,0.6320000290870667,0.6460000276565552,0.6399999856948853,0.7319999933242798,0.6539999842643738,0.6620000004768372
130.88994526863098,0.6320000290870667,0.6460000276565552,0.6399999856948853,0.734000027179718,0.6539999842643738,0.6620000004768372
130.89790201187134,0.6320000290870667,0.6460000276565552,0.6399999856948853,0.734000027179718,0.6539999842643738,0.6620000004768372
130.90797114372253,0.6320000290870667,0.6460000276565552,0.6399999856948853,0.734000027179718,0.6539999842643738,0.6620000004768372
130.91747379302979,0.6320000290870667,0.6460000276565552,0.6399999856948853,0.734000027179718,0.6539999842643738,0.6620000004768372
130.92791557312012,0.6320000290870667,0.6460000276565552,0.6399999856948853,0.734000027179718,0.6539999842643738,0.6620000004768372
130.93742084503174,0.6320000290870667,0.6460000276565552,0.6399999856948853,0.734000027179718,0.6539999842643738,0.6620000004768372
130.9499192237854,0.6320000290870667,0.6460000276565552,0.6399999856948853,0.734000027179718,0.6539999842643738,0.6620000004768372
130.96289205551147,0.6320000290870667,0.6460000276565552,0.6399999856948853,0.734000027179718,0.6539999842643738,0.6620000004768372
130.97290802001953,0.6320000290870667,0.6460000276565552,0.6399999856948853,0.734000027179718,0.6539999842643738,0.6620000004768372
130.97744488716125,0.6320000290870667,0.6460000276565552,0.6399999856948853,0.734000027179718,0.6539999842643738,0.6620000004768372
130.98840403556824,0.6320000290870667,0.6460000276565552,0.6399999856948853,0.734000027179718,0.6539999842643738,0.6620000004768372
130.9975507259369,0.6320000290870667,0.6460000276565552,0.6380000114440918,0.734000027179718,0.6539999842643738,0.6620000004768372
131.007550239563,0.6320000290870667,0.6460000276565552,0.6380000114440918,0.734000027179718,0.6539999842643738,0.6620000004768372
131.01792764663696,0.6320000290870667,0.6460000276565552,0.6380000114440918,0.734000027179718,0.6539999842643738,0.6620000004768372
131.02753973007202,0.6320000290870667,0.6460000276565552,0.6399999856948853,0.734000027179718,0.6539999842643738,0.6620000004768372
131.04016423225403,0.6320000290870667,0.6460000276565552,0.6399999856948853,0.734000027179718,0.6539999842643738,0.6620000004768372
131.04757833480835,0.6320000290870667,0.6460000276565552,0.6399999856948853,0.734000027179718,0.6539999842643738,0.6620000004768372
131.05753421783447,0.6320000290870667,0.6460000276565552,0.6399999856948853,0.734000027179718,0.6539999842643738,0.6620000004768372
131.06755352020264,0.6340000033378601,0.6460000276565552,0.6399999856948853,0.734000027179718,0.6539999842643738,0.6620000004768372
131.0777051448822,0.6340000033378601,0.6460000276565552,0.6399999856948853,0.734000027179718,0.6539999842643738,0.6620000004768372
131.08754229545593,0.6340000033378601,0.6460000276565552,0.6399999856948853,0.7360000014305115,0.6539999842643738,0.6620000004768372
131.09781956672668,0.6340000033378601,0.6460000276565552,0.6399999856948853,0.734000027179718,0.6539999842643738,0.6620000004768372
131.1077446937561,0.6340000033378601,0.6460000276565552,0.6399999856948853,0.7360000014305115,0.6539999842643738,0.6620000004768372
131.11754751205444,0.6340000033378601,0.6460000276565552,0.6399999856948853,0.7360000014305115,0.6539999842643738,0.6620000004768372
131.12760543823242,0.6340000033378601,0.6460000276565552,0.6399999856948853,0.7360000014305115,0.6539999842643738,0.6620000004768372
131.13745641708374,0.6320000290870667,0.6460000276565552,0.6399999856948853,0.7360000014305115,0.656000018119812,0.6620000004768372
131.14753437042236,0.6340000033378601,0.6460000276565552,0.6399999856948853,0.7360000014305115,0.656000018119812,0.6600000262260437
131.15784883499146,0.6340000033378601,0.6460000276565552,0.6399999856948853,0.7360000014305115,0.6539999842643738,0.6600000262260437
131.16756129264832,0.6340000033378601,0.6460000276565552,0.6399999856948853,0.7360000014305115,0.656000018119812,0.6600000262260437
131.1775622367859,0.6340000033378601,0.6460000276565552,0.6399999856948853,0.734000027179718,0.6539999842643738,0.6600000262260437
131.18775701522827,0.6340000033378601,0.6460000276565552,0.6399999856948853,0.734000027179718,0.656000018119812,0.6620000004768372
131.2033302783966,0.6340000033378601,0.6460000276565552,0.6399999856948853,0.7319999933242798,0.656000018119812,0.6620000004768372
131.20803689956665,0.6340000033378601,0.6460000276565552,0.6399999856948853,0.7319999933242798,0.656000018119812,0.6620000004768372
131.21760249137878,0.6340000033378601,0.6460000276565552,0.6439999938011169,0.734000027179718,0.656000018119812,0.6620000004768372
131.22770929336548,0.6340000033378601,0.6460000276565552,0.6520000100135803,0.7260000109672546,0.6499999761581421,0.6700000166893005
131.23749661445618,0.6359999775886536,0.6460000276565552,0.6539999842643738,0.722000002861023,0.6480000019073486,0.6859999895095825
131.24753856658936,0.6420000195503235,0.6460000276565552,0.6639999747276306,0.7239999771118164,0.6420000195503235,0.7179999947547913
131.2575273513794,0.6359999775886536,0.6439999938011169,0.6800000071525574,0.7160000205039978,0.6420000195503235,0.7300000190734863
131.27144742012024,0.656000018119812,0.6439999938011169,0.6880000233650208,0.7139999866485596,0.6359999775886536,0.7300000190734863
131.27834391593933,0.6639999747276306,0.6460000276565552,0.7039999961853027,0.7179999947547913,0.6539999842643738,0.722000002861023
131.287579536438,0.6679999828338623,0.6460000276565552,0.7059999704360962,0.734000027179718,0.6539999842643738,0.7139999866485596
131.29751992225647,0.6940000057220459,0.6480000019073486,0.7160000205039978,0.7400000095367432,0.7139999866485596,0.7099999785423279
131.30928921699524,0.7059999704360962,0.6460000276565552,0.722000002861023,0.7459999918937683,0.734000027179718,0.7039999961853027
131.31857895851135,0.7139999866485596,0.6460000276565552,0.7239999771118164,0.75,0.7459999918937683,0.7020000219345093
131.3274381160736,0.7239999771118164,0.6460000276565552,0.7279999852180481,0.7519999742507935,0.7580000162124634,0.7020000219345093
131.3377513885498,0.7319999933242798,0.6460000276565552,0.7300000190734863,0.7559999823570251,0.7639999985694885,0.7020000219345093
131.3475775718689,0.7360000014305115,0.6460000276565552,0.7319999933242798,0.7599999904632568,0.7680000066757202,0.699999988079071
131.3578336238861,0.7419999837875366,0.6460000276565552,0.7360000014305115,0.765999972820282,0.7720000147819519,0.699999988079071
131.3678801059723,0.7440000176429749,0.6480000019073486,0.7379999756813049,0.7699999809265137,0.7739999890327454,0.6980000138282776
131.37748765945435,0.7459999918937683,0.6480000019073486,0.7400000095367432,0.7739999890327454,0.777999997138977,0.6959999799728394
131.3887197971344,0.7480000257492065,0.6480000019073486,0.7419999837875366,0.7760000228881836,0.777999997138977,0.6959999799728394
131.39773750305176,0.7480000257492065,0.6480000019073486,0.7440000176429749,0.777999997138977,0.7799999713897705,0.6940000057220459
131.40767073631287,0.75,0.6499999761581421,0.7459999918937683,0.777999997138977,0.7799999713897705,0.6940000057220459
131.41754484176636,0.75,0.6499999761581421,0.7459999918937683,0.777999997138977,0.7820000052452087,0.6919999718666077
131.42779517173767,0.7519999742507935,0.6499999761581421,0.7459999918937683,0.777999997138977,0.7820000052452087,0.6919999718666077
131.4376356601715,0.7519999742507935,0.6499999761581421,0.7480000257492065,0.777999997138977,0.7839999794960022,0.6899999976158142
131.44780206680298,0.7519999742507935,0.6499999761581421,0.7480000257492065,0.7760000228881836,0.7839999794960022,0.6899999976158142
131.45771169662476,0.7519999742507935,0.6499999761581421,0.7480000257492065,0.7760000228881836,0.7860000133514404,0.6880000233650208
131.46782445907593,0.7519999742507935,0.6499999761581421,0.7480000257492065,0.777999997138977,0.7860000133514404,0.6859999895095825
131.47760248184204,0.7519999742507935,0.6499999761581421,0.75,0.777999997138977,0.7879999876022339,0.6859999895095825
131.48839592933655,0.7519999742507935,0.6499999761581421,0.75,0.777999997138977,0.7879999876022339,0.6840000152587891
131.49821281433105,0.7519999742507935,0.6499999761581421,0.75,0.7799999713897705,0.7900000214576721,0.6840000152587891
131.50987648963928,0.7540000081062317,0.6499999761581421,0.7519999742507935,0.7799999713897705,0.7919999957084656,0.6840000152587891
131.51749467849731,0.7540000081062317,0.6499999761581421,0.7519999742507935,0.7799999713897705,0.7919999957084656,0.6840000152587891
131.52796602249146,0.7540000081062317,0.6499999761581421,0.7540000081062317,0.7799999713897705,0.7940000295639038,0.6840000152587891
131.53767681121826,0.7540000081062317,0.6499999761581421,0.7540000081062317,0.7820000052452087,0.7940000295639038,0.6840000152587891
131.54871082305908,0.7540000081062317,0.6499999761581421,0.7559999823570251,0.7839999794960022,0.7979999780654907,0.6840000152587891
131.55758666992188,0.7540000081062317,0.6499999761581421,0.7559999823570251,0.7860000133514404,0.800000011920929,0.6840000152587891
131.56755805015564,0.7559999823570251,0.6499999761581421,0.7580000162124634,0.7879999876022339,0.8019999861717224,0.6840000152587891
131.57763862609863,0.7559999823570251,0.6499999761581421,0.7580000162124634,0.7900000214576721,0.8059999942779541,0.6859999895095825
131.58745884895325,0.7559999823570251,0.6499999761581421,0.7599999904632568,0.7940000295639038,0.8080000281333923,0.6859999895095825
131.59794902801514,0.7559999823570251,0.6499999761581421,0.7620000243186951,0.7979999780654907,0.8119999766349792,0.6859999895095825
131.60824704170227,0.7559999823570251,0.6499999761581421,0.7639999985694885,0.8019999861717224,0.8140000104904175,0.6859999895095825
131.61751556396484,0.7580000162124634,0.6499999761581421,0.7639999985694885,0.8059999942779541,0.8180000185966492,0.6859999895095825
131.6276159286499,0.7580000162124634,0.6520000100135803,0.765999972820282,0.8119999766349792,0.8220000267028809,0.6859999895095825
131.6405770778656,0.7580000162124634,0.6520000100135803,0.7680000066757202,0.8159999847412109,0.8259999752044678,0.6859999895095825
131.6474747657776,0.7580000162124634,0.6520000100135803,0.7680000066757202,0.8220000267028809,0.828000009059906,0.6859999895095825
131.65787315368652,0.7580000162124634,0.6520000100135803,0.7680000066757202,0.828000009059906,0.8320000171661377,0.6880000233650208
131.67080330848694,0.7580000162124634,0.6520000100135803,0.7699999809265137,0.8339999914169312,0.8360000252723694,0.6880000233650208
131.67745447158813,0.7559999823570251,0.6520000100135803,0.7720000147819519,0.843999981880188,0.843999981880188,0.6899999976158142
131.68787670135498,0.7580000162124634,0.6520000100135803,0.7720000147819519,0.8500000238418579,0.8500000238418579,0.6899999976158142
131.69763016700745,0.7580000162124634,0.6520000100135803,0.7720000147819519,0.8560000061988831,0.8539999723434448,0.6899999976158142
131.70763182640076,0.7580000162124634,0.6520000100135803,0.7739999890327454,0.8579999804496765,0.8600000143051147,0.6880000233650208
131.71758031845093,0.7580000162124634,0.6520000100135803,0.7739999890327454,0.8640000224113464,0.8640000224113464,0.6880000233650208
131.7278332710266,0.7580000162124634,0.6539999842643738,0.7760000228881836,0.8700000047683716,0.8679999709129333,0.6840000152587891
131.73744916915894,0.7580000162124634,0.6520000100135803,0.7760000228881836,0.8740000128746033,0.8700000047683716,0.6819999814033508
131.74764323234558,0.7580000162124634,0.6520000100135803,0.7760000228881836,0.8799999952316284,0.871999979019165,0.6779999732971191
131.75863122940063,0.7580000162124634,0.6520000100135803,0.777999997138977,0.8859999775886536,0.8759999871253967,0.6779999732971191
131.76772618293762,0.7580000162124634,0.6520000100135803,0.777999997138977,0.8960000276565552,0.8799999952316284,0.6740000247955322
131.77789115905762,0.7580000162124634,0.656000018119812,0.7799999713897705,0.9079999923706056,0.8859999775886536,0.671999990940094
131.7877848148346,0.7580000162124634,0.6600000262260437,0.7799999713897705,0.9160000085830688,0.8920000195503235,0.671999990940094
131.79776000976562,0.7580000162124634,0.6600000262260437,0.7799999713897705,0.9160000085830688,0.8920000195503235,0.671999990940094
131.80756163597107,0.7580000162124634,0.6660000085830688,0.7799999713897705,0.9259999990463256,0.8960000276565552,0.6700000166893005
131.81758761405945,0.7559999823570251,0.6740000247955322,0.7820000052452087,0.9380000233650208,0.906000018119812,0.6679999828338623
131.82739400863647,0.7559999823570251,0.6759999990463257,0.7820000052452087,0.944000005722046,0.9120000004768372,0.6660000085830688
131.83753442764282,0.7559999823570251,0.6779999732971191,0.7820000052452087,0.9480000138282776,0.9160000085830688,0.6639999747276306
131.84756803512573,0.7559999823570251,0.6819999814033508,0.7839999794960022,0.9539999961853028,0.921999990940094,0.6600000262260437
131.85754370689392,0.7559999823570251,0.6880000233650208,0.7839999794960022,0.962000012397766,0.9240000247955322,0.6579999923706055
131.86773896217346,0.7559999823570251,0.6899999976158142,0.7839999794960022,0.9679999947547911,0.9279999732971193,0.656000018119812
131.8778636455536,0.7559999823570251,0.6940000057220459,0.7839999794960022,0.9739999771118164,0.9319999814033508,0.6579999923706055
131.8890197277069,0.7559999823570251,0.6959999799728394,0.7839999794960022,0.977999985218048,0.9340000152587892,0.656000018119812
131.8980758190155,0.7559999823570251,0.699999988079071,0.7860000133514404,0.9860000014305116,0.9380000233650208,0.656000018119812
131.90758895874023,0.7540000081062317,0.7039999961853027,0.7860000133514404,0.9919999837875366,0.9419999718666076,0.656000018119812
131.91744923591614,0.7540000081062317,0.7059999704360962,0.7860000133514404,0.9980000257492064,0.944000005722046,0.6539999842643738
131.92739009857178,0.7519999742507935,0.7080000042915344,0.7860000133514404,1.00600004196167,0.9480000138282776,0.6539999842643738
131.93757820129395,0.75,0.7099999785423279,0.7860000133514404,1.0119999647140503,0.949999988079071,0.6539999842643738
131.9481360912323,0.7480000257492065,0.7120000123977661,0.7860000133514404,1.0180000066757202,0.9520000219345092,0.656000018119812
131.95784211158752,0.7440000176429749,0.7139999866485596,0.7860000133514404,1.02400004863739,0.9539999961853028,0.656000018119812
131.96809816360474,0.7400000095367432,0.7160000205039978,0.7860000133514404,1.027999997138977,0.9559999704360962,0.656000018119812
131.9776086807251,0.734000027179718,0.7179999947547913,0.7839999794960022,1.034000039100647,0.9559999704360962,0.6539999842643738
131.98814129829407,0.7279999852180481,0.7200000286102295,0.7820000052452087,1.0440000295639038,0.9580000042915344,0.6539999842643738
131.99918723106384,0.722000002861023,0.722000002861023,0.7799999713897705,1.0499999523162842,0.9580000042915344,0.6539999842643738
132.00846648216248,0.7139999866485596,0.7239999771118164,0.7760000228881836,1.0579999685287476,0.9580000042915344,0.6539999842643738
132.01865100860596,0.7059999704360962,0.7260000109672546,0.7699999809265137,1.0640000104904177,0.9559999704360962,0.6539999842643738
132.02754926681519,0.6959999799728394,0.7260000109672546,0.7639999985694885,1.0700000524520874,0.9539999961853028,0.6539999842643738
132.03762125968933,0.6819999814033508,0.7279999852180481,0.7519999742507935,1.0759999752044678,0.9520000219345092,0.6539999842643738
132.04802107810974,0.6740000247955322,0.7300000190734863,0.7440000176429749,1.0800000429153442,0.9480000138282776,0.6539999842643738
132.05753087997437,0.6600000262260437,0.7319999933242798,0.7279999852180481,1.0859999656677246,0.9380000233650208,0.6539999842643738
132.06760263442993,0.6480000019073486,0.734000027179718,0.7139999866485596,1.090000033378601,0.9179999828338624,0.6539999842643738
132.07745909690857,0.6439999938011169,0.734000027179718,0.7039999961853027,1.0920000076293943,0.8799999952316284,0.6539999842643738
132.0875759124756,0.6420000195503235,0.734000027179718,0.6919999718666077,1.0920000076293943,0.8100000023841858,0.6539999842643738
132.09825491905212,0.6420000195503235,0.734000027179718,0.6859999895095825,1.0920000076293943,0.7739999890327454,0.6539999842643738
132.10929465293884,0.6399999856948853,0.734000027179718,0.6800000071525574,1.090000033378601,0.7400000095367432,0.656000018119812
132.12376713752747,0.6399999856948853,0.7300000190734863,0.6740000247955322,1.0859999656677246,0.7239999771118164,0.656000018119812
132.12877464294434,0.6399999856948853,0.7200000286102295,0.6700000166893005,1.0820000171661377,0.7120000123977661,0.656000018119812
132.1394145488739,0.6380000114440918,0.6800000071525574,0.6660000085830688,1.0679999589920044,0.6940000057220459,0.656000018119812
132.14775681495667,0.6380000114440918,0.6620000004768372,0.6520000100135803,1.0440000295639038,0.6919999718666077,0.656000018119812
132.15771222114563,0.6380000114440918,0.6579999923706055,0.6420000195503235,1.0199999809265137,0.6959999799728394,0.656000018119812
132.16758823394775,0.6340000033378601,0.6539999842643738,0.6340000033378601,0.9819999933242798,0.7039999961853027,0.656000018119812
132.17760610580444,0.6320000290870667,0.6520000100135803,0.6320000290870667,0.9520000219345092,0.7099999785423279,0.656000018119812
132.18750524520874,0.6320000290870667,0.6480000019073486,0.6340000033378601,0.9039999842643738,0.7139999866485596,0.656000018119812
132.19781303405762,0.6299999952316284,0.6460000276565552,0.6380000114440918,0.8420000076293945,0.7039999961853027,0.656000018119812
132.20775032043457,0.6299999952316284,0.6439999938011169,0.6420000195503235,0.7760000228881836,0.6840000152587891,0.656000018119812
132.21747636795044,0.628000020980835,0.6420000195503235,0.6399999856948853,0.7419999837875366,0.656000018119812,0.656000018119812
132.23054242134094,0.628000020980835,0.6420000195503235,0.6399999856948853,0.7379999756813049,0.6539999842643738,0.6579999923706055
132.23772263526917,0.6299999952316284,0.6420000195503235,0.6399999856948853,0.7360000014305115,0.6539999842643738,0.6579999923706055
132.25093722343445,0.6299999952316284,0.6420000195503235,0.6399999856948853,0.7319999933242798,0.6539999842643738,0.6600000262260437
132.25777316093445,0.6299999952316284,0.6420000195503235,0.6399999856948853,0.7319999933242798,0.6539999842643738,0.6600000262260437
132.26763582229614,0.6320000290870667,0.6420000195503235,0.6399999856948853,0.7319999933242798,0.6539999842643738,0.6600000262260437
132.27747464179993,0.6320000290870667,0.6420000195503235,0.6399999856948853,0.7360000014305115,0.6539999842643738,0.6600000262260437
132.28767013549805,0.6320000290870667,0.6420000195503235,0.6399999856948853,0.7360000014305115,0.6539999842643738,0.6600000262260437
132.2977180480957,0.6320000290870667,0.6439999938011169,0.6399999856948853,0.7360000014305115,0.6539999842643738,0.6600000262260437
132.3075966835022,0.6320000290870667,0.6439999938011169,0.6399999856948853,0.7360000014305115,0.6539999842643738,0.6600000262260437
132.3175904750824,0.6320000290870667,0.6420000195503235,0.6380000114440918,0.7360000014305115,0.6539999842643738,0.6600000262260437
132.32988023757935,0.6320000290870667,0.6420000195503235,0.6380000114440918,0.7360000014305115,0.6539999842643738,0.6600000262260437
132.3375174999237,0.6320000290870667,0.6439999938011169,0.6380000114440918,0.7360000014305115,0.6539999842643738,0.6620000004768372
132.34977293014526,0.6320000290870667,0.6439999938011169,0.6380000114440918,0.7360000014305115,0.6539999842643738,0.6600000262260437
132.35787343978882,0.6320000290870667,0.6439999938011169,0.6380000114440918,0.7360000014305115,0.6539999842643738,0.6600000262260437
132.36767983436584,0.6320000290870667,0.6439999938011169,0.6380000114440918,0.7360000014305115,0.6539999842643738,0.6600000262260437
132.3777825832367,0.6320000290870667,0.6439999938011169,0.6380000114440918,0.7360000014305115,0.6539999842643738,0.6600000262260437
132.38856172561646,0.6320000290870667,0.6439999938011169,0.6380000114440918,0.7379999756813049,0.6539999842643738,0.6600000262260437
132.39787983894348,0.6320000290870667,0.6439999938011169,0.6380000114440918,0.7360000014305115,0.6539999842643738,0.6600000262260437
132.4075267314911,0.6320000290870667,0.6439999938011169,0.6380000114440918,0.7360000014305115,0.6539999842643738,0.6600000262260437
132.4176061153412,0.6320000290870667,0.6439999938011169,0.6380000114440918,0.7360000014305115,0.6539999842643738,0.6600000262260437
132.42751717567444,0.6320000290870667,0.6439999938011169,0.6380000114440918,0.7360000014305115,0.6539999842643738,0.6600000262260437
132.439599275589,0.6320000290870667,0.6439999938011169,0.6380000114440918,0.7379999756813049,0.6539999842643738,0.6600000262260437
132.4481635093689,0.6320000290870667,0.6439999938011169,0.6380000114440918,0.7379999756813049,0.6539999842643738,0.6600000262260437
132.4590084552765,0.6320000290870667,0.6439999938011169,0.6380000114440918,0.7360000014305115,0.6539999842643738,0.6600000262260437
132.4718577861786,0.6320000290870667,0.6439999938011169,0.6380000114440918,0.7379999756813049,0.6539999842643738,0.6600000262260437
132.47761011123657,0.6320000290870667,0.6439999938011169,0.6380000114440918,0.7379999756813049,0.6539999842643738,0.6600000262260437
132.48751974105835,0.6320000290870667,0.6439999938011169,0.6380000114440918,0.7379999756813049,0.6539999842643738,0.6620000004768372
132.4975941181183,0.6320000290870667,0.6439999938011169,0.6380000114440918,0.7379999756813049,0.6539999842643738,0.6600000262260437
132.5075707435608,0.6320000290870667,0.6439999938011169,0.6380000114440918,0.7379999756813049,0.6539999842643738,0.6600000262260437
132.51764631271362,0.6320000290870667,0.6439999938011169,0.6380000114440918,0.7379999756813049,0.6539999842643738,0.6600000262260437
132.52751564979553,0.6320000290870667,0.6439999938011169,0.6380000114440918,0.7379999756813049,0.6539999842643738,0.6600000262260437
132.53957962989807,0.6320000290870667,0.6439999938011169,0.6399999856948853,0.7379999756813049,0.6539999842643738,0.6600000262260437
132.5487904548645,0.6320000290870667,0.6439999938011169,0.6399999856948853,0.7379999756813049,0.6539999842643738,0.6600000262260437
132.55798053741455,0.6340000033378601,0.6439999938011169,0.6399999856948853,0.7379999756813049,0.6539999842643738,0.6600000262260437
132.56879925727844,0.6340000033378601,0.6439999938011169,0.6399999856948853,0.7379999756813049,0.6539999842643738,0.6600000262260437
132.57781291007996,0.6340000033378601,0.6439999938011169,0.6399999856948853,0.7360000014305115,0.6539999842643738,0.6600000262260437
132.58780646324158,0.6340000033378601,0.6439999938011169,0.6399999856948853,0.7379999756813049,0.656000018119812,0.6600000262260437
132.5979471206665,0.6340000033378601,0.6439999938011169,0.6399999856948853,0.7379999756813049,0.656000018119812,0.6600000262260437
132.60764122009277,0.6340000033378601,0.6439999938011169,0.6399999856948853,0.7360000014305115,0.656000018119812,0.6600000262260437
132.61769723892212,0.6340000033378601,0.6439999938011169,0.6399999856948853,0.7379999756813049,0.656000018119812,0.6600000262260437
132.62748980522156,0.6340000033378601,0.6439999938011169,0.6399999856948853,0.7379999756813049,0.656000018119812,0.6600000262260437
132.63753294944763,0.6340000033378601,0.6439999938011169,0.6439999938011169,0.7319999933242798,0.6520000100135803,0.6620000004768372
132.64873671531677,0.6340000033378601,0.6439999938011169,0.6439999938011169,0.7260000109672546,0.6520000100135803,0.6740000247955322
132.65755033493042,0.6359999775886536,0.6439999938011169,0.6539999842643738,0.7239999771118164,0.6460000276565552,0.699999988079071
132.66834497451782,0.6380000114440918,0.6439999938011169,0.6620000004768372,0.7260000109672546,0.6420000195503235,0.7160000205039978
132.6785626411438,0.6340000033378601,0.6399999856948853,0.671999990940094,0.7139999866485596,0.6420000195503235,0.7260000109672546
132.68740701675415,0.6439999938011169,0.6380000114440918,0.6840000152587891,0.7099999785423279,0.6359999775886536,0.7260000109672546
132.69879293441772,0.656000018119812,0.6380000114440918,0.6959999799728394,0.7099999785423279,0.6439999938011169,0.7239999771118164
132.7081847190857,0.6620000004768372,0.6420000195503235,0.7020000219345093,0.7260000109672546,0.6499999761581421,0.7179999947547913
132.71805047988892,0.6840000152587891,0.6399999856948853,0.7160000205039978,0.7360000014305115,0.7039999961853027,0.7120000123977661
132.72855067253113,0.699999988079071,0.6399999856948853,0.722000002861023,0.7440000176429749,0.7360000014305115,0.7099999785423279
132.73789143562317,0.7139999866485596,0.6380000114440918,0.7260000109672546,0.7519999742507935,0.7599999904632568,0.7039999961853027
132.74853682518005,0.7239999771118164,0.6399999856948853,0.7300000190734863,0.7580000162124634,0.7680000066757202,0.7020000219345093
132.7586624622345,0.734000027179718,0.6399999856948853,0.7360000014305115,0.7680000066757202,0.7820000052452087,0.699999988079071
132.7685387134552,0.7400000095367432,0.6420000195503235,0.7400000095367432,0.7839999794960022,0.7919999957084656,0.6980000138282776
132.78308391571045,0.7440000176429749,0.6420000195503235,0.7440000176429749,0.7940000295639038,0.7979999780654907,0.6959999799728394
132.7883276939392,0.7459999918937683,0.6420000195503235,0.7480000257492065,0.8019999861717224,0.8040000200271606,0.6940000057220459
132.79989624023438,0.7480000257492065,0.6439999938011169,0.75,0.8080000281333923,0.8080000281333923,0.6919999718666077
132.80820727348328,0.75,0.6439999938011169,0.7519999742507935,0.8080000281333923,0.8119999766349792,0.6919999718666077
132.81857752799988,0.7519999742507935,0.6460000276565552,0.7540000081062317,0.8080000281333923,0.8140000104904175,0.6919999718666077
132.83109617233276,0.7519999742507935,0.6460000276565552,0.7540000081062317,0.8080000281333923,0.8119999766349792,0.6899999976158142
132.8373327255249,0.7519999742507935,0.6460000276565552,0.7540000081062317,0.8059999942779541,0.8100000023841858,0.6899999976158142
132.8472785949707,0.7519999742507935,0.6460000276565552,0.7540000081062317,0.8040000200271606,0.8059999942779541,0.6880000233650208
132.85736727714539,0.7540000081062317,0.6460000276565552,0.7540000081062317,0.8019999861717224,0.8019999861717224,0.6859999895095825
132.86939144134521,0.7540000081062317,0.6460000276565552,0.7540000081062317,0.800000011920929,0.800000011920929,0.6840000152587891
132.8774709701538,0.7540000081062317,0.6460000276565552,0.7540000081062317,0.7960000038146973,0.7979999780654907,0.6840000152587891
132.8879268169403,0.7559999823570251,0.6460000276565552,0.7540000081062317,0.7940000295639038,0.7960000038146973,0.6819999814033508
132.89726543426514,0.7559999823570251,0.6460000276565552,0.7540000081062317,0.7919999957084656,0.7940000295639038,0.6800000071525574
132.9073293209076,0.7559999823570251,0.6460000276565552,0.7540000081062317,0.7900000214576721,0.7919999957084656,0.6800000071525574
132.91725492477417,0.7580000162124634,0.6460000276565552,0.7540000081062317,0.7879999876022339,0.7900000214576721,0.6779999732971191
132.9273431301117,0.7580000162124634,0.6460000276565552,0.7540000081062317,0.7860000133514404,0.7879999876022339,0.6779999732971191
132.93733382225037,0.7580000162124634,0.6460000276565552,0.7559999823570251,0.7860000133514404,0.7860000133514404,0.6779999732971191
132.9472780227661,0.7599999904632568,0.6460000276565552,0.7559999823570251,0.7879999876022339,0.7860000133514404,0.6779999732971191
132.95732069015503,0.7599999904632568,0.6460000276565552,0.7559999823570251,0.7879999876022339,0.7860000133514404,0.6779999732971191
132.96733593940735,0.7599999904632568,0.6460000276565552,0.7580000162124634,0.7900000214576721,0.7879999876022339,0.6779999732971191
132.9776165485382,0.7620000243186951,0.6460000276565552,0.7580000162124634,0.7940000295639038,0.7900000214576721,0.6779999732971191
132.98745965957642,0.7620000243186951,0.6460000276565552,0.7599999904632568,0.7960000038146973,0.7919999957084656,0.6779999732971191
132.9973111152649,0.7620000243186951,0.6460000276565552,0.7639999985694885,0.800000011920929,0.7960000038146973,0.6779999732971191
133.00730085372925,0.7620000243186951,0.6460000276565552,0.7639999985694885,0.8040000200271606,0.7979999780654907,0.6779999732971191
133.01782822608948,0.7620000243186951,0.6460000276565552,0.765999972820282,0.8080000281333923,0.8019999861717224,0.6779999732971191
133.0273299217224,0.7639999985694885,0.6460000276565552,0.7680000066757202,0.8119999766349792,0.8059999942779541,0.6779999732971191
133.03746724128723,0.7639999985694885,0.6460000276565552,0.7699999809265137,0.8140000104904175,0.8100000023841858,0.6800000071525574
133.04733562469482,0.7639999985694885,0.6460000276565552,0.7699999809265137,0.8199999928474426,0.8140000104904175,0.6800000071525574
133.0573091506958,0.7639999985694885,0.6460000276565552,0.7720000147819519,0.8240000009536743,0.8180000185966492,0.6800000071525574
133.06734228134155,0.7639999985694885,0.6480000019073486,0.7720000147819519,0.8259999752044678,0.8199999928474426,0.6800000071525574
133.07757997512817,0.7639999985694885,0.6480000019073486,0.7720000147819519,0.8299999833106995,0.8240000009536743,0.6800000071525574
133.08747148513794,0.7639999985694885,0.6480000019073486,0.7739999890327454,0.8320000171661377,0.8240000009536743,0.6800000071525574
133.09768724441528,0.7639999985694885,0.6480000019073486,0.7739999890327454,0.8360000252723694,0.8259999752044678,0.6800000071525574
133.10738444328308,0.765999972820282,0.6480000019073486,0.7760000228881836,0.8399999737739563,0.828000009059906,0.6779999732971191
133.1174521446228,0.7639999985694885,0.6499999761581421,0.7760000228881836,0.843999981880188,0.8299999833106995,0.6779999732971191
133.12727189064026,0.7639999985694885,0.6499999761581421,0.7760000228881836,0.8479999899864197,0.8320000171661377,0.6779999732971191
133.13732075691223,0.7639999985694885,0.6520000100135803,0.777999997138977,0.8519999980926514,0.8339999914169312,0.6779999732971191
133.14733290672302,0.7639999985694885,0.6520000100135803,0.777999997138977,0.8539999723434448,0.8379999995231628,0.6779999732971191
133.1574423313141,0.7639999985694885,0.6520000100135803,0.777999997138977,0.8600000143051147,0.8420000076293945,0.6779999732971191
133.16740655899048,0.7620000243186951,0.6520000100135803,0.777999997138977,0.8659999966621399,0.8460000157356262,0.6779999732971191
133.17792010307312,0.7620000243186951,0.6520000100135803,0.777999997138977,0.8700000047683716,0.8519999980926514,0.6779999732971191
133.1876528263092,0.7620000243186951,0.6539999842643738,0.777999997138977,0.8759999871253967,0.8600000143051147,0.6779999732971191
133.1973135471344,0.7599999904632568,0.656000018119812,0.777999997138977,0.8799999952316284,0.8679999709129333,0.6779999732971191
133.20726323127747,0.7599999904632568,0.656000018119812,0.7799999713897705,0.8840000033378601,0.8759999871253967,0.6779999732971191
133.2174105644226,0.7599999904632568,0.656000018119812,0.7799999713897705,0.8880000114440918,0.8799999952316284,0.6779999732971191
133.22741055488586,0.7599999904632568,0.656000018119812,0.7799999713897705,0.8939999938011169,0.8859999775886536,0.6759999990463257
133.23729610443115,0.7599999904632568,0.656000018119812,0.7820000052452087,0.9020000100135804,0.8899999856948853,0.6740000247955322
133.24736070632935,0.7599999904632568,0.656000018119812,0.7820000052452087,0.906000018119812,0.8939999938011169,0.671999990940094
133.2572774887085,0.7599999904632568,0.6579999923706055,0.7820000052452087,0.9120000004768372,0.8960000276565552,0.671999990940094
133.2673466205597,0.7599999904632568,0.6579999923706055,0.7820000052452087,0.9160000085830688,0.8980000019073486,0.6700000166893005
133.27764081954956,0.7599999904632568,0.6600000262260437,0.7839999794960022,0.9240000247955322,0.9039999842643738,0.6679999828338623
133.28873562812805,0.7599999904632568,0.6600000262260437,0.7839999794960022,0.9300000071525574,0.906000018119812,0.6679999828338623
133.29786324501038,0.7599999904632568,0.6600000262260437,0.7839999794960022,0.9340000152587892,0.9100000262260436,0.6660000085830688
133.30817079544067,0.7599999904632568,0.6660000085830688,0.7839999794960022,0.9399999976158142,0.9120000004768372,0.6620000004768372
133.31878542900085,0.7599999904632568,0.6700000166893005,0.7860000133514404,0.944000005722046,0.9139999747276306,0.6600000262260437
133.32827377319336,0.7599999904632568,0.6740000247955322,0.7860000133514404,0.949999988079071,0.9179999828338624,0.6579999923706055
133.33890223503113,0.7599999904632568,0.6779999732971191,0.7860000133514404,0.9539999961853028,0.921999990940094,0.656000018119812
133.34799242019653,0.7599999904632568,0.6800000071525574,0.7860000133514404,0.959999978542328,0.9259999990463256,0.656000018119812
133.35778832435608,0.7599999904632568,0.6840000152587891,0.7860000133514404,0.9660000205039978,0.9300000071525574,0.656000018119812
133.36804962158203,0.7599999904632568,0.6880000233650208,0.7860000133514404,0.972000002861023,0.9340000152587892,0.656000018119812
133.37836956977844,0.7580000162124634,0.6919999718666077,0.7879999876022339,0.9760000109672546,0.9380000233650208,0.6539999842643738
133.38800191879272,0.7580000162124634,0.6959999799728394,0.7879999876022339,0.984000027179718,0.9399999976158142,0.6539999842643738
133.39883303642273,0.7580000162124634,0.699999988079071,0.7879999876022339,0.9900000095367432,0.944000005722046,0.6539999842643738
133.40860891342163,0.7559999823570251,0.7020000219345093,0.7879999876022339,0.9959999918937684,0.9480000138282776,0.6539999842643738
133.41910672187805,0.7559999823570251,0.7059999704360962,0.7879999876022339,1.0019999742507937,0.949999988079071,0.6539999842643738
133.42904663085938,0.7540000081062317,0.7080000042915344,0.7879999876022339,1.0080000162124634,0.9520000219345092,0.6539999842643738
133.4376311302185,0.75,0.7120000123977661,0.7879999876022339,1.0140000581741333,0.9539999961853028,0.6539999842643738
133.44727182388306,0.7459999918937683,0.7160000205039978,0.7879999876022339,1.0199999809265137,0.9559999704360962,0.6539999842643738
133.45734667778015,0.7419999837875366,0.7200000286102295,0.7879999876022339,1.0260000228881836,0.9559999704360962,0.6539999842643738
133.46742463111877,0.7360000014305115,0.722000002861023,0.7860000133514404,1.031999945640564,0.9580000042915344,0.6539999842643738
133.4772617816925,0.7319999933242798,0.7260000109672546,0.7860000133514404,1.0360000133514404,0.9580000042915344,0.6539999842643738
133.48723125457764,0.7260000109672546,0.7279999852180481,0.7839999794960022,1.0440000295639038,0.9580000042915344,0.6539999842643738
133.49751138687134,0.7200000286102295,0.7300000190734863,0.7820000052452087,1.0499999523162842,0.9580000042915344,0.6539999842643738
133.5077760219574,0.7120000123977661,0.7319999933242798,0.777999997138977,1.055999994277954,0.9559999704360962,0.6539999842643738
133.5174424648285,0.7020000219345093,0.734000027179718,0.7720000147819519,1.062000036239624,0.9539999961853028,0.6539999842643738
133.5273814201355,0.6880000233650208,0.7360000014305115,0.765999972820282,1.0679999589920044,0.949999988079071,0.6539999842643738
133.53742289543152,0.6779999732971191,0.7379999756813049,0.7580000162124634,1.0720000267028809,0.944000005722046,0.6539999842643738
133.54731035232544,0.6639999747276306,0.7400000095367432,0.7480000257492065,1.0779999494552612,0.9380000233650208,0.6539999842643738
133.55753254890442,0.6539999842643738,0.7419999837875366,0.7360000014305115,1.0800000429153442,0.9279999732971193,0.6539999842643738
133.56760621070862,0.6439999938011169,0.7440000176429749,0.7260000109672546,1.0820000171661377,0.9039999842643738,0.6539999842643738
133.57743334770203,0.6359999775886536,0.7440000176429749,0.7139999866485596,1.0820000171661377,0.8619999885559082,0.6539999842643738
133.5873532295227,0.6340000033378601,0.7440000176429749,0.7099999785423279,1.0820000171661377,0.8140000104904175,0.656000018119812
133.5974473953247,0.6320000290870667,0.7440000176429749,0.7020000219345093,1.0800000429153442,0.7739999890327454,0.656000018119812
133.60783171653748,0.6320000290870667,0.7440000176429749,0.6980000138282776,1.0779999494552612,0.7519999742507935,0.656000018119812
133.61865162849426,0.6340000033378601,0.7440000176429749,0.6919999718666077,1.0720000267028809,0.7360000014305115,0.656000018119812
133.62744903564453,0.6380000114440918,0.7419999837875366,0.6859999895095825,1.062000036239624,0.7319999933242798,0.656000018119812
133.6390097141266,0.6380000114440918,0.7279999852180481,0.6779999732971191,1.0479999780654907,0.7200000286102295,0.656000018119812
133.6475794315338,0.6380000114440918,0.699999988079071,0.6700000166893005,1.0299999713897705,0.7179999947547913,0.656000018119812
133.6573829650879,0.6380000114440918,0.6660000085830688,0.6499999761581421,1.003999948501587,0.7099999785423279,0.656000018119812
133.6673367023468,0.6340000033378601,0.6620000004768372,0.6439999938011169,0.9800000190734864,0.7139999866485596,0.656000018119812
133.6776306629181,0.6299999952316284,0.6620000004768372,0.6380000114440918,0.9359999895095824,0.7160000205039978,0.656000018119812
133.6875467300415,0.6299999952316284,0.6620000004768372,0.6359999775886536,0.906000018119812,0.7139999866485596,0.656000018119812
133.69726729393005,0.6299999952316284,0.656000018119812,0.6399999856948853,0.8560000061988831,0.7139999866485596,0.656000018119812
133.70755696296692,0.6299999952316284,0.6520000100135803,0.6439999938011169,0.7799999713897705,0.699999988079071,0.6579999923706055
133.71793055534363,0.628000020980835,0.6499999761581421,0.6460000276565552,0.7480000257492065,0.6740000247955322,0.6579999923706055
133.72754049301147,0.628000020980835,0.6499999761581421,0.6420000195503235,0.7260000109672546,0.656000018119812,0.6579999923706055
133.73752737045288,0.628000020980835,0.6480000019073486,0.6420000195503235,0.7279999852180481,0.6539999842643738,0.6579999923706055
133.75059914588928,0.628000020980835,0.6480000019073486,0.6420000195503235,0.7300000190734863,0.6539999842643738,0.6579999923706055
133.75736713409424,0.6299999952316284,0.6480000019073486,0.6399999856948853,0.7319999933242798,0.6539999842643738,0.6579999923706055
133.76801443099976,0.6299999952316284,0.6480000019073486,0.6399999856948853,0.734000027179718,0.6539999842643738,0.6579999923706055
133.77745127677917,0.6299999952316284,0.6480000019073486,0.6399999856948853,0.734000027179718,0.6539999842643738,0.6600000262260437
133.78733921051025,0.6299999952316284,0.6480000019073486,0.6399999856948853,0.7360000014305115,0.6539999842643738,0.6600000262260437
133.797287940979,0.6299999952316284,0.6480000019073486,0.6380000114440918,0.7360000014305115,0.6539999842643738,0.6600000262260437
133.8073923587799,0.6299999952316284,0.6460000276565552,0.6380000114440918,0.7379999756813049,0.6539999842643738,0.6600000262260437
133.81735229492188,0.6299999952316284,0.6460000276565552,0.6380000114440918,0.7379999756813049,0.6539999842643738,0.6600000262260437
133.8274188041687,0.6299999952316284,0.6460000276565552,0.6380000114440918,0.7400000095367432,0.6539999842643738,0.6600000262260437
133.83765244483948,0.6299999952316284,0.6460000276565552,0.6380000114440918,0.7400000095367432,0.6539999842643738,0.6600000262260437
133.85022830963135,0.6299999952316284,0.6460000276565552,0.6380000114440918,0.7400000095367432,0.6539999842643738,0.6600000262260437
133.85747814178467,0.6299999952316284,0.6460000276565552,0.6380000114440918,0.7400000095367432,0.6539999842643738,0.6600000262260437
133.86786913871765,0.6299999952316284,0.6460000276565552,0.6380000114440918,0.7400000095367432,0.6539999842643738,0.6600000262260437
133.87763047218323,0.6299999952316284,0.6460000276565552,0.6380000114440918,0.7400000095367432,0.6539999842643738,0.6600000262260437
133.88761162757874,0.6299999952316284,0.6460000276565552,0.6380000114440918,0.7400000095367432,0.6539999842643738,0.6600000262260437
133.89739155769348,0.6320000290870667,0.6460000276565552,0.6380000114440918,0.7400000095367432,0.6539999842643738,0.6600000262260437
133.90745878219604,0.6299999952316284,0.6460000276565552,0.6380000114440918,0.7400000095367432,0.6539999842643738,0.6600000262260437
133.91729164123535,0.6299999952316284,0.6460000276565552,0.6380000114440918,0.7400000095367432,0.6539999842643738,0.6600000262260437
133.92759370803833,0.6299999952316284,0.6460000276565552,0.6380000114440918,0.7400000095367432,0.6539999842643738,0.6600000262260437
133.93746328353882,0.6299999952316284,0.6460000276565552,0.6380000114440918,0.7400000095367432,0.6539999842643738,0.6600000262260437
133.94862389564514,0.6299999952316284,0.6460000276565552,0.6380000114440918,0.7419999837875366,0.6539999842643738,0.6600000262260437
133.95847606658936,0.6299999952316284,0.6460000276565552,0.6380000114440918,0.7419999837875366,0.656000018119812,0.6600000262260437
133.96787691116333,0.6299999952316284,0.6460000276565552,0.6380000114440918,0.7419999837875366,0.656000018119812,0.6600000262260437
133.97789096832275,0.6299999952316284,0.6460000276565552,0.6380000114440918,0.7419999837875366,0.6539999842643738,0.6600000262260437
133.98735523223877,0.6299999952316284,0.6460000276565552,0.6380000114440918,0.7419999837875366,0.6539999842643738,0.6600000262260437
133.9973545074463,0.6299999952316284,0.6460000276565552,0.6380000114440918,0.7419999837875366,0.6539999842643738,0.6600000262260437
134.00745487213135,0.6299999952316284,0.6460000276565552,0.6380000114440918,0.7419999837875366,0.656000018119812,0.6600000262260437
134.01740384101868,0.6320000290870667,0.6460000276565552,0.6380000114440918,0.7419999837875366,0.656000018119812,0.6600000262260437
134.02731251716614,0.6299999952316284,0.6460000276565552,0.6380000114440918,0.7400000095367432,0.656000018119812,0.6600000262260437
134.03731203079224,0.6299999952316284,0.6460000276565552,0.6380000114440918,0.7400000095367432,0.656000018119812,0.6600000262260437
134.04738450050354,0.6299999952316284,0.6460000276565552,0.6399999856948853,0.7400000095367432,0.656000018119812,0.6600000262260437
134.05845260620117,0.6299999952316284,0.6460000276565552,0.6399999856948853,0.7400000095367432,0.656000018119812,0.6600000262260437
134.0675048828125,0.6299999952316284,0.6460000276565552,0.6399999856948853,0.7400000095367432,0.656000018119812,0.6600000262260437
134.0774748325348,0.6320000290870667,0.6460000276565552,0.6399999856948853,0.7400000095367432,0.656000018119812,0.6600000262260437
134.0874080657959,0.6320000290870667,0.6460000276565552,0.6399999856948853,0.7400000095367432,0.656000018119812,0.6600000262260437
134.09735465049744,0.6320000290870667,0.6460000276565552,0.6399999856948853,0.7400000095367432,0.656000018119812,0.6579999923706055
134.1074903011322,0.6320000290870667,0.6460000276565552,0.6420000195503235,0.7400000095367432,0.6539999842643738,0.6600000262260437
134.11779046058655,0.6320000290870667,0.6460000276565552,0.6420000195503235,0.7319999933242798,0.6539999842643738,0.6600000262260437
134.12752223014832,0.6320000290870667,0.6460000276565552,0.6460000276565552,0.7279999852180481,0.6480000019073486,0.6639999747276306
134.13743615150452,0.6340000033378601,0.6460000276565552,0.6499999761581421,0.7239999771118164,0.6480000019073486,0.6759999990463257
134.14751195907593,0.6340000033378601,0.6439999938011169,0.6620000004768372,0.7179999947547913,0.6460000276565552,0.7179999947547913
134.1573407649994,0.6299999952316284,0.6439999938011169,0.6700000166893005,0.7160000205039978,0.6480000019073486,0.7279999852180481
134.1679229736328,0.6439999938011169,0.6439999938011169,0.6840000152587891,0.7120000123977661,0.6460000276565552,0.7300000190734863
134.17762780189514,0.6439999938011169,0.6439999938011169,0.6959999799728394,0.7260000109672546,0.6639999747276306,0.7260000109672546
134.18741488456726,0.6460000276565552,0.6439999938011169,0.7059999704360962,0.7400000095367432,0.699999988079071,0.722000002861023
134.19761300086975,0.6660000085830688,0.6420000195503235,0.7160000205039978,0.7540000081062317,0.7540000081062317,0.7160000205039978
134.20755314826965,0.6800000071525574,0.6399999856948853,0.722000002861023,0.7620000243186951,0.7699999809265137,0.7139999866485596
134.21800422668457,0.6959999799728394,0.6399999856948853,0.7260000109672546,0.7680000066757202,0.7839999794960022,0.7139999866485596
134.2275252342224,0.7080000042915344,0.6399999856948853,0.7300000190734863,0.7760000228881836,0.7940000295639038,0.7139999866485596
134.23774480819702,0.7160000205039978,0.6420000195503235,0.7319999933242798,0.7839999794960022,0.7979999780654907,0.7139999866485596
134.24757480621338,0.7239999771118164,0.6420000195503235,0.7360000014305115,0.7979999780654907,0.8040000200271606,0.7099999785423279
134.2574164867401,0.7300000190734863,0.6439999938011169,0.7400000095367432,0.8059999942779541,0.8080000281333923,0.7080000042915344
134.26866602897644,0.734000027179718,0.6439999938011169,0.7419999837875366,0.8100000023841858,0.8119999766349792,0.7080000042915344
134.2775616645813,0.7379999756813049,0.6439999938011169,0.7440000176429749,0.8140000104904175,0.8159999847412109,0.7059999704360962
134.28776621818542,0.7400000095367432,0.6439999938011169,0.7459999918937683,0.8140000104904175,0.8159999847412109,0.7059999704360962
134.29731249809265,0.7419999837875366,0.6439999938011169,0.7459999918937683,0.8140000104904175,0.8159999847412109,0.7039999961853027
134.30761313438416,0.7419999837875366,0.6439999938011169,0.7480000257492065,0.8119999766349792,0.8140000104904175,0.7039999961853027
134.31811952590942,0.7440000176429749,0.6460000276565552,0.7480000257492065,0.8100000023841858,0.8119999766349792,0.7020000219345093
134.3273630142212,0.7440000176429749,0.6460000276565552,0.7480000257492065,0.8059999942779541,0.8100000023841858,0.699999988079071
134.33741354942322,0.7440000176429749,0.6460000276565552,0.7480000257492065,0.8040000200271606,0.8059999942779541,0.699999988079071
134.34747433662415,0.7459999918937683,0.6460000276565552,0.7480000257492065,0.800000011920929,0.8040000200271606,0.6959999799728394
134.357563495636,0.7459999918937683,0.6460000276565552,0.7480000257492065,0.7979999780654907,0.8019999861717224,0.6940000057220459
134.36860537528992,0.7459999918937683,0.6460000276565552,0.7480000257492065,0.7940000295639038,0.800000011920929,0.6940000057220459
134.3786392211914,0.7480000257492065,0.6460000276565552,0.7480000257492065,0.7860000133514404,0.7960000038146973,0.6919999718666077
134.38787364959717,0.7480000257492065,0.6460000276565552,0.7480000257492065,0.777999997138977,0.7900000214576721,0.6919999718666077
134.3977153301239,0.75,0.6439999938011169,0.7459999918937683,0.7739999890327454,0.7860000133514404,0.6899999976158142
134.40783023834229,0.75,0.6460000276565552,0.7459999918937683,0.7680000066757202,0.7839999794960022,0.6899999976158142
134.41749501228333,0.7519999742507935,0.6439999938011169,0.7459999918937683,0.7680000066757202,0.7839999794960022,0.6899999976158142
134.42731523513794,0.7519999742507935,0.6439999938011169,0.7480000257492065,0.7680000066757202,0.7820000052452087,0.6880000233650208
134.4375069141388,0.7540000081062317,0.6439999938011169,0.7480000257492065,0.7699999809265137,0.7839999794960022,0.6880000233650208
134.44734621047974,0.7540000081062317,0.6439999938011169,0.75,0.7739999890327454,0.7860000133514404,0.6880000233650208
134.45741176605225,0.7540000081062317,0.6460000276565552,0.75,0.7820000052452087,0.7879999876022339,0.6880000233650208
134.46746683120728,0.7559999823570251,0.6460000276565552,0.7519999742507935,0.7860000133514404,0.7900000214576721,0.6880000233650208
134.47743463516235,0.7559999823570251,0.6460000276565552,0.7540000081062317,0.7940000295639038,0.7960000038146973,0.6880000233650208
134.48787021636963,0.7559999823570251,0.6460000276565552,0.7559999823570251,0.800000011920929,0.800000011920929,0.6899999976158142
134.49839329719543,0.7559999823570251,0.6480000019073486,0.7559999823570251,0.8040000200271606,0.8019999861717224,0.6899999976158142
134.50763630867004,0.7559999823570251,0.6480000019073486,0.7580000162124634,0.8080000281333923,0.8059999942779541,0.6919999718666077
134.51750326156616,0.7559999823570251,0.6480000019073486,0.7599999904632568,0.8119999766349792,0.8100000023841858,0.6919999718666077
134.52735948562622,0.7559999823570251,0.6480000019073486,0.7620000243186951,0.8159999847412109,0.8159999847412109,0.6940000057220459
134.53793573379517,0.7580000162124634,0.6480000019073486,0.7639999985694885,0.8199999928474426,0.8199999928474426,0.6940000057220459
134.54741978645325,0.7580000162124634,0.6480000019073486,0.765999972820282,0.8220000267028809,0.8240000009536743,0.6959999799728394
134.55752801895142,0.7580000162124634,0.6480000019073486,0.765999972820282,0.8259999752044678,0.828000009059906,0.6959999799728394
134.56751441955566,0.7580000162124634,0.6480000019073486,0.7680000066757202,0.8299999833106995,0.8320000171661377,0.6980000138282776
134.57756543159485,0.7580000162124634,0.6480000019073486,0.7680000066757202,0.8320000171661377,0.8339999914169312,0.6980000138282776
134.58737516403198,0.7580000162124634,0.6499999761581421,0.7680000066757202,0.8379999995231628,0.8360000252723694,0.6980000138282776
134.59799003601074,0.7580000162124634,0.6499999761581421,0.7699999809265137,0.8399999737739563,0.8379999995231628,0.6980000138282776
134.60743522644043,0.7580000162124634,0.6499999761581421,0.7699999809265137,0.8460000157356262,0.8420000076293945,0.6980000138282776
134.61743259429932,0.7580000162124634,0.6499999761581421,0.7699999809265137,0.8479999899864197,0.8460000157356262,0.6980000138282776
134.6276752948761,0.7580000162124634,0.6520000100135803,0.7720000147819519,0.8519999980926514,0.8500000238418579,0.6980000138282776
134.637446641922,0.7559999823570251,0.6520000100135803,0.7720000147819519,0.8539999723434448,0.8579999804496765,0.6980000138282776
134.64887762069702,0.7559999823570251,0.6539999842643738,0.7720000147819519,0.8600000143051147,0.8640000224113464,0.6980000138282776
134.657395362854,0.7540000081062317,0.6539999842643738,0.7720000147819519,0.8640000224113464,0.8700000047683716,0.6980000138282776
134.667635679245,0.7519999742507935,0.6539999842643738,0.7739999890327454,0.871999979019165,0.878000020980835,0.6980000138282776
134.67751383781433,0.7519999742507935,0.6539999842643738,0.7739999890327454,0.8759999871253967,0.8859999775886536,0.6980000138282776
134.68733096122742,0.75,0.6539999842643738,0.7739999890327454,0.8820000290870667,0.8939999938011169,0.6980000138282776
134.69737482070923,0.7480000257492065,0.6539999842643738,0.7739999890327454,0.8880000114440918,0.8999999761581421,0.699999988079071
134.70770144462585,0.7480000257492065,0.6539999842643738,0.7739999890327454,0.8939999938011169,0.9039999842643738,0.699999988079071
134.7177767753601,0.7480000257492065,0.6539999842643738,0.7760000228881836,0.8980000019073486,0.9100000262260436,0.6980000138282776
134.7274136543274,0.7459999918937683,0.6539999842643738,0.7760000228881836,0.9020000100135804,0.9139999747276306,0.6980000138282776
134.7375304698944,0.7459999918937683,0.6539999842643738,0.7760000228881836,0.9079999923706056,0.9179999828338624,0.6959999799728394
134.74743556976318,0.7459999918937683,0.656000018119812,0.777999997138977,0.9139999747276306,0.921999990940094,0.6940000057220459
134.75751042366028,0.7459999918937683,0.656000018119812,0.777999997138977,0.9200000166893004,0.9259999990463256,0.6899999976158142
134.7676694393158,0.7480000257492065,0.656000018119812,0.777999997138977,0.9279999732971193,0.9300000071525574,0.6859999895095825
134.77747082710266,0.7480000257492065,0.656000018119812,0.7799999713897705,0.9340000152587892,0.9340000152587892,0.6840000152587891
134.78743052482605,0.7480000257492065,0.6579999923706055,0.7799999713897705,0.9399999976158142,0.9380000233650208,0.6800000071525574
134.7974853515625,0.7480000257492065,0.6579999923706055,0.7820000052452087,0.9459999799728394,0.9419999718666076,0.6759999990463257
134.8075888156891,0.7480000257492065,0.6579999923706055,0.7820000052452087,0.9520000219345092,0.9459999799728394,0.6740000247955322
134.81768989562988,0.7480000257492065,0.6579999923706055,0.7820000052452087,0.959999978542328,0.949999988079071,0.6700000166893005
134.82804560661316,0.7480000257492065,0.6579999923706055,0.7839999794960022,0.9700000286102296,0.9539999961853028,0.6660000085830688
134.83746814727783,0.7480000257492065,0.6579999923706055,0.7839999794960022,0.9739999771118164,0.9580000042915344,0.6620000004768372
134.84745049476624,0.7480000257492065,0.6660000085830688,0.7839999794960022,0.9819999933242798,0.959999978542328,0.6600000262260437
134.85767889022827,0.7480000257492065,0.671999990940094,0.7839999794960022,0.9900000095367432,0.9639999866485596,0.656000018119812
134.8674681186676,0.7480000257492065,0.6759999990463257,0.7839999794960022,0.9959999918937684,0.9660000205039978,0.656000018119812
134.87755060195923,0.7480000257492065,0.6800000071525574,0.7860000133514404,1.003999948501587,0.9679999947547911,0.6539999842643738
134.88885879516602,0.7459999918937683,0.6819999814033508,0.7860000133514404,1.0080000162124634,0.9700000286102296,0.6520000100135803
134.8974153995514,0.7459999918937683,0.6840000152587891,0.7860000133514404,1.0160000324249268,0.972000002861023,0.6520000100135803
134.90741562843323,0.7419999837875366,0.6880000233650208,0.7860000133514404,1.0219999551773071,0.9739999771118164,0.6520000100135803
134.91919875144958,0.7400000095367432,0.6899999976158142,0.7860000133514404,1.0260000228881836,0.9739999771118164,0.6520000100135803
134.92969250679016,0.7360000014305115,0.6919999718666077,0.7860000133514404,1.031999945640564,0.9760000109672546,0.6520000100135803
134.93742775917053,0.7319999933242798,0.6959999799728394,0.7839999794960022,1.0399999618530271,0.977999985218048,0.6520000100135803
134.94736742973328,0.7239999771118164,0.699999988079071,0.7820000052452087,1.0499999523162842,0.977999985218048,0.6520000100135803
134.9573609828949,0.7120000123977661,0.7059999704360962,0.7799999713897705,1.0579999685287476,0.9760000109672546,0.6520000100135803
134.96763372421265,0.699999988079071,0.7120000123977661,0.7720000147819519,1.0640000104904177,0.9760000109672546,0.6520000100135803
134.97749280929565,0.6779999732971191,0.7179999947547913,0.7599999904632568,1.0720000267028809,0.9700000286102296,0.6520000100135803
134.98766112327576,0.6660000085830688,0.722000002861023,0.7459999918937683,1.0779999494552612,0.9639999866485596,0.6520000100135803
134.99732542037964,0.6499999761581421,0.7239999771118164,0.7260000109672546,1.0820000171661377,0.9459999799728394,0.6499999761581421
135.00765299797058,0.6460000276565552,0.7260000109672546,0.7080000042915344,1.0859999656677246,0.8740000128746033,0.6499999761581421
135.01755595207214,0.6460000276565552,0.7279999852180481,0.699999988079071,1.090000033378601,0.8159999847412109,0.6499999761581421
135.0273916721344,0.6480000019073486,0.7319999933242798,0.6899999976158142,1.0920000076293943,0.7680000066757202,0.6499999761581421
135.0384328365326,0.6480000019073486,0.7319999933242798,0.6840000152587891,1.090000033378601,0.7519999742507935,0.6499999761581421
135.0474193096161,0.6460000276565552,0.7239999771118164,0.6779999732971191,1.0859999656677246,0.7440000176429749,0.6499999761581421
135.05739784240723,0.6439999938011169,0.6840000152587891,0.6700000166893005,1.0740000009536743,0.7319999933242798,0.6520000100135803
135.06760811805725,0.6439999938011169,0.6620000004768372,0.6600000262260437,1.055999994277954,0.7279999852180481,0.6520000100135803
135.07735443115234,0.6439999938011169,0.6600000262260437,0.6439999938011169,1.02400004863739,0.7179999947547913,0.6539999842643738
135.0874364376068,0.6420000195503235,0.6539999842643738,0.6359999775886536,0.9860000014305116,0.7120000123977661,0.6539999842643738
135.09748697280884,0.6399999856948853,0.6499999761581421,0.6340000033378601,0.9580000042915344,0.7139999866485596,0.6539999842643738
135.1073396205902,0.6359999775886536,0.6480000019073486,0.6340000033378601,0.9100000262260436,0.7139999866485596,0.656000018119812
135.11828112602234,0.6320000290870667,0.6499999761581421,0.6340000033378601,0.878000020980835,0.7080000042915344,0.656000018119812
135.12748742103577,0.6299999952316284,0.6480000019073486,0.6380000114440918,0.777999997138977,0.6919999718666077,0.656000018119812
135.14044976234436,0.6299999952316284,0.6480000019073486,0.6380000114440918,0.7319999933242798,0.6600000262260437,0.656000018119812
135.1475076675415,0.6320000290870667,0.6480000019073486,0.6380000114440918,0.7239999771118164,0.6579999923706055,0.656000018119812
135.1575801372528,0.6320000290870667,0.6460000276565552,0.6380000114440918,0.7179999947547913,0.6579999923706055,0.6660000085830688
135.1673858165741,0.6320000290870667,0.6460000276565552,0.6399999856948853,0.7239999771118164,0.656000018119812,0.6600000262260437
135.1773853302002,0.6320000290870667,0.6460000276565552,0.6380000114440918,0.7300000190734863,0.656000018119812,0.6579999923706055
135.18755722045898,0.6340000033378601,0.6480000019073486,0.6380000114440918,0.7400000095367432,0.656000018119812,0.6579999923706055
135.19773983955383,0.6340000033378601,0.6460000276565552,0.6380000114440918,0.7440000176429749,0.656000018119812,0.6579999923706055
135.20742750167847,0.6340000033378601,0.6460000276565552,0.6380000114440918,0.7440000176429749,0.6579999923706055,0.6579999923706055
135.2175576686859,0.6340000033378601,0.6460000276565552,0.6380000114440918,0.7440000176429749,0.656000018119812,0.6579999923706055
135.22738766670227,0.6340000033378601,0.6460000276565552,0.6380000114440918,0.7440000176429749,0.656000018119812,0.6579999923706055
135.23789620399475,0.6340000033378601,0.6460000276565552,0.6380000114440918,0.7440000176429749,0.656000018119812,0.6579999923706055
135.24832272529602,0.6340000033378601,0.6460000276565552,0.6380000114440918,0.7440000176429749,0.656000018119812,0.6579999923706055
135.25771713256836,0.6340000033378601,0.6460000276565552,0.6380000114440918,0.7419999837875366,0.656000018119812,0.6600000262260437
135.2674582004547,0.6340000033378601,0.6460000276565552,0.6380000114440918,0.7419999837875366,0.656000018119812,0.6600000262260437
135.27770018577576,0.6340000033378601,0.6460000276565552,0.6380000114440918,0.7400000095367432,0.656000018119812,0.6600000262260437
135.28740549087524,0.6340000033378601,0.6460000276565552,0.6380000114440918,0.7400000095367432,0.656000018119812,0.6600000262260437
135.29731154441833,0.6340000033378601,0.6460000276565552,0.6380000114440918,0.7400000095367432,0.656000018119812,0.6600000262260437
135.3073923587799,0.6340000033378601,0.6460000276565552,0.6380000114440918,0.7400000095367432,0.656000018119812,0.6600000262260437
135.31739497184753,0.6340000033378601,0.6460000276565552,0.6380000114440918,0.7400000095367432,0.656000018119812,0.6600000262260437
135.32756352424622,0.6340000033378601,0.6460000276565552,0.6380000114440918,0.7400000095367432,0.656000018119812,0.6600000262260437
135.33735251426697,0.6340000033378601,0.6460000276565552,0.6380000114440918,0.7400000095367432,0.656000018119812,0.6600000262260437
135.34746050834656,0.6340000033378601,0.6460000276565552,0.6380000114440918,0.7400000095367432,0.656000018119812,0.6600000262260437
135.3574357032776,0.6340000033378601,0.6460000276565552,0.6380000114440918,0.7400000095367432,0.656000018119812,0.6600000262260437
135.3707149028778,0.6340000033378601,0.6460000276565552,0.6380000114440918,0.7400000095367432,0.656000018119812,0.6600000262260437
135.37754774093628,0.6340000033378601,0.6460000276565552,0.6380000114440918,0.7400000095367432,0.656000018119812,0.6600000262260437
135.38755536079407,0.6340000033378601,0.6460000276565552,0.6380000114440918,0.7400000095367432,0.656000018119812,0.6600000262260437
135.39831495285034,0.6340000033378601,0.6460000276565552,0.6380000114440918,0.7400000095367432,0.6579999923706055,0.6600000262260437
135.40800094604492,0.6340000033378601,0.6460000276565552,0.6380000114440918,0.7400000095367432,0.656000018119812,0.6600000262260437
135.41741561889648,0.6340000033378601,0.6460000276565552,0.6380000114440918,0.7400000095367432,0.656000018119812,0.6600000262260437
135.42755961418152,0.6340000033378601,0.6460000276565552,0.6380000114440918,0.7400000095367432,0.656000018119812,0.6600000262260437
135.4374680519104,0.6340000033378601,0.6439999938011169,0.6380000114440918,0.7379999756813049,0.656000018119812,0.6600000262260437
135.44743967056274,0.6340000033378601,0.6460000276565552,0.6380000114440918,0.7379999756813049,0.656000018119812,0.6600000262260437
135.45748329162598,0.6340000033378601,0.6460000276565552,0.6380000114440918,0.7379999756813049,0.656000018119812,0.6600000262260437
135.4685788154602,0.6340000033378601,0.6439999938011169,0.6380000114440918,0.7360000014305115,0.656000018119812,0.6600000262260437
135.4781150817871,0.6359999775886536,0.6460000276565552,0.6380000114440918,0.7360000014305115,0.6579999923706055,0.6600000262260437
135.48748064041138,0.6359999775886536,0.6460000276565552,0.6380000114440918,0.734000027179718,0.6579999923706055,0.6600000262260437
135.49756813049316,0.6359999775886536,0.6460000276565552,0.6380000114440918,0.734000027179718,0.6579999923706055,0.6600000262260437
135.5074212551117,0.6359999775886536,0.6460000276565552,0.6380000114440918,0.734000027179718,0.6579999923706055,0.6600000262260437
135.51743292808533,0.6359999775886536,0.6439999938011169,0.6380000114440918,0.7360000014305115,0.6579999923706055,0.6600000262260437
135.52737641334534,0.6359999775886536,0.6439999938011169,0.6420000195503235,0.7319999933242798,0.6539999842643738,0.6639999747276306
135.53741645812988,0.6359999775886536,0.6439999938011169,0.6460000276565552,0.7300000190734863,0.6480000019073486,0.6700000166893005
135.5475618839264,0.6359999775886536,0.6439999938011169,0.6520000100135803,0.7279999852180481,0.6460000276565552,0.6779999732971191
135.5573182106018,0.6420000195503235,0.6439999938011169,0.6539999842643738,0.7260000109672546,0.6439999938011169,0.6980000138282776
135.5692355632782,0.6420000195503235,0.6420000195503235,0.6600000262260437,0.7239999771118164,0.6420000195503235,0.7200000286102295
135.57758212089539,0.6399999856948853,0.6420000195503235,0.671999990940094,0.7200000286102295,0.6399999856948853,0.7260000109672546
135.58741402626038,0.6600000262260437,0.6420000195503235,0.6759999990463257,0.7200000286102295,0.6399999856948853,0.7239999771118164
135.5977964401245,0.6660000085830688,0.6420000195503235,0.6880000233650208,0.722000002861023,0.6439999938011169,0.7200000286102295
135.60738229751587,0.671999990940094,0.6439999938011169,0.6980000138282776,0.734000027179718,0.6520000100135803,0.7120000123977661
135.61755299568176,0.6899999976158142,0.6420000195503235,0.7080000042915344,0.7440000176429749,0.7080000042915344,0.7099999785423279
135.6275053024292,0.7059999704360962,0.6399999856948853,0.7139999866485596,0.7540000081062317,0.734000027179718,0.7020000219345093
135.63733530044556,0.7179999947547913,0.6399999856948853,0.722000002861023,0.7639999985694885,0.7540000081062317,0.6980000138282776
135.647629737854,0.7279999852180481,0.6399999856948853,0.7260000109672546,0.7720000147819519,0.7639999985694885,0.6980000138282776
135.65741848945618,0.7360000014305115,0.6420000195503235,0.7319999933242798,0.7940000295639038,0.7799999713897705,0.6959999799728394
135.66752409934998,0.7400000095367432,0.6420000195503235,0.7360000014305115,0.8080000281333923,0.7900000214576721,0.6940000057220459
135.67815613746643,0.7440000176429749,0.6439999938011169,0.7440000176429749,0.8220000267028809,0.8019999861717224,0.6919999718666077
135.68772530555725,0.7480000257492065,0.6460000276565552,0.7480000257492065,0.8299999833106995,0.8100000023841858,0.6899999976158142
135.69772458076477,0.75,0.6460000276565552,0.7519999742507935,0.8360000252723694,0.8159999847412109,0.6899999976158142
135.7082176208496,0.7519999742507935,0.6460000276565552,0.7559999823570251,0.8399999737739563,0.8220000267028809,0.6880000233650208
135.71747875213623,0.7519999742507935,0.6480000019073486,0.7580000162124634,0.8399999737739563,0.8220000267028809,0.6859999895095825
135.72757697105408,0.7540000081062317,0.6499999761581421,0.7580000162124634,0.8420000076293945,0.8240000009536743,0.6840000152587891
135.73742628097534,0.7559999823570251,0.6499999761581421,0.7599999904632568,0.8420000076293945,0.8220000267028809,0.6819999814033508
135.74749326705933,0.7580000162124634,0.6499999761581421,0.7599999904632568,0.8420000076293945,0.8220000267028809,0.6800000071525574
135.75730657577515,0.7580000162124634,0.6499999761581421,0.7620000243186951,0.8399999737739563,0.8199999928474426,0.6759999990463257
135.76730751991272,0.7580000162124634,0.6499999761581421,0.7620000243186951,0.8399999737739563,0.8180000185966492,0.6759999990463257
135.77803421020508,0.7599999904632568,0.6499999761581421,0.7620000243186951,0.8379999995231628,0.8140000104904175,0.6740000247955322
135.78763270378113,0.7599999904632568,0.6499999761581421,0.7620000243186951,0.8360000252723694,0.8100000023841858,0.671999990940094
135.79790616035461,0.7599999904632568,0.6499999761581421,0.7620000243186951,0.8339999914169312,0.8080000281333923,0.6700000166893005
135.80744242668152,0.7599999904632568,0.6499999761581421,0.7620000243186951,0.8320000171661377,0.8040000200271606,0.6679999828338623
135.82030963897705,0.7620000243186951,0.6499999761581421,0.7620000243186951,0.8299999833106995,0.8019999861717224,0.6679999828338623
135.8279025554657,0.7620000243186951,0.6520000100135803,0.7620000243186951,0.828000009059906,0.7979999780654907,0.6679999828338623
135.83735132217407,0.7620000243186951,0.6499999761581421,0.7620000243186951,0.828000009059906,0.7960000038146973,0.6679999828338623
135.8474564552307,0.7639999985694885,0.6520000100135803,0.7639999985694885,0.828000009059906,0.7940000295639038,0.6679999828338623
135.85770201683044,0.7639999985694885,0.6520000100135803,0.7639999985694885,0.828000009059906,0.7919999957084656,0.6679999828338623
135.86755847930908,0.7639999985694885,0.6520000100135803,0.765999972820282,0.828000009059906,0.7919999957084656,0.6679999828338623
135.87743878364563,0.7639999985694885,0.6520000100135803,0.765999972820282,0.8299999833106995,0.7940000295639038,0.6679999828338623
135.88749170303345,0.7639999985694885,0.6520000100135803,0.7680000066757202,0.8299999833106995,0.7960000038146973,0.6679999828338623
135.89825081825256,0.7639999985694885,0.6520000100135803,0.7680000066757202,0.8320000171661377,0.7979999780654907,0.6679999828338623
135.908212184906,0.765999972820282,0.6520000100135803,0.7680000066757202,0.8339999914169312,0.800000011920929,0.6679999828338623
135.91755056381226,0.765999972820282,0.6520000100135803,0.7699999809265137,0.8360000252723694,0.8040000200271606,0.6679999828338623
135.92751336097717,0.765999972820282,0.6520000100135803,0.7720000147819519,0.8379999995231628,0.8080000281333923,0.6679999828338623
135.9373540878296,0.765999972820282,0.6520000100135803,0.7720000147819519,0.843999981880188,0.8100000023841858,0.6679999828338623
135.94791913032532,0.765999972820282,0.6520000100135803,0.7739999890327454,0.8460000157356262,0.8140000104904175,0.6700000166893005
135.9573712348938,0.765999972820282,0.6520000100135803,0.7739999890327454,0.8479999899864197,0.8199999928474426,0.6700000166893005
135.96732878684998,0.765999972820282,0.6539999842643738,0.7760000228881836,0.8500000238418579,0.8240000009536743,0.6700000166893005
135.97779250144958,0.765999972820282,0.6539999842643738,0.7760000228881836,0.8519999980926514,0.8259999752044678,0.6700000166893005
135.9873926639557,0.765999972820282,0.6539999842643738,0.7760000228881836,0.8519999980926514,0.828000009059906,0.6700000166893005
135.9977102279663,0.765999972820282,0.6539999842643738,0.777999997138977,0.8539999723434448,0.8299999833106995,0.6700000166893005
136.00746130943298,0.765999972820282,0.6539999842643738,0.777999997138977,0.8560000061988831,0.8320000171661377,0.6700000166893005
136.0176272392273,0.7680000066757202,0.6539999842643738,0.777999997138977,0.8560000061988831,0.8320000171661377,0.6700000166893005
136.02824473381042,0.7680000066757202,0.656000018119812,0.777999997138977,0.8579999804496765,0.8339999914169312,0.6700000166893005
136.0374400615692,0.7680000066757202,0.656000018119812,0.777999997138977,0.8600000143051147,0.8360000252723694,0.6700000166893005
136.04752326011658,0.7680000066757202,0.656000018119812,0.7799999713897705,0.8619999885559082,0.8360000252723694,0.6700000166893005
136.05732655525208,0.765999972820282,0.656000018119812,0.7799999713897705,0.8640000224113464,0.8379999995231628,0.6700000166893005
136.06767082214355,0.7680000066757202,0.656000018119812,0.7799999713897705,0.8659999966621399,0.8379999995231628,0.6700000166893005
136.0773320198059,0.765999972820282,0.656000018119812,0.7799999713897705,0.8679999709129333,0.8399999737739563,0.6700000166893005
136.08757948875427,0.7680000066757202,0.656000018119812,0.7799999713897705,0.8700000047683716,0.8420000076293945,0.6679999828338623
136.09756803512573,0.765999972820282,0.6579999923706055,0.7799999713897705,0.8740000128746033,0.843999981880188,0.6679999828338623
136.10739302635193,0.765999972820282,0.6579999923706055,0.7820000052452087,0.8759999871253967,0.8460000157356262,0.6679999828338623
136.1182415485382,0.765999972820282,0.6579999923706055,0.7820000052452087,0.878000020980835,0.8479999899864197,0.6679999828338623
136.12775349617004,0.765999972820282,0.6579999923706055,0.7820000052452087,0.8840000033378601,0.8519999980926514,0.6660000085830688
136.1381640434265,0.765999972820282,0.6579999923706055,0.7820000052452087,0.8880000114440918,0.8560000061988831,0.6660000085830688
136.1474232673645,0.765999972820282,0.6579999923706055,0.7839999794960022,0.8980000019073486,0.8640000224113464,0.6660000085830688
136.1574866771698,0.765999972820282,0.6579999923706055,0.7839999794960022,0.9039999842643738,0.8679999709129333,0.6639999747276306
136.1674542427063,0.7639999985694885,0.6600000262260437,0.7839999794960022,0.9120000004768372,0.8759999871253967,0.6620000004768372
136.17745757102966,0.7639999985694885,0.6600000262260437,0.7839999794960022,0.9200000166893004,0.8820000290870667,0.6620000004768372
136.18837451934814,0.7639999985694885,0.6600000262260437,0.7839999794960022,0.9279999732971193,0.8859999775886536,0.6600000262260437
136.19811463356018,0.7639999985694885,0.6639999747276306,0.7839999794960022,0.9359999895095824,0.8899999856948853,0.6579999923706055
136.20756840705872,0.7639999985694885,0.6679999828338623,0.7860000133514404,0.9399999976158142,0.8960000276565552,0.6579999923706055
136.21761322021484,0.7620000243186951,0.6740000247955322,0.7860000133514404,0.9459999799728394,0.9020000100135804,0.6579999923706055
136.22754764556885,0.7620000243186951,0.6779999732971191,0.7860000133514404,0.9520000219345092,0.9079999923706056,0.6579999923706055
136.2376308441162,0.7620000243186951,0.6800000071525574,0.7860000133514404,0.9580000042915344,0.9120000004768372,0.6579999923706055
136.24745726585388,0.7620000243186951,0.6840000152587891,0.7860000133514404,0.9660000205039978,0.9160000085830688,0.656000018119812
136.25746822357178,0.7599999904632568,0.6880000233650208,0.7860000133514404,0.972000002861023,0.9240000247955322,0.656000018119812
136.26736402511597,0.7599999904632568,0.6899999976158142,0.7860000133514404,0.977999985218048,0.9279999732971193,0.656000018119812
136.27746486663818,0.7599999904632568,0.6940000057220459,0.7860000133514404,0.984000027179718,0.9319999814033508,0.6539999842643738
136.28755164146423,0.7599999904632568,0.6959999799728394,0.7879999876022339,0.9900000095367432,0.9340000152587892,0.6539999842643738
136.29737043380737,0.7580000162124634,0.699999988079071,0.7879999876022339,0.9980000257492064,0.9399999976158142,0.6539999842643738
136.3082513809204,0.7580000162124634,0.7039999961853027,0.7879999876022339,1.00600004196167,0.944000005722046,0.6539999842643738
136.31807470321655,0.7559999823570251,0.7059999704360962,0.7879999876022339,1.0099999904632568,0.9459999799728394,0.6539999842643738
136.32762694358826,0.7540000081062317,0.7120000123977661,0.7879999876022339,1.0180000066757202,0.949999988079071,0.6539999842643738
136.33798122406006,0.75,0.7160000205039978,0.7879999876022339,1.0260000228881836,0.949999988079071,0.6539999842643738
136.34750938415527,0.7459999918937683,0.7200000286102295,0.7860000133514404,1.031999945640564,0.9520000219345092,0.6539999842643738
136.35739922523499,0.7419999837875366,0.7239999771118164,0.7860000133514404,1.0420000553131104,0.9520000219345092,0.6539999842643738
136.3673710823059,0.7360000014305115,0.7260000109672546,0.7839999794960022,1.0479999780654907,0.949999988079071,0.6539999842643738
136.37747311592102,0.7279999852180481,0.7300000190734863,0.7820000052452087,1.055999994277954,0.949999988079071,0.6539999842643738
136.38738250732422,0.7200000286102295,0.734000027179718,0.7760000228881836,1.062000036239624,0.9459999799728394,0.6539999842643738
136.3974039554596,0.7099999785423279,0.7360000014305115,0.7720000147819519,1.0679999589920044,0.9419999718666076,0.6539999842643738
136.407368183136,0.6959999799728394,0.7379999756813049,0.7639999985694885,1.0720000267028809,0.9340000152587892,0.6539999842643738
136.41739296913147,0.6899999976158142,0.7400000095367432,0.7580000162124634,1.0759999752044678,0.9279999732971193,0.6539999842643738
136.42747521400452,0.6679999828338623,0.7419999837875366,0.7379999756813049,1.0820000171661377,0.9100000262260436,0.6539999842643738
136.4374976158142,0.6520000100135803,0.7419999837875366,0.7239999771118164,1.0839999914169312,0.8820000290870667,0.6539999842643738
136.44783234596252,0.6439999938011169,0.7419999837875366,0.7139999866485596,1.0839999914169312,0.8539999723434448,0.656000018119812
136.45855140686035,0.6380000114440918,0.7419999837875366,0.7059999704360962,1.0839999914169312,0.7919999957084656,0.656000018119812
136.4674301147461,0.6359999775886536,0.7419999837875366,0.6980000138282776,1.0820000171661377,0.7480000257492065,0.656000018119812
136.47744131088257,0.6359999775886536,0.7419999837875366,0.6940000057220459,1.0800000429153442,0.7300000190734863,0.6579999923706055
136.48747730255127,0.6380000114440918,0.7419999837875366,0.6880000233650208,1.0740000009536743,0.7179999947547913,0.6579999923706055
136.49808287620544,0.6399999856948853,0.7400000095367432,0.6819999814033508,1.0679999589920044,0.7099999785423279,0.6579999923706055
136.50748491287231,0.6399999856948853,0.7200000286102295,0.6700000166893005,1.0540000200271606,0.7039999961853027,0.6579999923706055
136.5175998210907,0.6380000114440918,0.6819999814033508,0.6520000100135803,1.0299999713897705,0.7059999704360962,0.6579999923706055
136.527729511261,0.6340000033378601,0.6620000004768372,0.6420000195503235,1.0080000162124634,0.7139999866485596,0.6579999923706055
136.53752207756042,0.6320000290870667,0.6620000004768372,0.6320000290870667,0.9700000286102296,0.7120000123977661,0.6579999923706055
136.54817938804626,0.6299999952316284,0.6620000004768372,0.6320000290870667,0.9380000233650208,0.7020000219345093,0.6579999923706055
136.5584852695465,0.6299999952316284,0.6620000004768372,0.6340000033378601,0.8999999761581421,0.699999988079071,0.6579999923706055
136.56751680374146,0.6299999952316284,0.656000018119812,0.6380000114440918,0.843999981880188,0.7020000219345093,0.6579999923706055
136.57752966880798,0.6299999952316284,0.6539999842643738,0.6420000195503235,0.7860000133514404,0.6959999799728394,0.6579999923706055
136.58744144439697,0.628000020980835,0.6499999761581421,0.6439999938011169,0.7419999837875366,0.6579999923706055,0.6579999923706055
136.59742498397827,0.628000020980835,0.6499999761581421,0.6399999856948853,0.7319999933242798,0.656000018119812,0.6579999923706055
136.60771679878235,0.6299999952316284,0.6499999761581421,0.6399999856948853,0.7319999933242798,0.656000018119812,0.6600000262260437
136.6177113056183,0.6299999952316284,0.6480000019073486,0.6380000114440918,0.7279999852180481,0.656000018119812,0.6600000262260437
136.62753033638,0.6299999952316284,0.6480000019073486,0.6380000114440918,0.7279999852180481,0.656000018119812,0.6620000004768372
136.63755202293396,0.6320000290870667,0.6480000019073486,0.6380000114440918,0.7300000190734863,0.656000018119812,0.6639999747276306
136.64767336845398,0.6320000290870667,0.6480000019073486,0.6380000114440918,0.7319999933242798,0.656000018119812,0.6620000004768372
136.65784335136414,0.6320000290870667,0.6480000019073486,0.6380000114440918,0.7360000014305115,0.656000018119812,0.6620000004768372
136.66786456108093,0.6320000290870667,0.6480000019073486,0.6380000114440918,0.7360000014305115,0.656000018119812,0.6620000004768372
136.67745804786682,0.6320000290870667,0.6480000019073486,0.6380000114440918,0.7379999756813049,0.656000018119812,0.6620000004768372
136.68741512298584,0.6320000290870667,0.6480000019073486,0.6380000114440918,0.7379999756813049,0.656000018119812,0.6620000004768372
136.69733262062073,0.6320000290870667,0.6480000019073486,0.6380000114440918,0.7379999756813049,0.656000018119812,0.6620000004768372
136.70740342140198,0.6320000290870667,0.6480000019073486,0.6380000114440918,0.7360000014305115,0.656000018119812,0.6620000004768372
136.71736526489258,0.6320000290870667,0.6480000019073486,0.6380000114440918,0.7360000014305115,0.656000018119812,0.6620000004768372
136.7273828983307,0.6340000033378601,0.6480000019073486,0.6380000114440918,0.7360000014305115,0.656000018119812,0.6620000004768372
136.73781514167786,0.6340000033378601,0.6480000019073486,0.6380000114440918,0.7360000014305115,0.656000018119812,0.6620000004768372
136.7475197315216,0.6340000033378601,0.6480000019073486,0.6380000114440918,0.7360000014305115,0.656000018119812,0.6620000004768372
136.75790548324585,0.6340000033378601,0.6480000019073486,0.6380000114440918,0.7360000014305115,0.656000018119812,0.6620000004768372
136.7675712108612,0.6340000033378601,0.6480000019073486,0.6380000114440918,0.7360000014305115,0.656000018119812,0.6620000004768372
136.77751684188843,0.6340000033378601,0.6480000019073486,0.6380000114440918,0.7360000014305115,0.656000018119812,0.6620000004768372
136.78739404678345,0.6340000033378601,0.6460000276565552,0.6380000114440918,0.7379999756813049,0.656000018119812,0.6620000004768372
136.79786729812622,0.6340000033378601,0.6480000019073486,0.6380000114440918,0.7379999756813049,0.656000018119812,0.6620000004768372
136.80741143226624,0.6340000033378601,0.6480000019073486,0.6380000114440918,0.7379999756813049,0.656000018119812,0.6620000004768372
136.81745433807373,0.6340000033378601,0.6480000019073486,0.6380000114440918,0.7379999756813049,0.656000018119812,0.6620000004768372
136.82759761810303,0.6340000033378601,0.6480000019073486,0.6380000114440918,0.7379999756813049,0.656000018119812,0.6620000004768372
136.837420463562,0.6340000033378601,0.6460000276565552,0.6380000114440918,0.7379999756813049,0.656000018119812,0.6620000004768372
136.84742903709412,0.6320000290870667,0.6480000019073486,0.6380000114440918,0.7379999756813049,0.656000018119812,0.6620000004768372
136.8596818447113,0.6320000290870667,0.6460000276565552,0.6380000114440918,0.7379999756813049,0.656000018119812,0.6620000004768372
136.86750268936157,0.6340000033378601,0.6480000019073486,0.6380000114440918,0.7379999756813049,0.656000018119812,0.6620000004768372
136.8782684803009,0.6320000290870667,0.6480000019073486,0.6380000114440918,0.7379999756813049,0.656000018119812,0.6620000004768372
136.88812708854675,0.6340000033378601,0.6460000276565552,0.6380000114440918,0.7379999756813049,0.656000018119812,0.6620000004768372
136.89787793159485,0.6340000033378601,0.6480000019073486,0.6380000114440918,0.7379999756813049,0.656000018119812,0.6620000004768372
136.90743780136108,0.6340000033378601,0.6480000019073486,0.6380000114440918,0.7360000014305115,0.656000018119812,0.6620000004768372
136.91753244400024,0.6340000033378601,0.6460000276565552,0.6380000114440918,0.7360000014305115,0.656000018119812,0.6620000004768372
136.9274435043335,0.6340000033378601,0.6460000276565552,0.6380000114440918,0.7360000014305115,0.656000018119812,0.6620000004768372
136.93754863739014,0.6340000033378601,0.6460000276565552,0.6380000114440918,0.7360000014305115,0.6579999923706055,0.6620000004768372
136.94735383987427,0.6340000033378601,0.6460000276565552,0.6380000114440918,0.7360000014305115,0.6579999923706055,0.6620000004768372
136.9574944972992,0.6340000033378601,0.6460000276565552,0.6380000114440918,0.7360000014305115,0.656000018119812,0.6620000004768372
136.96768856048584,0.6340000033378601,0.6460000276565552,0.6380000114440918,0.7360000014305115,0.656000018119812,0.6620000004768372
136.97744512557983,0.6340000033378601,0.6460000276565552,0.6380000114440918,0.7379999756813049,0.656000018119812,0.6620000004768372
136.98766422271729,0.6340000033378601,0.6460000276565552,0.6399999856948853,0.7400000095367432,0.656000018119812,0.6620000004768372
136.99900317192078,0.6359999775886536,0.6460000276565552,0.6420000195503235,0.7379999756813049,0.656000018119812,0.6639999747276306
137.0074372291565,0.6359999775886536,0.6460000276565552,0.6480000019073486,0.7279999852180481,0.6480000019073486,0.671999990940094
137.01739144325256,0.6380000114440918,0.6460000276565552,0.6539999842643738,0.7239999771118164,0.6460000276565552,0.6819999814033508
137.02731561660767,0.6420000195503235,0.6439999938011169,0.6639999747276306,0.7200000286102295,0.6420000195503235,0.7200000286102295
137.0373890399933,0.6520000100135803,0.6420000195503235,0.6800000071525574,0.7200000286102295,0.6359999775886536,0.7279999852180481
137.04740476608276,0.6660000085830688,0.6420000195503235,0.6899999976158142,0.7200000286102295,0.6499999761581421,0.7260000109672546
137.05736422538757,0.6639999747276306,0.6439999938011169,0.6940000057220459,0.7379999756813049,0.6539999842643738,0.7179999947547913
137.0675024986267,0.6679999828338623,0.6439999938011169,0.7039999961853027,0.7440000176429749,0.6740000247955322,0.7099999785423279
137.07868933677673,0.6919999718666077,0.6399999856948853,0.7139999866485596,0.7540000081062317,0.7360000014305115,0.7059999704360962
137.0875368118286,0.7039999961853027,0.6399999856948853,0.7200000286102295,0.7620000243186951,0.7559999823570251,0.6980000138282776
137.09771633148193,0.7120000123977661,0.6399999856948853,0.7239999771118164,0.7639999985694885,0.765999972820282,0.6980000138282776
137.10737681388855,0.7200000286102295,0.6420000195503235,0.7279999852180481,0.7739999890327454,0.7799999713897705,0.6980000138282776
137.1174087524414,0.7279999852180481,0.6420000195503235,0.7319999933242798,0.7839999794960022,0.7900000214576721,0.6980000138282776
137.12748312950134,0.734000027179718,0.6439999938011169,0.7379999756813049,0.8019999861717224,0.8019999861717224,0.6959999799728394
137.13776087760925,0.7400000095367432,0.6439999938011169,0.7440000176429749,0.8140000104904175,0.8140000104904175,0.6940000057220459
137.1474187374115,0.7440000176429749,0.6460000276565552,0.7480000257492065,0.8240000009536743,0.8220000267028809,0.6919999718666077
137.15741300582886,0.7459999918937683,0.6460000276565552,0.7540000081062317,0.8320000171661377,0.8299999833106995,0.6899999976158142
137.16759943962097,0.7480000257492065,0.6460000276565552,0.7559999823570251,0.8360000252723694,0.8360000252723694,0.6880000233650208
137.17740750312805,0.75,0.6460000276565552,0.7580000162124634,0.8399999737739563,0.8399999737739563,0.6880000233650208
137.1876401901245,0.7519999742507935,0.6460000276565552,0.7599999904632568,0.8399999737739563,0.8420000076293945,0.6859999895095825
137.1981008052826,0.7540000081062317,0.6480000019073486,0.7620000243186951,0.8399999737739563,0.8420000076293945,0.6840000152587891
137.2076005935669,0.7540000081062317,0.6480000019073486,0.7639999985694885,0.8379999995231628,0.8420000076293945,0.6819999814033508
137.21753573417664,0.7559999823570251,0.6480000019073486,0.7639999985694885,0.8379999995231628,0.8399999737739563,0.6800000071525574
137.2274525165558,0.7559999823570251,0.6480000019073486,0.7639999985694885,0.8360000252723694,0.8379999995231628,0.6779999732971191
137.23735880851746,0.7580000162124634,0.6480000019073486,0.7639999985694885,0.8339999914169312,0.8360000252723694,0.6759999990463257
137.24741888046265,0.7580000162124634,0.6480000019073486,0.765999972820282,0.8320000171661377,0.8339999914169312,0.6740000247955322
137.25748014450073,0.7580000162124634,0.6480000019073486,0.765999972820282,0.8320000171661377,0.8320000171661377,0.671999990940094
137.26731896400452,0.7580000162124634,0.6499999761581421,0.765999972820282,0.8299999833106995,0.8299999833106995,0.671999990940094
137.27763676643372,0.7599999904632568,0.6499999761581421,0.765999972820282,0.828000009059906,0.8259999752044678,0.6679999828338623
137.287930727005,0.7599999904632568,0.6499999761581421,0.765999972820282,0.8259999752044678,0.8220000267028809,0.6679999828338623
137.29836082458496,0.7599999904632568,0.6499999761581421,0.765999972820282,0.8259999752044678,0.8180000185966492,0.6679999828338623
137.3074312210083,0.7599999904632568,0.6499999761581421,0.765999972820282,0.8240000009536743,0.8159999847412109,0.6679999828338623
137.31758046150208,0.7620000243186951,0.6499999761581421,0.765999972820282,0.8240000009536743,0.8119999766349792,0.6679999828338623
137.32761001586914,0.7620000243186951,0.6499999761581421,0.7680000066757202,0.8240000009536743,0.8100000023841858,0.6679999828338623
137.3373897075653,0.7620000243186951,0.6499999761581421,0.7680000066757202,0.8240000009536743,0.8080000281333923,0.6679999828338623
137.34756135940552,0.7620000243186951,0.6499999761581421,0.7680000066757202,0.8259999752044678,0.8080000281333923,0.6660000085830688
137.357492685318,0.7639999985694885,0.6520000100135803,0.7699999809265137,0.828000009059906,0.8100000023841858,0.6660000085830688
137.36737203598022,0.7639999985694885,0.6520000100135803,0.7699999809265137,0.8320000171661377,0.8100000023841858,0.6660000085830688
137.37768983840942,0.7639999985694885,0.6520000100135803,0.7720000147819519,0.8339999914169312,0.8119999766349792,0.6660000085830688
137.38747143745422,0.7639999985694885,0.6520000100135803,0.7720000147819519,0.8379999995231628,0.8140000104904175,0.6660000085830688
137.39808464050293,0.7639999985694885,0.6520000100135803,0.7739999890327454,0.8399999737739563,0.8159999847412109,0.6660000085830688
137.40747141838074,0.7639999985694885,0.6520000100135803,0.7739999890327454,0.8420000076293945,0.8220000267028809,0.6660000085830688
137.4173686504364,0.765999972820282,0.6520000100135803,0.7739999890327454,0.8460000157356262,0.828000009059906,0.6660000085830688
137.42747449874878,0.765999972820282,0.6539999842643738,0.7760000228881836,0.8479999899864197,0.8339999914169312,0.6679999828338623
137.43734121322632,0.765999972820282,0.6539999842643738,0.7760000228881836,0.8519999980926514,0.8360000252723694,0.6679999828338623
137.4474220275879,0.765999972820282,0.6539999842643738,0.777999997138977,0.8539999723434448,0.8399999737739563,0.6679999828338623
137.4577498435974,0.765999972820282,0.6539999842643738,0.777999997138977,0.8539999723434448,0.8420000076293945,0.6679999828338623
137.4673936367035,0.765999972820282,0.6539999842643738,0.777999997138977,0.8579999804496765,0.8420000076293945,0.6679999828338623
137.47762632369995,0.7680000066757202,0.6539999842643738,0.7799999713897705,0.8600000143051147,0.843999981880188,0.6679999828338623
137.48794603347778,0.7680000066757202,0.656000018119812,0.7799999713897705,0.8619999885559082,0.843999981880188,0.6679999828338623
137.4982476234436,0.7680000066757202,0.656000018119812,0.7799999713897705,0.8640000224113464,0.8460000157356262,0.6679999828338623
137.5073685646057,0.7680000066757202,0.656000018119812,0.7799999713897705,0.8659999966621399,0.8460000157356262,0.6679999828338623
137.5174162387848,0.7680000066757202,0.656000018119812,0.7820000052452087,0.871999979019165,0.8479999899864197,0.6660000085830688
137.52740049362183,0.765999972820282,0.656000018119812,0.7820000052452087,0.8759999871253967,0.8519999980926514,0.6660000085830688
137.53737044334412,0.765999972820282,0.656000018119812,0.7820000052452087,0.8820000290870667,0.8539999723434448,0.6660000085830688
137.54742050170898,0.765999972820282,0.656000018119812,0.7820000052452087,0.8899999856948853,0.8600000143051147,0.6660000085830688
137.55748343467712,0.7639999985694885,0.6579999923706055,0.7820000052452087,0.8999999761581421,0.8659999966621399,0.6660000085830688
137.56737160682678,0.7639999985694885,0.6579999923706055,0.7820000052452087,0.9079999923706056,0.8740000128746033,0.6660000085830688
137.57752203941345,0.7620000243186951,0.6579999923706055,0.7820000052452087,0.9160000085830688,0.8799999952316284,0.6660000085830688
137.58747935295105,0.7620000243186951,0.6579999923706055,0.7839999794960022,0.9240000247955322,0.8880000114440918,0.6660000085830688
137.5984969139099,0.7599999904632568,0.6579999923706055,0.7839999794960022,0.9300000071525574,0.8960000276565552,0.6660000085830688
137.60762691497803,0.7599999904632568,0.6579999923706055,0.7839999794960022,0.9380000233650208,0.9020000100135804,0.6660000085830688
137.6174705028534,0.7580000162124634,0.6579999923706055,0.7839999794960022,0.9419999718666076,0.9079999923706056,0.6639999747276306
137.62820482254028,0.7580000162124634,0.6579999923706055,0.7839999794960022,0.9480000138282776,0.9139999747276306,0.6639999747276306
137.63803935050964,0.7580000162124634,0.6579999923706055,0.7839999794960022,0.9539999961853028,0.9179999828338624,0.6620000004768372
137.64916110038757,0.7580000162124634,0.6620000004768372,0.7839999794960022,0.959999978542328,0.921999990940094,0.6620000004768372
137.65840601921082,0.7580000162124634,0.6660000085830688,0.7839999794960022,0.9679999947547911,0.9259999990463256,0.6600000262260437
137.66841888427734,0.7559999823570251,0.6679999828338623,0.7860000133514404,0.972000002861023,0.9279999732971193,0.6600000262260437
137.6779749393463,0.7559999823570251,0.671999990940094,0.7860000133514404,0.9800000190734864,0.9319999814033508,0.6600000262260437
137.69484972953796,0.7559999823570251,0.6779999732971191,0.7860000133514404,0.9879999756813048,0.9380000233650208,0.6579999923706055
137.700909614563,0.7559999823570251,0.6779999732971191,0.7860000133514404,0.9879999756813048,0.9380000233650208,0.6579999923706055
137.70855450630188,0.7540000081062317,0.6819999814033508,0.7860000133514404,0.9980000257492064,0.9419999718666076,0.6579999923706055
137.71881818771362,0.7540000081062317,0.6840000152587891,0.7860000133514404,1.003999948501587,0.9459999799728394,0.6579999923706055
137.7305986881256,0.7519999742507935,0.6880000233650208,0.7860000133514404,1.0119999647140503,0.949999988079071,0.6579999923706055
137.74054098129272,0.7519999742507935,0.6919999718666077,0.7860000133514404,1.0160000324249268,0.9520000219345092,0.6579999923706055
137.7472789287567,0.75,0.6959999799728394,0.7860000133514404,1.02400004863739,0.9539999961853028,0.6579999923706055
137.75731086730957,0.7459999918937683,0.6980000138282776,0.7860000133514404,1.0299999713897705,0.9580000042915344,0.6579999923706055
137.76736664772034,0.7440000176429749,0.7020000219345093,0.7860000133514404,1.0360000133514404,0.959999978542328,0.6579999923706055
137.77730321884155,0.7400000095367432,0.7039999961853027,0.7860000133514404,1.0460000038146973,0.959999978542328,0.6579999923706055
137.78771376609802,0.734000027179718,0.7080000042915344,0.7839999794960022,1.0540000200271606,0.962000012397766,0.6579999923706055
137.79729223251343,0.7300000190734863,0.7099999785423279,0.7839999794960022,1.059999942779541,0.9639999866485596,0.656000018119812
137.8075454235077,0.7260000109672546,0.7139999866485596,0.7820000052452087,1.065999984741211,0.9639999866485596,0.656000018119812
137.8174250125885,0.7200000286102295,0.7160000205039978,0.777999997138977,1.0700000524520874,0.9639999866485596,0.6579999923706055
137.82722234725952,0.7099999785423279,0.7200000286102295,0.7720000147819519,1.0759999752044678,0.959999978542328,0.6579999923706055
137.83736491203308,0.6980000138282776,0.7239999771118164,0.765999972820282,1.0820000171661377,0.9580000042915344,0.656000018119812
137.8473768234253,0.6880000233650208,0.7260000109672546,0.7580000162124634,1.0859999656677246,0.9559999704360962,0.6579999923706055
137.85726165771484,0.6759999990463257,0.7279999852180481,0.7459999918937683,1.0880000591278076,0.949999988079071,0.656000018119812
137.86737847328186,0.6639999747276306,0.7319999933242798,0.7300000190734863,1.093999981880188,0.9419999718666076,0.656000018119812
137.8774709701538,0.6539999842643738,0.7319999933242798,0.7160000205039978,1.0959999561309814,0.9300000071525574,0.656000018119812
137.88932967185974,0.6480000019073486,0.734000027179718,0.7039999961853027,1.0980000495910645,0.8840000033378601,0.656000018119812
137.8995382785797,0.6460000276565552,0.734000027179718,0.6959999799728394,1.100000023841858,0.8299999833106995,0.656000018119812
137.90775179862976,0.6460000276565552,0.734000027179718,0.6880000233650208,1.100000023841858,0.7720000147819519,0.656000018119812
137.9179084300995,0.6460000276565552,0.7319999933242798,0.6800000071525574,1.0980000495910645,0.7360000014305115,0.6579999923706055
137.93001341819763,0.6439999938011169,0.7300000190734863,0.6779999732971191,1.0959999561309814,0.7200000286102295,0.6579999923706055
137.9379642009735,0.6439999938011169,0.7239999771118164,0.6700000166893005,1.090000033378601,0.7059999704360962,0.6579999923706055
137.94950795173645,0.6420000195503235,0.7059999704360962,0.6660000085830688,1.0839999914169312,0.6980000138282776,0.6579999923706055
137.95796823501587,0.6420000195503235,0.6700000166893005,0.6499999761581421,1.0700000524520874,0.6959999799728394,0.6579999923706055
137.96777820587158,0.6420000195503235,0.6620000004768372,0.6399999856948853,1.0460000038146973,0.7080000042915344,0.6579999923706055
137.97759342193604,0.6380000114440918,0.6600000262260437,0.6320000290870667,1.02400004863739,0.7039999961853027,0.6579999923706055
137.98757982254028,0.6340000033378601,0.6539999842643738,0.6299999952316284,0.9879999756813048,0.7139999866485596,0.6600000262260437
137.99754405021667,0.6320000290870667,0.6499999761581421,0.628000020980835,0.9520000219345092,0.7099999785423279,0.6600000262260437
138.00775408744812,0.6320000290870667,0.6480000019073486,0.628000020980835,0.921999990940094,0.7080000042915344,0.6600000262260437
138.0191252231598,0.6320000290870667,0.6480000019073486,0.6320000290870667,0.8799999952316284,0.7080000042915344,0.6600000262260437
138.02800583839417,0.6299999952316284,0.6480000019073486,0.6359999775886536,0.8100000023841858,0.7020000219345093,0.6600000262260437
138.0391948223114,0.6299999952316284,0.6439999938011169,0.6359999775886536,0.7559999823570251,0.6700000166893005,0.6600000262260437
138.0481686592102,0.628000020980835,0.6460000276565552,0.6359999775886536,0.7360000014305115,0.6579999923706055,0.6600000262260437
138.0577962398529,0.6299999952316284,0.6460000276565552,0.6359999775886536,0.722000002861023,0.6579999923706055,0.6600000262260437
138.0676622390747,0.6320000290870667,0.6460000276565552,0.6380000114440918,0.7200000286102295,0.6579999923706055,0.6740000247955322
138.07781863212585,0.6320000290870667,0.6460000276565552,0.6380000114440918,0.7300000190734863,0.656000018119812,0.6639999747276306
138.08779501914978,0.6320000290870667,0.6460000276565552,0.6380000114440918,0.7360000014305115,0.656000018119812,0.6639999747276306
138.09782099723816,0.6320000290870667,0.6460000276565552,0.6380000114440918,0.7440000176429749,0.656000018119812,0.6620000004768372
138.1077365875244,0.6320000290870667,0.6460000276565552,0.6380000114440918,0.7440000176429749,0.656000018119812,0.6620000004768372
138.11854815483093,0.6320000290870667,0.6460000276565552,0.6380000114440918,0.7440000176429749,0.656000018119812,0.6620000004768372
138.1288936138153,0.6320000290870667,0.6460000276565552,0.6380000114440918,0.7440000176429749,0.656000018119812,0.6620000004768372
138.1384792327881,0.6320000290870667,0.6460000276565552,0.6380000114440918,0.7459999918937683,0.656000018119812,0.6620000004768372
138.14883089065552,0.6320000290870667,0.6460000276565552,0.6380000114440918,0.7459999918937683,0.656000018119812,0.6620000004768372
138.15848469734192,0.6320000290870667,0.6460000276565552,0.6380000114440918,0.7459999918937683,0.656000018119812,0.6620000004768372
138.167387008667,0.6320000290870667,0.6460000276565552,0.6380000114440918,0.7459999918937683,0.656000018119812,0.6620000004768372
138.17750668525696,0.6320000290870667,0.6460000276565552,0.6380000114440918,0.7440000176429749,0.656000018119812,0.6620000004768372
138.1875560283661,0.6320000290870667,0.6460000276565552,0.6380000114440918,0.7440000176429749,0.656000018119812,0.6620000004768372
138.1974561214447,0.6320000290870667,0.6460000276565552,0.6380000114440918,0.7440000176429749,0.656000018119812,0.6620000004768372
138.20751023292542,0.6320000290870667,0.6460000276565552,0.6380000114440918,0.7440000176429749,0.656000018119812,0.6620000004768372
138.21729350090027,0.6320000290870667,0.6460000276565552,0.6380000114440918,0.7419999837875366,0.656000018119812,0.6620000004768372
138.22774267196655,0.6340000033378601,0.6460000276565552,0.6380000114440918,0.7419999837875366,0.656000018119812,0.6620000004768372
138.23823928833008,0.6340000033378601,0.6460000276565552,0.6380000114440918,0.7419999837875366,0.656000018119812,0.6620000004768372
138.25026059150696,0.6340000033378601,0.6460000276565552,0.6380000114440918,0.7419999837875366,0.656000018119812,0.6620000004768372
138.25732922554016,0.6320000290870667,0.6460000276565552,0.6380000114440918,0.7419999837875366,0.6579999923706055,0.6620000004768372
138.26749181747437,0.6320000290870667,0.6460000276565552,0.6380000114440918,0.7419999837875366,0.656000018119812,0.6620000004768372
138.27728962898254,0.6320000290870667,0.6460000276565552,0.6380000114440918,0.7419999837875366,0.656000018119812,0.6620000004768372
138.2874937057495,0.6340000033378601,0.6460000276565552,0.6380000114440918,0.7419999837875366,0.656000018119812,0.6620000004768372
138.29737401008606,0.6320000290870667,0.6460000276565552,0.6380000114440918,0.7419999837875366,0.656000018119812,0.6620000004768372
138.30748867988586,0.6320000290870667,0.6460000276565552,0.6380000114440918,0.7440000176429749,0.656000018119812,0.6620000004768372
138.31743097305298,0.6320000290870667,0.6460000276565552,0.6380000114440918,0.7440000176429749,0.656000018119812,0.6620000004768372
138.32794451713562,0.6340000033378601,0.6460000276565552,0.6380000114440918,0.7440000176429749,0.6579999923706055,0.6620000004768372
138.33744382858276,0.6340000033378601,0.6460000276565552,0.6380000114440918,0.7440000176429749,0.6579999923706055,0.6620000004768372
138.3473801612854,0.6340000033378601,0.6460000276565552,0.6380000114440918,0.7419999837875366,0.656000018119812,0.6620000004768372
138.35800004005432,0.6340000033378601,0.6460000276565552,0.6380000114440918,0.7419999837875366,0.656000018119812,0.6620000004768372
138.3673598766327,0.6340000033378601,0.6460000276565552,0.6380000114440918,0.7419999837875366,0.656000018119812,0.6620000004768372
138.37736988067627,0.6340000033378601,0.6460000276565552,0.6380000114440918,0.7419999837875366,0.6579999923706055,0.6620000004768372
138.38756394386292,0.6340000033378601,0.6460000276565552,0.6380000114440918,0.7419999837875366,0.6579999923706055,0.6620000004768372
138.39743542671204,0.6340000033378601,0.6460000276565552,0.6380000114440918,0.7400000095367432,0.6579999923706055,0.6620000004768372
138.4074249267578,0.6340000033378601,0.6460000276565552,0.6380000114440918,0.7400000095367432,0.6579999923706055,0.6620000004768372
138.41750502586365,0.6340000033378601,0.6460000276565552,0.6380000114440918,0.7400000095367432,0.6579999923706055,0.6620000004768372
138.42729687690735,0.6340000033378601,0.6460000276565552,0.6399999856948853,0.7400000095367432,0.656000018119812,0.6620000004768372
138.43820142745972,0.6340000033378601,0.6460000276565552,0.6439999938011169,0.7360000014305115,0.6539999842643738,0.6660000085830688
138.44772672653198,0.6340000033378601,0.6460000276565552,0.6480000019073486,0.7319999933242798,0.6460000276565552,0.6700000166893005
138.45751476287842,0.6399999856948853,0.6439999938011169,0.6539999842643738,0.7260000109672546,0.6439999938011169,0.6759999990463257
138.46806716918945,0.6420000195503235,0.6439999938011169,0.6539999842643738,0.722000002861023,0.6439999938011169,0.699999988079071
138.4774296283722,0.6340000033378601,0.6420000195503235,0.6679999828338623,0.7179999947547913,0.6420000195503235,0.7260000109672546
138.4873354434967,0.6600000262260437,0.6420000195503235,0.6740000247955322,0.722000002861023,0.6399999856948853,0.7239999771118164
138.49752140045166,0.6700000166893005,0.6420000195503235,0.6819999814033508,0.7279999852180481,0.6480000019073486,0.7179999947547913
138.50742101669312,0.671999990940094,0.6420000195503235,0.6919999718666077,0.7440000176429749,0.6520000100135803,0.7080000042915344
138.51741790771484,0.6880000233650208,0.6399999856948853,0.7059999704360962,0.7480000257492065,0.7239999771118164,0.7039999961853027
138.5273895263672,0.7059999704360962,0.6420000195503235,0.7160000205039978,0.7580000162124634,0.7440000176429749,0.6959999799728394
138.53733777999878,0.722000002861023,0.6420000195503235,0.7239999771118164,0.7720000147819519,0.7639999985694885,0.6880000233650208
138.54937744140625,0.7319999933242798,0.6439999938011169,0.7279999852180481,0.7919999957084656,0.777999997138977,0.6859999895095825
138.5575156211853,0.7400000095367432,0.6460000276565552,0.7360000014305115,0.8199999928474426,0.7960000038146973,0.6859999895095825
138.56752562522888,0.7440000176429749,0.6499999761581421,0.7440000176429749,0.8379999995231628,0.8059999942779541,0.6859999895095825
138.57734632492065,0.7459999918937683,0.6499999761581421,0.7480000257492065,0.8500000238418579,0.8140000104904175,0.6840000152587891
138.5878746509552,0.7480000257492065,0.6499999761581421,0.7519999742507935,0.8579999804496765,0.8220000267028809,0.6840000152587891
138.5974690914154,0.75,0.6499999761581421,0.7559999823570251,0.8659999966621399,0.8299999833106995,0.6800000071525574
138.60738801956177,0.7519999742507935,0.6499999761581421,0.7580000162124634,0.8740000128746033,0.8360000252723694,0.6800000071525574
138.61732459068298,0.7519999742507935,0.6499999761581421,0.7599999904632568,0.8759999871253967,0.8399999737739563,0.6779999732971191
138.6273124217987,0.7519999742507935,0.6499999761581421,0.7620000243186951,0.878000020980835,0.8399999737739563,0.6759999990463257
138.63753700256348,0.7519999742507935,0.6499999761581421,0.7620000243186951,0.8799999952316284,0.8420000076293945,0.6740000247955322
138.64794754981995,0.7519999742507935,0.6499999761581421,0.7620000243186951,0.8799999952316284,0.8420000076293945,0.6740000247955322
138.65735721588135,0.7519999742507935,0.6499999761581421,0.7620000243186951,0.8820000290870667,0.843999981880188,0.6740000247955322
138.6675729751587,0.7519999742507935,0.6499999761581421,0.7620000243186951,0.8820000290870667,0.843999981880188,0.671999990940094
138.67735481262207,0.75,0.6499999761581421,0.7620000243186951,0.8820000290870667,0.8460000157356262,0.671999990940094
138.68742656707764,0.75,0.6499999761581421,0.7620000243186951,0.8820000290870667,0.8479999899864197,0.6740000247955322
138.6978189945221,0.75,0.6499999761581421,0.7620000243186951,0.8799999952316284,0.8500000238418579,0.6740000247955322
138.70750856399536,0.75,0.6499999761581421,0.7620000243186951,0.8799999952316284,0.8519999980926514,0.6740000247955322
138.7178304195404,0.7480000257492065,0.6499999761581421,0.7620000243186951,0.8799999952316284,0.8519999980926514,0.6740000247955322
138.72805547714233,0.7480000257492065,0.6499999761581421,0.7599999904632568,0.8799999952316284,0.8539999723434448,0.6740000247955322
138.73753213882446,0.7480000257492065,0.6499999761581421,0.7599999904632568,0.878000020980835,0.8560000061988831,0.6759999990463257
138.74741315841675,0.7480000257492065,0.6499999761581421,0.7599999904632568,0.878000020980835,0.8579999804496765,0.6759999990463257
138.75771260261536,0.7480000257492065,0.6499999761581421,0.7620000243186951,0.878000020980835,0.8600000143051147,0.6759999990463257
138.76742029190063,0.7480000257492065,0.6499999761581421,0.7620000243186951,0.878000020980835,0.8619999885559082,0.6759999990463257
138.77746653556824,0.7480000257492065,0.6499999761581421,0.7620000243186951,0.878000020980835,0.8619999885559082,0.6779999732971191
138.7874538898468,0.7480000257492065,0.6499999761581421,0.7620000243186951,0.878000020980835,0.8640000224113464,0.6779999732971191
138.79728603363037,0.7480000257492065,0.6499999761581421,0.7639999985694885,0.878000020980835,0.8659999966621399,0.6800000071525574
138.80747151374817,0.7480000257492065,0.6499999761581421,0.7639999985694885,0.8799999952316284,0.8659999966621399,0.6800000071525574
138.8175458908081,0.75,0.6499999761581421,0.7639999985694885,0.8799999952316284,0.8679999709129333,0.6800000071525574
138.82732510566711,0.75,0.6499999761581421,0.765999972820282,0.8820000290870667,0.8679999709129333,0.6800000071525574
138.83746004104614,0.75,0.6499999761581421,0.765999972820282,0.8840000033378601,0.8700000047683716,0.6800000071525574
138.84742283821106,0.7519999742507935,0.6499999761581421,0.765999972820282,0.8880000114440918,0.871999979019165,0.6800000071525574
138.8584930896759,0.7519999742507935,0.6520000100135803,0.7680000066757202,0.8899999856948853,0.8759999871253967,0.6800000071525574
138.8684220314026,0.7519999742507935,0.6520000100135803,0.7680000066757202,0.8960000276565552,0.878000020980835,0.6800000071525574
138.87742805480957,0.7519999742507935,0.6520000100135803,0.7680000066757202,0.8999999761581421,0.8799999952316284,0.6800000071525574
138.88742113113403,0.7519999742507935,0.6520000100135803,0.7699999809265137,0.9039999842643738,0.8840000033378601,0.6800000071525574
138.89745712280273,0.7540000081062317,0.6539999842643738,0.7699999809265137,0.9100000262260436,0.8859999775886536,0.6800000071525574
138.90739464759827,0.7540000081062317,0.6539999842643738,0.7720000147819519,0.9139999747276306,0.8880000114440918,0.6800000071525574
138.91734981536865,0.7540000081062317,0.6539999842643738,0.7720000147819519,0.9179999828338624,0.8920000195503235,0.6800000071525574
138.9274492263794,0.7540000081062317,0.6539999842643738,0.7739999890327454,0.921999990940094,0.8960000276565552,0.6779999732971191
138.93737721443176,0.7540000081062317,0.6539999842643738,0.7739999890327454,0.9259999990463256,0.8980000019073486,0.6779999732971191
138.94730591773987,0.7540000081062317,0.6539999842643738,0.7739999890327454,0.9300000071525574,0.9020000100135804,0.6779999732971191
138.95733499526978,0.7540000081062317,0.6539999842643738,0.7739999890327454,0.9319999814033508,0.9039999842643738,0.6779999732971191
138.96746683120728,0.7540000081062317,0.656000018119812,0.7760000228881836,0.9380000233650208,0.906000018119812,0.6759999990463257
138.9774239063263,0.7540000081062317,0.656000018119812,0.7760000228881836,0.9419999718666076,0.9100000262260436,0.6759999990463257
138.98737788200378,0.7540000081062317,0.656000018119812,0.7760000228881836,0.944000005722046,0.9120000004768372,0.6759999990463257
138.99743676185608,0.7519999742507935,0.656000018119812,0.7760000228881836,0.949999988079071,0.9160000085830688,0.6740000247955322
139.00743293762207,0.7519999742507935,0.6579999923706055,0.777999997138977,0.9559999704360962,0.9200000166893004,0.671999990940094
139.01729917526245,0.7519999742507935,0.6579999923706055,0.777999997138977,0.959999978542328,0.9240000247955322,0.671999990940094
139.027428150177,0.75,0.6579999923706055,0.777999997138977,0.9660000205039978,0.9279999732971193,0.6700000166893005
139.03772830963135,0.75,0.6579999923706055,0.777999997138977,0.9700000286102296,0.9300000071525574,0.6679999828338623
139.04745435714722,0.7480000257492065,0.6579999923706055,0.777999997138977,0.9760000109672546,0.9340000152587892,0.6679999828338623
139.05749702453613,0.7480000257492065,0.6579999923706055,0.7799999713897705,0.9819999933242798,0.9359999895095824,0.6660000085830688
139.0681495666504,0.7480000257492065,0.6579999923706055,0.7799999713897705,0.9860000014305116,0.9399999976158142,0.6620000004768372
139.07750177383423,0.7459999918937683,0.6579999923706055,0.7799999713897705,0.9919999837875366,0.944000005722046,0.6600000262260437
139.08742141723633,0.7459999918937683,0.6579999923706055,0.7799999713897705,0.9980000257492064,0.9459999799728394,0.6579999923706055
139.09747219085693,0.7459999918937683,0.656000018119812,0.7820000052452087,1.003999948501587,0.949999988079071,0.6579999923706055
139.1073226928711,0.7440000176429749,0.6579999923706055,0.7820000052452087,1.0119999647140503,0.9539999961853028,0.656000018119812
139.1174476146698,0.7440000176429749,0.6639999747276306,0.7820000052452087,1.0160000324249268,0.9539999961853028,0.656000018119812
139.1274812221527,0.7440000176429749,0.6700000166893005,0.7820000052452087,1.0219999551773071,0.9580000042915344,0.656000018119812
139.13790369033813,0.7440000176429749,0.6759999990463257,0.7839999794960022,1.0299999713897705,0.962000012397766,0.656000018119812
139.14762163162231,0.7419999837875366,0.6779999732971191,0.7839999794960022,1.0360000133514404,0.9639999866485596,0.6539999842643738
139.1576428413391,0.7400000095367432,0.6840000152587891,0.7839999794960022,1.0440000295639038,0.9660000205039978,0.6539999842643738
139.16742134094238,0.7400000095367432,0.6880000233650208,0.7839999794960022,1.0499999523162842,0.9679999947547911,0.6539999842643738
139.17775535583496,0.7360000014305115,0.6919999718666077,0.7839999794960022,1.0579999685287476,0.9700000286102296,0.6539999842643738
139.18775916099548,0.7319999933242798,0.6959999799728394,0.7839999794960022,1.065999984741211,0.9700000286102296,0.6539999842643738
139.19745993614197,0.7279999852180481,0.699999988079071,0.7820000052452087,1.0720000267028809,0.972000002861023,0.6539999842643738
139.20741629600525,0.722000002861023,0.7059999704360962,0.7820000052452087,1.0779999494552612,0.972000002861023,0.6539999842643738
139.2173936367035,0.7160000205039978,0.7099999785423279,0.777999997138977,1.0839999914169312,0.972000002861023,0.6539999842643738
139.2274136543274,0.7059999704360962,0.7139999866485596,0.7739999890327454,1.0880000591278076,0.9679999947547911,0.6539999842643738
139.23742508888245,0.6919999718666077,0.7179999947547913,0.765999972820282,1.0920000076293943,0.9660000205039978,0.6539999842643738
139.24751567840576,0.6779999732971191,0.7200000286102295,0.7580000162124634,1.0959999561309814,0.962000012397766,0.6539999842643738
139.25730085372925,0.6639999747276306,0.7239999771118164,0.7440000176429749,1.1019999980926514,0.9539999961853028,0.6539999842643738
139.26898741722107,0.6520000100135803,0.7260000109672546,0.7200000286102295,1.1059999465942385,0.9419999718666076,0.6539999842643738
139.2775273323059,0.6480000019073486,0.7260000109672546,0.7059999704360962,1.1080000400543213,0.9139999747276306,0.6539999842643738
139.28738713264465,0.6460000276565552,0.7279999852180481,0.6919999718666077,1.1100000143051147,0.8339999914169312,0.6520000100135803
139.2979736328125,0.6460000276565552,0.7279999852180481,0.6859999895095825,1.1119999885559082,0.777999997138977,0.6520000100135803
139.3074986934662,0.6460000276565552,0.7260000109672546,0.6779999732971191,1.1119999885559082,0.7440000176429749,0.6539999842643738
139.31732201576233,0.6420000195503235,0.722000002861023,0.6679999828338623,1.1100000143051147,0.7279999852180481,0.6539999842643738
139.3274748325348,0.6399999856948853,0.7039999961853027,0.6620000004768372,1.1019999980926514,0.7120000123977661,0.6539999842643738
139.3374617099762,0.6380000114440918,0.6639999747276306,0.6439999938011169,1.0859999656677246,0.699999988079071,0.656000018119812
139.34730696678162,0.6399999856948853,0.6620000004768372,0.6359999775886536,1.0720000267028809,0.699999988079071,0.656000018119812
139.3573920726776,0.6380000114440918,0.6579999923706055,0.6299999952316284,1.0399999618530271,0.7099999785423279,0.656000018119812
139.3674018383026,0.6340000033378601,0.6520000100135803,0.628000020980835,1.003999948501587,0.7200000286102295,0.656000018119812
139.37749767303467,0.6299999952316284,0.6460000276565552,0.6259999871253967,0.9700000286102296,0.7099999785423279,0.656000018119812
139.38748812675476,0.6299999952316284,0.6460000276565552,0.6259999871253967,0.9240000247955322,0.7020000219345093,0.656000018119812
139.3976559638977,0.6299999952316284,0.6460000276565552,0.6299999952316284,0.871999979019165,0.7059999704360962,0.6579999923706055
139.4075117111206,0.6299999952316284,0.6420000195503235,0.6340000033378601,0.7860000133514404,0.6919999718666077,0.6579999923706055
139.41747403144836,0.628000020980835,0.6439999938011169,0.6320000290870667,0.7400000095367432,0.6660000085830688,0.6579999923706055
139.42912077903748,0.6299999952316284,0.6439999938011169,0.6340000033378601,0.7279999852180481,0.6579999923706055,0.6579999923706055
139.43750739097595,0.6320000290870667,0.6439999938011169,0.6359999775886536,0.722000002861023,0.6579999923706055,0.671999990940094
139.44739294052124,0.6320000290870667,0.6439999938011169,0.6380000114440918,0.7260000109672546,0.656000018119812,0.6620000004768372
139.45758700370789,0.6320000290870667,0.6439999938011169,0.6380000114440918,0.7379999756813049,0.656000018119812,0.6620000004768372
139.4674460887909,0.6320000290870667,0.6439999938011169,0.6380000114440918,0.7459999918937683,0.656000018119812,0.6620000004768372
139.47744488716125,0.6340000033378601,0.6439999938011169,0.6359999775886536,0.7459999918937683,0.656000018119812,0.6620000004768372
139.48753690719604,0.6340000033378601,0.6439999938011169,0.6359999775886536,0.7459999918937683,0.656000018119812,0.6620000004768372
139.49741578102112,0.6340000033378601,0.6439999938011169,0.6359999775886536,0.7459999918937683,0.656000018119812,0.6620000004768372
139.50734663009644,0.6340000033378601,0.6439999938011169,0.6359999775886536,0.7459999918937683,0.656000018119812,0.6620000004768372
139.51748204231262,0.6340000033378601,0.6439999938011169,0.6359999775886536,0.7440000176429749,0.656000018119812,0.6620000004768372
139.52960634231567,0.6340000033378601,0.6439999938011169,0.6359999775886536,0.7419999837875366,0.656000018119812,0.6620000004768372
139.53831481933594,0.6340000033378601,0.6439999938011169,0.6359999775886536,0.7419999837875366,0.656000018119812,0.6620000004768372
139.54739260673523,0.6340000033378601,0.6439999938011169,0.6359999775886536,0.7400000095367432,0.656000018119812,0.6620000004768372
139.55736136436462,0.6340000033378601,0.6439999938011169,0.6359999775886536,0.7400000095367432,0.656000018119812,0.6620000004768372
139.5672836303711,0.6340000033378601,0.6439999938011169,0.6359999775886536,0.7400000095367432,0.656000018119812,0.6620000004768372
139.57729196548462,0.6340000033378601,0.6439999938011169,0.6359999775886536,0.7400000095367432,0.656000018119812,0.6620000004768372
139.58740830421448,0.6340000033378601,0.6460000276565552,0.6359999775886536,0.7400000095367432,0.656000018119812,0.6620000004768372
139.59738779067993,0.6340000033378601,0.6460000276565552,0.6359999775886536,0.7419999837875366,0.656000018119812,0.6620000004768372
139.60729956626892,0.6340000033378601,0.6460000276565552,0.6359999775886536,0.7419999837875366,0.656000018119812,0.6620000004768372
139.6176896095276,0.6340000033378601,0.6460000276565552,0.6359999775886536,0.7419999837875366,0.656000018119812,0.6620000004768372
139.62747526168823,0.6340000033378601,0.6460000276565552,0.6359999775886536,0.7419999837875366,0.656000018119812,0.6620000004768372
139.63815021514893,0.6340000033378601,0.6460000276565552,0.6359999775886536,0.7419999837875366,0.656000018119812,0.6620000004768372
139.64785861968994,0.6340000033378601,0.6460000276565552,0.6359999775886536,0.7400000095367432,0.656000018119812,0.6620000004768372
139.65733909606934,0.6340000033378601,0.6460000276565552,0.6359999775886536,0.7400000095367432,0.656000018119812,0.6620000004768372
139.66731452941895,0.6340000033378601,0.6460000276565552,0.6359999775886536,0.7400000095367432,0.6539999842643738,0.6620000004768372
139.6775255203247,0.6340000033378601,0.6460000276565552,0.6359999775886536,0.7400000095367432,0.6539999842643738,0.6620000004768372
139.6873824596405,0.6340000033378601,0.6439999938011169,0.6359999775886536,0.7400000095367432,0.6539999842643738,0.6620000004768372
139.69743847846985,0.6340000033378601,0.6460000276565552,0.6359999775886536,0.7400000095367432,0.6539999842643738,0.6620000004768372
139.7072856426239,0.6340000033378601,0.6439999938011169,0.6359999775886536,0.7400000095367432,0.6539999842643738,0.6620000004768372
139.7173731327057,0.6340000033378601,0.6439999938011169,0.6359999775886536,0.7400000095367432,0.6539999842643738,0.6620000004768372
139.7273075580597,0.6359999775886536,0.6439999938011169,0.6359999775886536,0.7400000095367432,0.656000018119812,0.6600000262260437
139.7379412651062,0.6359999775886536,0.6439999938011169,0.6359999775886536,0.7400000095367432,0.656000018119812,0.6600000262260437
139.74760127067566,0.6359999775886536,0.6439999938011169,0.6359999775886536,0.7379999756813049,0.656000018119812,0.6600000262260437
139.7591426372528,0.6359999775886536,0.6439999938011169,0.6359999775886536,0.7379999756813049,0.656000018119812,0.6600000262260437
139.76745080947876,0.6359999775886536,0.6439999938011169,0.6359999775886536,0.7379999756813049,0.656000018119812,0.6600000262260437
139.77738094329834,0.6359999775886536,0.6439999938011169,0.6359999775886536,0.7400000095367432,0.656000018119812,0.6600000262260437
139.7874789237976,0.6359999775886536,0.6439999938011169,0.6359999775886536,0.7419999837875366,0.656000018119812,0.6600000262260437
139.79736590385437,0.6359999775886536,0.6439999938011169,0.6420000195503235,0.734000027179718,0.6539999842643738,0.6679999828338623
139.8077359199524,0.6380000114440918,0.6439999938011169,0.6420000195503235,0.7319999933242798,0.6520000100135803,0.6859999895095825
139.81738877296448,0.6399999856948853,0.6439999938011169,0.6439999938011169,0.7279999852180481,0.6480000019073486,0.7080000042915344
139.82737636566162,0.6460000276565552,0.6420000195503235,0.6499999761581421,0.7260000109672546,0.6420000195503235,0.7139999866485596
139.83735251426697,0.6480000019073486,0.6399999856948853,0.6520000100135803,0.7239999771118164,0.6420000195503235,0.7080000042915344
139.84740447998047,0.6399999856948853,0.6399999856948853,0.6579999923706055,0.7179999947547913,0.6420000195503235,0.7179999947547913
139.85777616500854,0.656000018119812,0.6399999856948853,0.6700000166893005,0.7179999947547913,0.6359999775886536,0.7200000286102295
139.8677270412445,0.6700000166893005,0.6399999856948853,0.6819999814033508,0.7179999947547913,0.6380000114440918,0.7160000205039978
139.87784361839294,0.6819999814033508,0.6420000195503235,0.6940000057220459,0.7400000095367432,0.6399999856948853,0.7080000042915344
139.8874740600586,0.6959999799728394,0.6399999856948853,0.7059999704360962,0.7519999742507935,0.7059999704360962,0.7020000219345093
139.8974084854126,0.7039999961853027,0.6399999856948853,0.7139999866485596,0.765999972820282,0.7319999933242798,0.6980000138282776
139.90732288360596,0.7120000123977661,0.6420000195503235,0.7239999771118164,0.7860000133514404,0.7639999985694885,0.6959999799728394
139.91725635528564,0.7179999947547913,0.6399999856948853,0.7279999852180481,0.8080000281333923,0.7839999794960022,0.6959999799728394
139.92751550674438,0.722000002861023,0.6420000195503235,0.7319999933242798,0.8240000009536743,0.7979999780654907,0.6959999799728394
139.93742203712463,0.7279999852180481,0.6420000195503235,0.7379999756813049,0.843999981880188,0.8140000104904175,0.6959999799728394
139.947589635849,0.7319999933242798,0.6420000195503235,0.7419999837875366,0.8519999980926514,0.8240000009536743,0.6959999799728394
139.95774483680725,0.7360000014305115,0.6439999938011169,0.7459999918937683,0.8600000143051147,0.8339999914169312,0.6940000057220459
139.9677083492279,0.7379999756813049,0.6460000276565552,0.75,0.8640000224113464,0.8399999737739563,0.6919999718666077
139.977933883667,0.7400000095367432,0.6460000276565552,0.7519999742507935,0.8679999709129333,0.843999981880188,0.6899999976158142
139.98740243911743,0.7419999837875366,0.6460000276565552,0.7540000081062317,0.8700000047683716,0.8479999899864197,0.6899999976158142
139.99753642082214,0.7419999837875366,0.6480000019073486,0.7559999823570251,0.871999979019165,0.8479999899864197,0.6880000233650208
140.0073001384735,0.7440000176429749,0.6480000019073486,0.7559999823570251,0.871999979019165,0.8460000157356262,0.6859999895095825
140.017427444458,0.7459999918937683,0.6480000019073486,0.7580000162124634,0.871999979019165,0.843999981880188,0.6840000152587891
140.0273871421814,0.7459999918937683,0.6480000019073486,0.7580000162124634,0.8740000128746033,0.843999981880188,0.6819999814033508
140.03802680969238,0.7480000257492065,0.6499999761581421,0.7599999904632568,0.8759999871253967,0.8420000076293945,0.6800000071525574
140.0473439693451,0.7480000257492065,0.6499999761581421,0.7599999904632568,0.878000020980835,0.8399999737739563,0.6800000071525574
140.05791592597961,0.75,0.6499999761581421,0.7599999904632568,0.8799999952316284,0.8360000252723694,0.6779999732971191
140.06764340400696,0.7519999742507935,0.6499999761581421,0.7620000243186951,0.8820000290870667,0.8299999833106995,0.6759999990463257
140.0782492160797,0.7519999742507935,0.6520000100135803,0.7620000243186951,0.8840000033378601,0.828000009059906,0.6740000247955322
140.08773803710938,0.7540000081062317,0.6520000100135803,0.7639999985694885,0.8859999775886536,0.8259999752044678,0.671999990940094
140.09752893447876,0.7540000081062317,0.6539999842643738,0.7639999985694885,0.8880000114440918,0.8240000009536743,0.671999990940094
140.10735392570496,0.7540000081062317,0.6539999842643738,0.765999972820282,0.8920000195503235,0.8240000009536743,0.6700000166893005
140.1173493862152,0.7559999823570251,0.656000018119812,0.765999972820282,0.8960000276565552,0.8240000009536743,0.6679999828338623
140.12748551368713,0.7559999823570251,0.656000018119812,0.7680000066757202,0.8980000019073486,0.8259999752044678,0.6679999828338623
140.13731479644775,0.7559999823570251,0.6579999923706055,0.7680000066757202,0.8999999761581421,0.8259999752044678,0.6679999828338623
140.14734983444214,0.7580000162124634,0.6600000262260437,0.7699999809265137,0.9039999842643738,0.828000009059906,0.6679999828338623
140.15802264213562,0.7580000162124634,0.6600000262260437,0.7699999809265137,0.9079999923706056,0.8299999833106995,0.6679999828338623
140.16733288764954,0.7580000162124634,0.6620000004768372,0.7720000147819519,0.9120000004768372,0.8339999914169312,0.6700000166893005
140.1773281097412,0.7580000162124634,0.6620000004768372,0.7720000147819519,0.9160000085830688,0.8399999737739563,0.6700000166893005
140.18754720687866,0.7580000162124634,0.6639999747276306,0.7739999890327454,0.9200000166893004,0.8460000157356262,0.6700000166893005
140.19731163978577,0.7599999904632568,0.6679999828338623,0.7739999890327454,0.9259999990463256,0.8500000238418579,0.6700000166893005
140.20739078521729,0.7599999904632568,0.671999990940094,0.7760000228881836,0.9300000071525574,0.8560000061988831,0.6700000166893005
140.21752166748047,0.7599999904632568,0.6740000247955322,0.7760000228881836,0.9359999895095824,0.8619999885559082,0.6700000166893005
140.2274830341339,0.7620000243186951,0.6779999732971191,0.777999997138977,0.9419999718666076,0.8659999966621399,0.6700000166893005
140.23749256134033,0.7620000243186951,0.6779999732971191,0.777999997138977,0.944000005722046,0.8679999709129333,0.6700000166893005
140.24742078781128,0.7620000243186951,0.6800000071525574,0.777999997138977,0.9459999799728394,0.8700000047683716,0.6679999828338623
140.25808596611023,0.7620000243186951,0.6819999814033508,0.7799999713897705,0.9480000138282776,0.871999979019165,0.6679999828338623
140.26753401756287,0.7620000243186951,0.6840000152587891,0.7799999713897705,0.949999988079071,0.8740000128746033,0.6679999828338623
140.27741622924805,0.7620000243186951,0.6840000152587891,0.7799999713897705,0.949999988079071,0.8759999871253967,0.6679999828338623
140.28729367256165,0.7620000243186951,0.6840000152587891,0.7799999713897705,0.949999988079071,0.878000020980835,0.6679999828338623
140.29729866981506,0.7620000243186951,0.6859999895095825,0.7799999713897705,0.9520000219345092,0.878000020980835,0.6679999828338623
140.30734634399414,0.7620000243186951,0.6859999895095825,0.7820000052452087,0.9520000219345092,0.8799999952316284,0.6679999828338623
140.31793642044067,0.7620000243186951,0.6880000233650208,0.7820000052452087,0.9539999961853028,0.8820000290870667,0.6660000085830688
140.32777500152588,0.7620000243186951,0.6899999976158142,0.7820000052452087,0.9559999704360962,0.8840000033378601,0.6660000085830688
140.33740735054016,0.7620000243186951,0.6919999718666077,0.7820000052452087,0.9559999704360962,0.8840000033378601,0.6660000085830688
140.3473527431488,0.7599999904632568,0.6919999718666077,0.7820000052452087,0.9580000042915344,0.8899999856948853,0.6660000085830688
140.35733294487,0.7599999904632568,0.6940000057220459,0.7820000052452087,0.959999978542328,0.8939999938011169,0.6639999747276306
140.371488571167,0.7599999904632568,0.6959999799728394,0.7839999794960022,0.962000012397766,0.8980000019073486,0.6639999747276306
140.3780062198639,0.7599999904632568,0.699999988079071,0.7839999794960022,0.9660000205039978,0.9020000100135804,0.6620000004768372
140.3873918056488,0.7599999904632568,0.7020000219345093,0.7839999794960022,0.9679999947547911,0.906000018119812,0.6600000262260437
140.3974804878235,0.7580000162124634,0.7039999961853027,0.7839999794960022,0.972000002861023,0.9100000262260436,0.6579999923706055
140.40733194351196,0.7580000162124634,0.7059999704360962,0.7839999794960022,0.9760000109672546,0.9139999747276306,0.6579999923706055
140.41731142997742,0.7580000162124634,0.7080000042915344,0.7839999794960022,0.9819999933242798,0.9160000085830688,0.6579999923706055
140.42738127708435,0.7580000162124634,0.7120000123977661,0.7839999794960022,0.9879999756813048,0.9200000166893004,0.6579999923706055
140.43818283081055,0.7559999823570251,0.7139999866485596,0.7839999794960022,0.9919999837875366,0.921999990940094,0.656000018119812
140.44735527038574,0.7559999823570251,0.7179999947547913,0.7839999794960022,1.0,0.9240000247955322,0.656000018119812
140.4576392173767,0.7540000081062317,0.7200000286102295,0.7839999794960022,1.00600004196167,0.9279999732971193,0.656000018119812
140.4672908782959,0.7540000081062317,0.7239999771118164,0.7839999794960022,1.0099999904632568,0.9340000152587892,0.656000018119812
140.47795605659485,0.7519999742507935,0.7279999852180481,0.7860000133514404,1.0160000324249268,0.9380000233650208,0.656000018119812
140.48783326148987,0.7519999742507935,0.7300000190734863,0.7860000133514404,1.0260000228881836,0.9399999976158142,0.656000018119812
140.49748492240906,0.75,0.7319999933242798,0.7839999794960022,1.031999945640564,0.9419999718666076,0.656000018119812
140.50743961334229,0.7459999918937683,0.734000027179718,0.7839999794960022,1.037999987602234,0.944000005722046,0.656000018119812
140.51742553710938,0.7440000176429749,0.7360000014305115,0.7839999794960022,1.0440000295639038,0.9459999799728394,0.656000018119812
140.52785563468933,0.7400000095367432,0.7400000095367432,0.7839999794960022,1.0520000457763672,0.9480000138282776,0.656000018119812
140.53739380836487,0.734000027179718,0.7419999837875366,0.7820000052452087,1.0579999685287476,0.949999988079071,0.656000018119812
140.54758381843567,0.7279999852180481,0.7440000176429749,0.7820000052452087,1.0640000104904177,0.9520000219345092,0.656000018119812
140.55762028694153,0.7239999771118164,0.7480000257492065,0.7760000228881836,1.0700000524520874,0.949999988079071,0.656000018119812
140.567480802536,0.7120000123977661,0.75,0.7699999809265137,1.0759999752044678,0.9480000138282776,0.656000018119812
140.5778157711029,0.7039999961853027,0.7519999742507935,0.765999972820282,1.0779999494552612,0.944000005722046,0.656000018119812
140.58742332458496,0.6899999976158142,0.7519999742507935,0.7559999823570251,1.0839999914169312,0.9399999976158142,0.656000018119812
140.5974085330963,0.6800000071525574,0.7540000081062317,0.7459999918937683,1.0859999656677246,0.9359999895095824,0.656000018119812
140.60735869407654,0.6660000085830688,0.7540000081062317,0.734000027179718,1.090000033378601,0.9279999732971193,0.656000018119812
140.61773109436035,0.656000018119812,0.7559999823570251,0.7200000286102295,1.0920000076293943,0.9020000100135804,0.656000018119812
140.62728548049927,0.6480000019073486,0.7559999823570251,0.7120000123977661,1.093999981880188,0.8579999804496765,0.656000018119812
140.63745164871216,0.6460000276565552,0.7580000162124634,0.699999988079071,1.093999981880188,0.7979999780654907,0.656000018119812
140.64745211601257,0.6460000276565552,0.7580000162124634,0.6919999718666077,1.0920000076293943,0.7620000243186951,0.6579999923706055
140.65754866600037,0.6439999938011169,0.7580000162124634,0.6840000152587891,1.0880000591278076,0.7379999756813049,0.6579999923706055
140.6673800945282,0.6439999938011169,0.7580000162124634,0.6779999732971191,1.0820000171661377,0.7139999866485596,0.6579999923706055
140.67858457565308,0.6420000195503235,0.7599999904632568,0.6700000166893005,1.0759999752044678,0.7099999785423279,0.6579999923706055
140.6879003047943,0.6399999856948853,0.7519999742507935,0.6460000276565552,1.065999984741211,0.7039999961853027,0.6579999923706055
140.6976089477539,0.6340000033378601,0.7300000190734863,0.6320000290870667,1.0479999780654907,0.7179999947547913,0.6579999923706055
140.7073016166687,0.6340000033378601,0.7099999785423279,0.6299999952316284,1.02400004863739,0.7139999866485596,0.6600000262260437
140.7173364162445,0.6299999952316284,0.6800000071525574,0.628000020980835,0.9860000014305116,0.6940000057220459,0.6600000262260437
140.72746539115906,0.628000020980835,0.6639999747276306,0.628000020980835,0.9580000042915344,0.6859999895095825,0.6600000262260437
140.73752760887146,0.628000020980835,0.6620000004768372,0.628000020980835,0.9139999747276306,0.6759999990463257,0.6600000262260437
140.74739170074463,0.628000020980835,0.6600000262260437,0.628000020980835,0.8659999966621399,0.6840000152587891,0.6600000262260437
140.75745582580566,0.628000020980835,0.6539999842643738,0.6320000290870667,0.7979999780654907,0.6899999976158142,0.6600000262260437
140.76738476753235,0.628000020980835,0.6480000019073486,0.6340000033378601,0.7440000176429749,0.671999990940094,0.6600000262260437
140.77734875679016,0.628000020980835,0.6480000019073486,0.6320000290870667,0.7279999852180481,0.6639999747276306,0.6600000262260437
140.7882297039032,0.6299999952316284,0.6480000019073486,0.6320000290870667,0.7179999947547913,0.6579999923706055,0.6620000004768372
140.7974672317505,0.6320000290870667,0.6460000276565552,0.6340000033378601,0.722000002861023,0.6579999923706055,0.6740000247955322
140.80746841430664,0.6320000290870667,0.6460000276565552,0.6359999775886536,0.7260000109672546,0.6579999923706055,0.6639999747276306
140.81750917434692,0.6320000290870667,0.6480000019073486,0.6359999775886536,0.7360000014305115,0.6579999923706055,0.6639999747276306
140.8285036087036,0.6320000290870667,0.6460000276565552,0.6359999775886536,0.7419999837875366,0.6600000262260437,0.6620000004768372
140.83833122253418,0.6320000290870667,0.6460000276565552,0.6340000033378601,0.7440000176429749,0.6679999828338623,0.6639999747276306
140.84732031822205,0.6320000290870667,0.6460000276565552,0.6340000033378601,0.7440000176429749,0.6679999828338623,0.6639999747276306
140.85754323005676,0.6320000290870667,0.6460000276565552,0.6340000033378601,0.7440000176429749,0.6679999828338623,0.6639999747276306
140.86742568016052,0.6320000290870667,0.6480000019073486,0.6340000033378601,0.7440000176429749,0.6660000085830688,0.6639999747276306
140.87742471694946,0.6320000290870667,0.6460000276565552,0.6340000033378601,0.7440000176429749,0.6660000085830688,0.6639999747276306
140.88758373260498,0.6320000290870667,0.6460000276565552,0.6340000033378601,0.7419999837875366,0.6660000085830688,0.6639999747276306
140.89929795265198,0.6320000290870667,0.6460000276565552,0.6340000033378601,0.7419999837875366,0.6639999747276306,0.6639999747276306
140.90746021270752,0.6320000290870667,0.6460000276565552,0.6340000033378601,0.7419999837875366,0.6639999747276306,0.6639999747276306
140.9174222946167,0.6320000290870667,0.6460000276565552,0.6340000033378601,0.7400000095367432,0.6639999747276306,0.6639999747276306
140.9273760318756,0.6320000290870667,0.6460000276565552,0.6340000033378601,0.7400000095367432,0.6639999747276306,0.6639999747276306
140.93829035758972,0.6320000290870667,0.6460000276565552,0.6340000033378601,0.7400000095367432,0.6639999747276306,0.6639999747276306
140.9482033252716,0.6340000033378601,0.6460000276565552,0.6340000033378601,0.7400000095367432,0.6639999747276306,0.6639999747276306
140.9575297832489,0.6340000033378601,0.6460000276565552,0.6340000033378601,0.7400000095367432,0.6639999747276306,0.6639999747276306
140.96745681762695,0.6340000033378601,0.6460000276565552,0.6340000033378601,0.7400000095367432,0.6639999747276306,0.6639999747276306
140.97776412963867,0.6340000033378601,0.6460000276565552,0.6340000033378601,0.7400000095367432,0.6620000004768372,0.6639999747276306
140.9872715473175,0.6340000033378601,0.6460000276565552,0.6340000033378601,0.7400000095367432,0.6620000004768372,0.6639999747276306
140.9973258972168,0.6340000033378601,0.6460000276565552,0.6340000033378601,0.7400000095367432,0.6620000004768372,0.6639999747276306
141.0073688030243,0.6340000033378601,0.6460000276565552,0.6340000033378601,0.7379999756813049,0.6600000262260437,0.6639999747276306
141.01757431030273,0.6340000033378601,0.6460000276565552,0.6340000033378601,0.7379999756813049,0.6600000262260437,0.6639999747276306
141.02751326560974,0.6340000033378601,0.6460000276565552,0.6340000033378601,0.7360000014305115,0.6600000262260437,0.6639999747276306
141.0378007888794,0.6340000033378601,0.6460000276565552,0.6340000033378601,0.734000027179718,0.6600000262260437,0.6620000004768372
141.04741144180298,0.6340000033378601,0.6460000276565552,0.6340000033378601,0.734000027179718,0.6600000262260437,0.6620000004768372
141.05791592597961,0.6340000033378601,0.6460000276565552,0.6359999775886536,0.7319999933242798,0.6579999923706055,0.6620000004768372
141.0677728652954,0.6340000033378601,0.6460000276565552,0.6359999775886536,0.7319999933242798,0.6579999923706055,0.6620000004768372
141.07783913612366,0.6340000033378601,0.6460000276565552,0.6359999775886536,0.7300000190734863,0.6579999923706055,0.6620000004768372
141.0873680114746,0.6340000033378601,0.6460000276565552,0.6359999775886536,0.7300000190734863,0.6579999923706055,0.6620000004768372
141.0975320339203,0.6359999775886536,0.6460000276565552,0.6359999775886536,0.7300000190734863,0.6579999923706055,0.6620000004768372
141.10737252235413,0.6359999775886536,0.6460000276565552,0.6359999775886536,0.7300000190734863,0.6579999923706055,0.6620000004768372
141.11752080917358,0.6359999775886536,0.6460000276565552,0.6359999775886536,0.7279999852180481,0.6579999923706055,0.6620000004768372
141.12882018089294,0.6359999775886536,0.6460000276565552,0.6359999775886536,0.7279999852180481,0.6579999923706055,0.6620000004768372
141.13735961914062,0.6359999775886536,0.6460000276565552,0.6359999775886536,0.7300000190734863,0.6579999923706055,0.6600000262260437
141.1476128101349,0.6340000033378601,0.6460000276565552,0.6399999856948853,0.7300000190734863,0.6579999923706055,0.6679999828338623
141.15737867355347,0.6359999775886536,0.6460000276565552,0.6439999938011169,0.7239999771118164,0.6539999842643738,0.6740000247955322
141.16792130470276,0.6359999775886536,0.6460000276565552,0.6480000019073486,0.722000002861023,0.6480000019073486,0.6940000057220459
141.17841815948486,0.6399999856948853,0.6460000276565552,0.6579999923706055,0.722000002861023,0.6420000195503235,0.7200000286102295
141.18741583824158,0.6320000290870667,0.6439999938011169,0.6679999828338623,0.7020000219345093,0.6460000276565552,0.7279999852180481
141.19741034507751,0.6439999938011169,0.6420000195503235,0.6840000152587891,0.7020000219345093,0.6359999775886536,0.7260000109672546
141.20732712745667,0.656000018119812,0.6439999938011169,0.6980000138282776,0.7120000123977661,0.656000018119812,0.7160000205039978
141.21744418144226,0.656000018119812,0.6439999938011169,0.7020000219345093,0.7319999933242798,0.6859999895095825,0.7120000123977661
141.2279613018036,0.671999990940094,0.6420000195503235,0.7120000123977661,0.7379999756813049,0.7400000095367432,0.7059999704360962
141.23754000663757,0.6880000233650208,0.6420000195503235,0.7200000286102295,0.7519999742507935,0.765999972820282,0.6940000057220459
141.24760699272156,0.7020000219345093,0.6439999938011169,0.7239999771118164,0.7860000133514404,0.7820000052452087,0.6919999718666077
141.25742435455322,0.7139999866485596,0.6420000195503235,0.7279999852180481,0.8119999766349792,0.7960000038146973,0.6919999718666077
141.26733303070068,0.7200000286102295,0.6420000195503235,0.734000027179718,0.828000009059906,0.8080000281333923,0.6899999976158142
141.27803349494934,0.7279999852180481,0.6439999938011169,0.7400000095367432,0.8399999737739563,0.8180000185966492,0.6899999976158142
141.28738570213318,0.734000027179718,0.6439999938011169,0.7440000176429749,0.8460000157356262,0.8259999752044678,0.6899999976158142
141.29756617546082,0.7379999756813049,0.6439999938011169,0.7480000257492065,0.8500000238418579,0.8299999833106995,0.6880000233650208
141.30736351013184,0.7419999837875366,0.6439999938011169,0.7519999742507935,0.8539999723434448,0.8339999914169312,0.6859999895095825
141.31755137443542,0.7440000176429749,0.6439999938011169,0.7540000081062317,0.8579999804496765,0.8379999995231628,0.6840000152587891
141.32738757133484,0.7440000176429749,0.6439999938011169,0.7559999823570251,0.8619999885559082,0.8379999995231628,0.6819999814033508
141.33756709098816,0.7459999918937683,0.6460000276565552,0.7559999823570251,0.8619999885559082,0.8399999737739563,0.6800000071525574
141.34748435020447,0.7459999918937683,0.6460000276565552,0.7559999823570251,0.8619999885559082,0.8399999737739563,0.6800000071525574
141.35739636421204,0.7480000257492065,0.6460000276565552,0.7580000162124634,0.8619999885559082,0.8399999737739563,0.6779999732971191
141.36728954315186,0.7480000257492065,0.6460000276565552,0.7580000162124634,0.8619999885559082,0.8399999737739563,0.6779999732971191
141.3779900074005,0.7480000257492065,0.6460000276565552,0.7580000162124634,0.8600000143051147,0.8399999737739563,0.6779999732971191
141.387544631958,0.7480000257492065,0.6439999938011169,0.7580000162124634,0.8600000143051147,0.8399999737739563,0.6759999990463257
141.39743566513062,0.7480000257492065,0.6460000276565552,0.7580000162124634,0.8579999804496765,0.8379999995231628,0.6759999990463257
141.40747356414795,0.7480000257492065,0.6460000276565552,0.7580000162124634,0.8560000061988831,0.8379999995231628,0.6759999990463257
141.4175670146942,0.7480000257492065,0.6460000276565552,0.7580000162124634,0.8539999723434448,0.8360000252723694,0.6759999990463257
141.42732739448547,0.7480000257492065,0.6460000276565552,0.7580000162124634,0.8519999980926514,0.8339999914169312,0.6759999990463257
141.43942379951477,0.75,0.6460000276565552,0.7599999904632568,0.8500000238418579,0.8320000171661377,0.6759999990463257
141.44729447364807,0.75,0.6460000276565552,0.7599999904632568,0.8460000157356262,0.8299999833106995,0.6759999990463257
141.45735883712769,0.7519999742507935,0.6460000276565552,0.7599999904632568,0.8460000157356262,0.828000009059906,0.6759999990463257
141.46724343299866,0.7519999742507935,0.6460000276565552,0.7599999904632568,0.843999981880188,0.8259999752044678,0.6759999990463257
141.47739005088806,0.7519999742507935,0.6460000276565552,0.7599999904632568,0.8420000076293945,0.8240000009536743,0.6759999990463257
141.48858880996704,0.7540000081062317,0.6460000276565552,0.7599999904632568,0.8420000076293945,0.8240000009536743,0.6759999990463257
141.49743628501892,0.7559999823570251,0.6460000276565552,0.7620000243186951,0.843999981880188,0.8259999752044678,0.6740000247955322
141.5075056552887,0.7559999823570251,0.6460000276565552,0.7639999985694885,0.843999981880188,0.8259999752044678,0.6759999990463257
141.51746201515198,0.7559999823570251,0.6460000276565552,0.765999972820282,0.8460000157356262,0.8259999752044678,0.6740000247955322
141.52770948410034,0.7559999823570251,0.6460000276565552,0.765999972820282,0.8479999899864197,0.828000009059906,0.6740000247955322
141.5375030040741,0.7580000162124634,0.6460000276565552,0.7680000066757202,0.8519999980926514,0.8320000171661377,0.6740000247955322
141.54749298095703,0.7580000162124634,0.6460000276565552,0.7680000066757202,0.8560000061988831,0.8339999914169312,0.6759999990463257
141.55762696266174,0.7580000162124634,0.6460000276565552,0.7699999809265137,0.8579999804496765,0.8379999995231628,0.6759999990463257
141.56748938560486,0.7580000162124634,0.6460000276565552,0.7699999809265137,0.8600000143051147,0.8420000076293945,0.6759999990463257
141.57748818397522,0.7599999904632568,0.6460000276565552,0.7699999809265137,0.8619999885559082,0.843999981880188,0.6759999990463257
141.58741068840027,0.7599999904632568,0.6480000019073486,0.7720000147819519,0.8640000224113464,0.8460000157356262,0.6759999990463257
141.5975375175476,0.7599999904632568,0.6480000019073486,0.7720000147819519,0.8659999966621399,0.8479999899864197,0.6759999990463257
141.60750603675842,0.7599999904632568,0.6480000019073486,0.7720000147819519,0.8679999709129333,0.8500000238418579,0.6779999732971191
141.61752009391785,0.7580000162124634,0.6480000019073486,0.7720000147819519,0.8700000047683716,0.8539999723434448,0.6779999732971191
141.62737941741943,0.7580000162124634,0.6480000019073486,0.7739999890327454,0.8740000128746033,0.8600000143051147,0.6800000071525574
141.63740968704224,0.7580000162124634,0.6480000019073486,0.7739999890327454,0.878000020980835,0.8679999709129333,0.6800000071525574
141.6474142074585,0.7559999823570251,0.6480000019073486,0.7739999890327454,0.8840000033378601,0.8759999871253967,0.6819999814033508
141.65769410133362,0.7559999823570251,0.6499999761581421,0.7739999890327454,0.8920000195503235,0.8820000290870667,0.6819999814033508
141.66746950149536,0.7540000081062317,0.6499999761581421,0.7739999890327454,0.8980000019073486,0.8880000114440918,0.6819999814033508
141.67742085456848,0.7540000081062317,0.6499999761581421,0.7760000228881836,0.906000018119812,0.8939999938011169,0.6800000071525574
141.6877429485321,0.7540000081062317,0.6520000100135803,0.7760000228881836,0.9139999747276306,0.8999999761581421,0.6800000071525574
141.69754195213318,0.7540000081062317,0.6520000100135803,0.7760000228881836,0.921999990940094,0.9039999842643738,0.6779999732971191
141.70738339424133,0.7540000081062317,0.6539999842643738,0.777999997138977,0.9279999732971193,0.906000018119812,0.6759999990463257
141.7173466682434,0.7540000081062317,0.6579999923706055,0.777999997138977,0.9359999895095824,0.9120000004768372,0.671999990940094
141.72736525535583,0.7540000081062317,0.6639999747276306,0.777999997138977,0.944000005722046,0.9160000085830688,0.6700000166893005
141.7373402118683,0.7540000081062317,0.6679999828338623,0.7799999713897705,0.9480000138282776,0.9200000166893004,0.6679999828338623
141.74735713005066,0.7540000081062317,0.671999990940094,0.7799999713897705,0.9559999704360962,0.9259999990463256,0.6679999828338623
141.7573220729828,0.7519999742507935,0.6740000247955322,0.7799999713897705,0.962000012397766,0.9300000071525574,0.6660000085830688
141.76748180389404,0.7519999742507935,0.6759999990463257,0.7799999713897705,0.9660000205039978,0.9319999814033508,0.6600000262260437
141.77754497528076,0.7519999742507935,0.6800000071525574,0.7820000052452087,0.972000002861023,0.9380000233650208,0.6579999923706055
141.78749442100525,0.7519999742507935,0.6819999814033508,0.7820000052452087,0.9760000109672546,0.9419999718666076,0.6579999923706055
141.7974283695221,0.7519999742507935,0.6840000152587891,0.7820000052452087,0.977999985218048,0.9419999718666076,0.656000018119812
141.8092405796051,0.7519999742507935,0.6840000152587891,0.7820000052452087,0.9800000190734864,0.944000005722046,0.656000018119812
141.81838631629944,0.75,0.6899999976158142,0.7839999794960022,0.9900000095367432,0.9520000219345092,0.656000018119812
141.82769203186035,0.7480000257492065,0.6959999799728394,0.7839999794960022,1.003999948501587,0.959999978542328,0.656000018119812
141.83856511116028,0.7480000257492065,0.699999988079071,0.7839999794960022,1.0080000162124634,0.962000012397766,0.656000018119812
141.84843373298645,0.7459999918937683,0.7039999961853027,0.7839999794960022,1.0180000066757202,0.9660000205039978,0.6539999842643738
141.858549118042,0.7419999837875366,0.7099999785423279,0.7839999794960022,1.02400004863739,0.9679999947547911,0.656000018119812
141.86803364753723,0.7379999756813049,0.7120000123977661,0.7839999794960022,1.034000039100647,0.9679999947547911,0.656000018119812
141.87753057479858,0.7300000190734863,0.7179999947547913,0.7839999794960022,1.0420000553131104,0.9700000286102296,0.656000018119812
141.88786363601685,0.7260000109672546,0.7200000286102295,0.7820000052452087,1.0479999780654907,0.9700000286102296,0.6539999842643738
141.89838123321533,0.7179999947547913,0.7239999771118164,0.7799999713897705,1.0579999685287476,0.9700000286102296,0.6539999842643738
141.90936708450317,0.7099999785423279,0.7279999852180481,0.7739999890327454,1.0640000104904177,0.9700000286102296,0.656000018119812
141.9180085659027,0.7039999961853027,0.7300000190734863,0.7680000066757202,1.0700000524520874,0.9679999947547911,0.6539999842643738
141.93061804771423,0.6819999814033508,0.734000027179718,0.7559999823570251,1.0779999494552612,0.962000012397766,0.6539999842643738
141.937842130661,0.671999990940094,0.7360000014305115,0.7459999918937683,1.0839999914169312,0.9580000042915344,0.6539999842643738
141.94809436798096,0.6600000262260437,0.7379999756813049,0.734000027179718,1.0859999656677246,0.9520000219345092,0.6539999842643738
141.95814418792725,0.6480000019073486,0.7379999756813049,0.7160000205039978,1.090000033378601,0.9399999976158142,0.6539999842643738
141.96769642829895,0.6439999938011169,0.7400000095367432,0.7080000042915344,1.0920000076293943,0.9179999828338624,0.6539999842643738
141.98026752471924,0.6439999938011169,0.7419999837875366,0.6959999799728394,1.093999981880188,0.8600000143051147,0.6539999842643738
141.98782515525818,0.6439999938011169,0.7419999837875366,0.6840000152587891,1.0959999561309814,0.7860000133514404,0.6539999842643738
141.99764490127563,0.6420000195503235,0.7440000176429749,0.6779999732971191,1.0959999561309814,0.7580000162124634,0.656000018119812
142.0078785419464,0.6399999856948853,0.7419999837875366,0.6700000166893005,1.0920000076293943,0.7360000014305115,0.656000018119812
142.0177400112152,0.6380000114440918,0.7419999837875366,0.6639999747276306,1.0859999656677246,0.7120000123977661,0.656000018119812
142.02844405174255,0.6359999775886536,0.734000027179718,0.6520000100135803,1.0779999494552612,0.699999988079071,0.656000018119812
142.04131174087524,0.6380000114440918,0.7080000042915344,0.6340000033378601,1.0640000104904177,0.7059999704360962,0.656000018119812
142.04779148101807,0.6399999856948853,0.6880000233650208,0.6299999952316284,1.0440000295639038,0.7120000123977661,0.656000018119812
142.0572533607483,0.6320000290870667,0.6639999747276306,0.628000020980835,1.0080000162124634,0.7160000205039978,0.656000018119812
142.0673966407776,0.628000020980835,0.6639999747276306,0.6259999871253967,0.9660000205039978,0.6959999799728394,0.656000018119812
142.07729268074036,0.628000020980835,0.6600000262260437,0.6259999871253967,0.9279999732971193,0.6899999976158142,0.656000018119812
142.08754563331604,0.628000020980835,0.6579999923706055,0.6259999871253967,0.878000020980835,0.6899999976158142,0.656000018119812
142.09736824035645,0.628000020980835,0.6499999761581421,0.6320000290870667,0.7919999957084656,0.6919999718666077,0.6579999923706055
142.10723781585693,0.628000020980835,0.6460000276565552,0.6320000290870667,0.7519999742507935,0.6759999990463257,0.6579999923706055
142.11812281608582,0.628000020980835,0.6460000276565552,0.6299999952316284,0.7459999918937683,0.6639999747276306,0.6579999923706055
142.12886714935303,0.6299999952316284,0.6480000019073486,0.6320000290870667,0.7379999756813049,0.6600000262260437,0.6600000262260437
142.1379997730255,0.6320000290870667,0.6480000019073486,0.6320000290870667,0.7400000095367432,0.6679999828338623,0.671999990940094
142.14955806732178,0.6320000290870667,0.6460000276565552,0.6320000290870667,0.7440000176429749,0.656000018119812,0.6620000004768372
142.15971183776855,0.6320000290870667,0.6460000276565552,0.6320000290870667,0.7540000081062317,0.6620000004768372,0.6620000004768372
142.1678352355957,0.6320000290870667,0.6460000276565552,0.6340000033378601,0.7580000162124634,0.6679999828338623,0.6620000004768372
142.18057656288147,0.6320000290870667,0.6460000276565552,0.6320000290870667,0.7599999904632568,0.6700000166893005,0.6620000004768372
142.18786478042603,0.6320000290870667,0.6460000276565552,0.6320000290870667,0.7580000162124634,0.6679999828338623,0.6620000004768372
142.19815969467163,0.6320000290870667,0.6460000276565552,0.6320000290870667,0.7580000162124634,0.6660000085830688,0.6620000004768372
142.21027731895447,0.6320000290870667,0.6460000276565552,0.6320000290870667,0.7580000162124634,0.6679999828338623,0.6620000004768372
142.21897792816162,0.6320000290870667,0.6460000276565552,0.6320000290870667,0.7580000162124634,0.6679999828338623,0.6620000004768372
142.23158764839172,0.6320000290870667,0.6460000276565552,0.6320000290870667,0.7580000162124634,0.6660000085830688,0.6620000004768372
142.2390251159668,0.6340000033378601,0.6460000276565552,0.6320000290870667,0.7580000162124634,0.6660000085830688,0.6620000004768372
142.2484793663025,0.6340000033378601,0.6460000276565552,0.6320000290870667,0.7580000162124634,0.6639999747276306,0.6620000004768372
142.2591688632965,0.6340000033378601,0.6460000276565552,0.6320000290870667,0.7580000162124634,0.6620000004768372,0.6620000004768372
142.26719212532043,0.6340000033378601,0.6460000276565552,0.6320000290870667,0.7580000162124634,0.6620000004768372,0.6620000004768372
142.2772741317749,0.6340000033378601,0.6460000276565552,0.6320000290870667,0.7580000162124634,0.6620000004768372,0.6620000004768372
142.28717923164368,0.6340000033378601,0.6460000276565552,0.6320000290870667,0.7559999823570251,0.6620000004768372,0.6620000004768372
142.2972011566162,0.6340000033378601,0.6460000276565552,0.6320000290870667,0.7559999823570251,0.6620000004768372,0.6620000004768372
142.30752062797546,0.6340000033378601,0.6460000276565552,0.6320000290870667,0.7559999823570251,0.6620000004768372,0.6620000004768372
142.31807589530945,0.6340000033378601,0.6460000276565552,0.6340000033378601,0.7559999823570251,0.6620000004768372,0.6620000004768372
142.32748079299927,0.6340000033378601,0.6460000276565552,0.6340000033378601,0.7559999823570251,0.6579999923706055,0.6620000004768372
142.3376567363739,0.6340000033378601,0.6460000276565552,0.6340000033378601,0.7540000081062317,0.6579999923706055,0.6620000004768372
142.34728837013245,0.6340000033378601,0.6460000276565552,0.6340000033378601,0.7540000081062317,0.6579999923706055,0.6620000004768372
142.35729384422302,0.6340000033378601,0.6460000276565552,0.6340000033378601,0.7540000081062317,0.6579999923706055,0.6620000004768372
142.36723160743713,0.6340000033378601,0.6460000276565552,0.6340000033378601,0.7540000081062317,0.6579999923706055,0.6620000004768372
142.37720727920532,0.6340000033378601,0.6460000276565552,0.6340000033378601,0.7519999742507935,0.6579999923706055,0.6620000004768372
142.3871669769287,0.6340000033378601,0.6460000276565552,0.6340000033378601,0.7519999742507935,0.6579999923706055,0.6620000004768372
142.39735102653503,0.6340000033378601,0.6460000276565552,0.6320000290870667,0.75,0.6579999923706055,0.6620000004768372
142.40736508369446,0.6340000033378601,0.6460000276565552,0.6340000033378601,0.75,0.656000018119812,0.6620000004768372
142.41737151145935,0.6340000033378601,0.6460000276565552,0.6340000033378601,0.7480000257492065,0.656000018119812,0.6620000004768372
142.43385767936707,0.6340000033378601,0.6460000276565552,0.6340000033378601,0.7480000257492065,0.656000018119812,0.6620000004768372
142.43814182281494,0.6340000033378601,0.6460000276565552,0.6340000033378601,0.7480000257492065,0.6579999923706055,0.6620000004768372
142.44790530204773,0.6359999775886536,0.6460000276565552,0.6340000033378601,0.7459999918937683,0.6579999923706055,0.6620000004768372
142.46050596237183,0.6359999775886536,0.6460000276565552,0.6359999775886536,0.7459999918937683,0.6579999923706055,0.6620000004768372
142.46825242042542,0.6359999775886536,0.6460000276565552,0.6359999775886536,0.7459999918937683,0.6579999923706055,0.6600000262260437
142.4818196296692,0.6359999775886536,0.6460000276565552,0.6359999775886536,0.7459999918937683,0.6579999923706055,0.6600000262260437
142.49049043655396,0.6359999775886536,0.6460000276565552,0.6359999775886536,0.7459999918937683,0.656000018119812,0.6620000004768372
142.49808526039124,0.6340000033378601,0.6460000276565552,0.6380000114440918,0.7440000176429749,0.656000018119812,0.6600000262260437
142.50782370567322,0.6380000114440918,0.6460000276565552,0.6420000195503235,0.7379999756813049,0.6539999842643738,0.6759999990463257
142.51776432991028,0.6380000114440918,0.6460000276565552,0.6439999938011169,0.734000027179718,0.6520000100135803,0.7039999961853027
142.52828001976013,0.6420000195503235,0.6460000276565552,0.656000018119812,0.7260000109672546,0.6439999938011169,0.7139999866485596
142.53839683532715,0.6439999938011169,0.6439999938011169,0.6520000100135803,0.722000002861023,0.6439999938011169,0.7039999961853027
142.54816460609436,0.6480000019073486,0.6420000195503235,0.6579999923706055,0.7160000205039978,0.6359999775886536,0.7039999961853027
142.55763864517212,0.6520000100135803,0.6399999856948853,0.6779999732971191,0.7139999866485596,0.6359999775886536,0.7099999785423279
142.56727409362793,0.6579999923706055,0.6420000195503235,0.6880000233650208,0.7279999852180481,0.6359999775886536,0.7099999785423279
142.57724595069885,0.6700000166893005,0.6420000195503235,0.699999988079071,0.7419999837875366,0.6420000195503235,0.7020000219345093
142.58734941482544,0.6800000071525574,0.6420000195503235,0.7120000123977661,0.7480000257492065,0.7059999704360962,0.6940000057220459
142.59727931022644,0.6880000233650208,0.6420000195503235,0.7200000286102295,0.7559999823570251,0.7300000190734863,0.6919999718666077
142.60728096961975,0.6980000138282776,0.6420000195503235,0.7260000109672546,0.7839999794960022,0.7599999904632568,0.6899999976158142
142.6180350780487,0.7039999961853027,0.6420000195503235,0.7300000190734863,0.8059999942779541,0.7720000147819519,0.6880000233650208
142.62723803520203,0.7139999866485596,0.6420000195503235,0.7379999756813049,0.828000009059906,0.7940000295639038,0.6859999895095825
142.63746404647827,0.722000002861023,0.6420000195503235,0.7459999918937683,0.8460000157356262,0.8100000023841858,0.6840000152587891
142.64737176895142,0.7279999852180481,0.6420000195503235,0.75,0.8539999723434448,0.8180000185966492,0.6819999814033508
142.65734696388245,0.7319999933242798,0.6420000195503235,0.7559999823570251,0.8600000143051147,0.8259999752044678,0.6800000071525574
142.66728925704956,0.7360000014305115,0.6460000276565552,0.7580000162124634,0.8619999885559082,0.828000009059906,0.6779999732971191
142.6771857738495,0.7400000095367432,0.6480000019073486,0.7599999904632568,0.8640000224113464,0.8299999833106995,0.6759999990463257
142.6873185634613,0.7419999837875366,0.6480000019073486,0.7620000243186951,0.8659999966621399,0.8320000171661377,0.6740000247955322
142.69791769981384,0.7440000176429749,0.6499999761581421,0.7639999985694885,0.8640000224113464,0.8320000171661377,0.6740000247955322
142.70811867713928,0.7459999918937683,0.6499999761581421,0.7639999985694885,0.8640000224113464,0.8299999833106995,0.6740000247955322
142.7177894115448,0.7480000257492065,0.6499999761581421,0.7639999985694885,0.8640000224113464,0.828000009059906,0.671999990940094
142.72774457931519,0.7480000257492065,0.6499999761581421,0.765999972820282,0.8619999885559082,0.8259999752044678,0.671999990940094
142.73948311805725,0.75,0.6499999761581421,0.765999972820282,0.8619999885559082,0.8199999928474426,0.6700000166893005
142.74885511398315,0.7519999742507935,0.6499999761581421,0.765999972820282,0.8619999885559082,0.8159999847412109,0.6679999828338623
142.75902462005615,0.7519999742507935,0.6520000100135803,0.765999972820282,0.8619999885559082,0.8119999766349792,0.6679999828338623
142.76859092712402,0.7540000081062317,0.6520000100135803,0.765999972820282,0.8640000224113464,0.8080000281333923,0.6660000085830688
142.77873873710632,0.7540000081062317,0.6520000100135803,0.765999972820282,0.8640000224113464,0.8040000200271606,0.6660000085830688
142.78842163085938,0.7540000081062317,0.6520000100135803,0.7680000066757202,0.8640000224113464,0.7979999780654907,0.6679999828338623
142.8007936477661,0.7540000081062317,0.6520000100135803,0.7680000066757202,0.8659999966621399,0.7940000295639038,0.6679999828338623
142.80813121795654,0.7540000081062317,0.6520000100135803,0.7680000066757202,0.8700000047683716,0.7860000133514404,0.6679999828338623
142.81801629066467,0.7559999823570251,0.6520000100135803,0.7680000066757202,0.871999979019165,0.7839999794960022,0.6679999828338623
142.82931685447693,0.7559999823570251,0.6520000100135803,0.7680000066757202,0.8740000128746033,0.7820000052452087,0.6679999828338623
142.8401324748993,0.7559999823570251,0.6539999842643738,0.7699999809265137,0.878000020980835,0.7820000052452087,0.6679999828338623
142.85167932510376,0.7559999823570251,0.6539999842643738,0.7699999809265137,0.8799999952316284,0.7820000052452087,0.6679999828338623
142.85833883285522,0.7580000162124634,0.6539999842643738,0.7720000147819519,0.8840000033378601,0.7839999794960022,0.6679999828338623
142.86764860153198,0.7580000162124634,0.656000018119812,0.7720000147819519,0.8880000114440918,0.7879999876022339,0.6679999828338623
142.87837934494019,0.7580000162124634,0.656000018119812,0.7739999890327454,0.8899999856948853,0.7919999957084656,0.6679999828338623
142.8882350921631,0.7599999904632568,0.6579999923706055,0.7739999890327454,0.8960000276565552,0.7979999780654907,0.6679999828338623
142.8987157344818,0.7599999904632568,0.6579999923706055,0.7760000228881836,0.8980000019073486,0.8040000200271606,0.6679999828338623
142.90882182121277,0.7599999904632568,0.6600000262260437,0.7760000228881836,0.9039999842643738,0.8100000023841858,0.6679999828338623
142.91823434829712,0.7620000243186951,0.6600000262260437,0.777999997138977,0.9079999923706056,0.8140000104904175,0.6679999828338623
142.927672624588,0.7620000243186951,0.6600000262260437,0.777999997138977,0.9100000262260436,0.8180000185966492,0.6679999828338623
142.9376254081726,0.7620000243186951,0.6600000262260437,0.777999997138977,0.9100000262260436,0.8199999928474426,0.6660000085830688
142.94817471504211,0.7620000243186951,0.6600000262260437,0.7799999713897705,0.9120000004768372,0.8220000267028809,0.6679999828338623
142.96038007736206,0.7620000243186951,0.6600000262260437,0.7799999713897705,0.9120000004768372,0.8220000267028809,0.6660000085830688
142.97012782096863,0.7620000243186951,0.6600000262260437,0.7799999713897705,0.9139999747276306,0.8240000009536743,0.6660000085830688
142.98049807548523,0.7620000243186951,0.6620000004768372,0.7799999713897705,0.9160000085830688,0.8259999752044678,0.6660000085830688
142.98825407028198,0.7620000243186951,0.6620000004768372,0.7799999713897705,0.9200000166893004,0.8320000171661377,0.6660000085830688
142.99726819992065,0.7620000243186951,0.6620000004768372,0.7799999713897705,0.9240000247955322,0.8379999995231628,0.6660000085830688
143.00746250152588,0.7620000243186951,0.6620000004768372,0.7799999713897705,0.9259999990463256,0.843999981880188,0.6660000085830688
143.01729488372803,0.7599999904632568,0.6620000004768372,0.7820000052452087,0.9300000071525574,0.8539999723434448,0.6679999828338623
143.02723264694214,0.7580000162124634,0.6620000004768372,0.7820000052452087,0.9359999895095824,0.8640000224113464,0.6679999828338623
143.03727459907532,0.7580000162124634,0.6639999747276306,0.7820000052452087,0.9380000233650208,0.8740000128746033,0.6679999828338623
143.04754066467285,0.7559999823570251,0.6639999747276306,0.7820000052452087,0.9419999718666076,0.8840000033378601,0.6679999828338623
143.0573878288269,0.7540000081062317,0.6660000085830688,0.7820000052452087,0.9459999799728394,0.8920000195503235,0.6700000166893005
143.06737732887268,0.7540000081062317,0.6660000085830688,0.7820000052452087,0.9480000138282776,0.8999999761581421,0.6700000166893005
143.07737278938293,0.7519999742507935,0.6660000085830688,0.7820000052452087,0.9520000219345092,0.9079999923706056,0.6700000166893005
143.08753371238708,0.7519999742507935,0.6679999828338623,0.7820000052452087,0.9539999961853028,0.9120000004768372,0.6700000166893005
143.09727478027344,0.75,0.6679999828338623,0.7820000052452087,0.9559999704360962,0.9179999828338624,0.6700000166893005
143.10733699798584,0.75,0.6700000166893005,0.7820000052452087,0.959999978542328,0.9200000166893004,0.6700000166893005
143.1173894405365,0.7480000257492065,0.671999990940094,0.7820000052452087,0.9639999866485596,0.9259999990463256,0.6700000166893005
143.12734007835388,0.7480000257492065,0.671999990940094,0.7820000052452087,0.9660000205039978,0.9300000071525574,0.6700000166893005
143.13746094703674,0.7480000257492065,0.6740000247955322,0.7820000052452087,0.9700000286102296,0.9340000152587892,0.6679999828338623
143.14752411842346,0.7459999918937683,0.6759999990463257,0.7820000052452087,0.972000002861023,0.9380000233650208,0.6660000085830688
143.15729212760925,0.7459999918937683,0.6779999732971191,0.7839999794960022,0.977999985218048,0.944000005722046,0.6660000085830688
143.1680850982666,0.7440000176429749,0.6779999732971191,0.7839999794960022,0.9819999933242798,0.9480000138282776,0.6620000004768372
143.17765593528748,0.7419999837875366,0.6819999814033508,0.7839999794960022,0.9879999756813048,0.9539999961853028,0.6620000004768372
143.18771648406982,0.7419999837875366,0.6859999895095825,0.7839999794960022,0.9940000176429749,0.9580000042915344,0.6600000262260437
143.19756436347961,0.7400000095367432,0.6880000233650208,0.7839999794960022,1.0019999742507937,0.9639999866485596,0.6600000262260437
143.207537651062,0.7379999756813049,0.6899999976158142,0.7860000133514404,1.0080000162124634,0.9679999947547911,0.6579999923706055
143.2174825668335,0.7360000014305115,0.6919999718666077,0.7860000133514404,1.0119999647140503,0.9700000286102296,0.6579999923706055
143.2275071144104,0.7300000190734863,0.6940000057220459,0.7860000133514404,1.0199999809265137,0.972000002861023,0.6579999923706055
143.23734068870544,0.7260000109672546,0.6959999799728394,0.7860000133514404,1.0260000228881836,0.972000002861023,0.6579999923706055
143.24762630462646,0.722000002861023,0.6980000138282776,0.7860000133514404,1.0360000133514404,0.9760000109672546,0.6579999923706055
143.25764298439026,0.7160000205039978,0.7020000219345093,0.7839999794960022,1.0440000295639038,0.9760000109672546,0.6579999923706055
143.26743412017822,0.7120000123977661,0.7059999704360962,0.7839999794960022,1.0499999523162842,0.9760000109672546,0.6579999923706055
143.2780578136444,0.7020000219345093,0.7080000042915344,0.7799999713897705,1.0579999685287476,0.9760000109672546,0.6579999923706055
143.2882478237152,0.6859999895095825,0.7120000123977661,0.7760000228881836,1.0640000104904177,0.9760000109672546,0.6579999923706055
143.29755449295044,0.6700000166893005,0.7139999866485596,0.7720000147819519,1.0679999589920044,0.9739999771118164,0.6579999923706055
143.30742526054382,0.6539999842643738,0.7179999947547913,0.7639999985694885,1.0740000009536743,0.9700000286102296,0.6579999923706055
143.31750082969666,0.6480000019073486,0.7200000286102295,0.7540000081062317,1.0779999494552612,0.9679999947547911,0.6579999923706055
143.32750391960144,0.6399999856948853,0.722000002861023,0.7400000095367432,1.0820000171661377,0.9559999704360962,0.656000018119812
143.33750462532043,0.6340000033378601,0.7239999771118164,0.7200000286102295,1.0839999914169312,0.9259999990463256,0.656000018119812
143.34736156463623,0.6340000033378601,0.7239999771118164,0.7080000042915344,1.0839999914169312,0.8579999804496765,0.656000018119812
143.35750889778137,0.6359999775886536,0.7260000109672546,0.6919999718666077,1.0820000171661377,0.7940000295639038,0.6579999923706055
143.36752581596375,0.6359999775886536,0.7279999852180481,0.6859999895095825,1.0800000429153442,0.7599999904632568,0.6579999923706055
143.37758255004883,0.6359999775886536,0.7300000190734863,0.6779999732971191,1.0720000267028809,0.7319999933242798,0.6579999923706055
143.3877329826355,0.6359999775886536,0.722000002861023,0.6679999828338623,1.059999942779541,0.7200000286102295,0.6579999923706055
143.39737749099731,0.6359999775886536,0.6980000138282776,0.6600000262260437,1.0479999780654907,0.7160000205039978,0.6579999923706055
143.40733671188354,0.6359999775886536,0.6679999828338623,0.6420000195503235,1.027999997138977,0.7179999947547913,0.6579999923706055
143.41798281669617,0.6359999775886536,0.6639999747276306,0.6359999775886536,1.0080000162124634,0.7200000286102295,0.6600000262260437
143.42900133132935,0.6340000033378601,0.6620000004768372,0.6299999952316284,0.977999985218048,0.7260000109672546,0.6600000262260437
143.43795490264893,0.628000020980835,0.6600000262260437,0.6299999952316284,0.9419999718666076,0.7160000205039978,0.6600000262260437
143.44816374778748,0.628000020980835,0.6579999923706055,0.628000020980835,0.9100000262260436,0.7120000123977661,0.6600000262260437
143.4590916633606,0.628000020980835,0.6539999842643738,0.6320000290870667,0.8659999966621399,0.7139999866485596,0.6600000262260437
143.4720058441162,0.628000020980835,0.6499999761581421,0.6380000114440918,0.7799999713897705,0.7020000219345093,0.6600000262260437
143.47920203208923,0.628000020980835,0.6480000019073486,0.6380000114440918,0.7620000243186951,0.6940000057220459,0.6600000262260437
143.4903585910797,0.628000020980835,0.6460000276565552,0.6359999775886536,0.722000002861023,0.6579999923706055,0.6600000262260437
143.50060415267944,0.6299999952316284,0.6460000276565552,0.6359999775886536,0.7200000286102295,0.656000018119812,0.6600000262260437
143.5096423625946,0.6299999952316284,0.6460000276565552,0.6359999775886536,0.7179999947547913,0.656000018119812,0.6620000004768372
143.52007865905762,0.6320000290870667,0.6460000276565552,0.6380000114440918,0.7239999771118164,0.656000018119812,0.6679999828338623
143.52826762199402,0.6320000290870667,0.6460000276565552,0.6380000114440918,0.7279999852180481,0.656000018119812,0.6639999747276306
143.53787302970886,0.6320000290870667,0.6460000276565552,0.6380000114440918,0.7360000014305115,0.656000018119812,0.6620000004768372
143.5474820137024,0.6320000290870667,0.6439999938011169,0.6380000114440918,0.7400000095367432,0.656000018119812,0.6620000004768372
143.56033730506897,0.6320000290870667,0.6439999938011169,0.6359999775886536,0.7419999837875366,0.6579999923706055,0.6639999747276306
143.56752800941467,0.6320000290870667,0.6439999938011169,0.6359999775886536,0.7400000095367432,0.6579999923706055,0.6620000004768372
143.57772183418274,0.6320000290870667,0.6439999938011169,0.6359999775886536,0.7400000095367432,0.656000018119812,0.6639999747276306
143.58768582344055,0.6320000290870667,0.6439999938011169,0.6359999775886536,0.7379999756813049,0.656000018119812,0.6639999747276306
143.59747409820557,0.6320000290870667,0.6439999938011169,0.6359999775886536,0.7379999756813049,0.6579999923706055,0.6639999747276306
143.60758566856384,0.6320000290870667,0.6439999938011169,0.6359999775886536,0.7379999756813049,0.6579999923706055,0.6639999747276306
143.61733555793762,0.6320000290870667,0.6439999938011169,0.6359999775886536,0.7360000014305115,0.6579999923706055,0.6639999747276306
143.6275029182434,0.6320000290870667,0.6439999938011169,0.6359999775886536,0.7319999933242798,0.656000018119812,0.6620000004768372
143.6375026702881,0.6320000290870667,0.6439999938011169,0.6359999775886536,0.7319999933242798,0.656000018119812,0.6620000004768372
143.64731788635254,0.6320000290870667,0.6439999938011169,0.6359999775886536,0.7319999933242798,0.656000018119812,0.6620000004768372
143.6573748588562,0.6320000290870667,0.6439999938011169,0.6359999775886536,0.7279999852180481,0.656000018119812,0.6620000004768372
143.66904139518738,0.6320000290870667,0.6439999938011169,0.6359999775886536,0.7279999852180481,0.656000018119812,0.6620000004768372
143.6776008605957,0.6320000290870667,0.6439999938011169,0.6359999775886536,0.7279999852180481,0.656000018119812,0.6620000004768372
143.6895568370819,0.6320000290870667,0.6439999938011169,0.6359999775886536,0.7279999852180481,0.656000018119812,0.6620000004768372
143.6979057788849,0.6320000290870667,0.6439999938011169,0.6359999775886536,0.7279999852180481,0.656000018119812,0.6620000004768372
143.7076060771942,0.6320000290870667,0.6439999938011169,0.6359999775886536,0.7279999852180481,0.656000018119812,0.6620000004768372
143.71739053726196,0.6320000290870667,0.6439999938011169,0.6359999775886536,0.7279999852180481,0.656000018119812,0.6620000004768372
143.7274215221405,0.6320000290870667,0.6439999938011169,0.6359999775886536,0.7260000109672546,0.656000018119812,0.6620000004768372
143.73738265037537,0.6320000290870667,0.6439999938011169,0.6359999775886536,0.7260000109672546,0.656000018119812,0.6620000004768372
143.74757051467896,0.6320000290870667,0.6439999938011169,0.6359999775886536,0.7260000109672546,0.656000018119812,0.6620000004768372
143.7574234008789,0.6320000290870667,0.6439999938011169,0.6359999775886536,0.7260000109672546,0.656000018119812,0.6620000004768372
143.7674641609192,0.6320000290870667,0.6439999938011169,0.6359999775886536,0.7260000109672546,0.656000018119812,0.6620000004768372
143.77740120887756,0.6320000290870667,0.6439999938011169,0.6359999775886536,0.7239999771118164,0.656000018119812,0.6620000004768372
143.78799486160278,0.6320000290870667,0.6439999938011169,0.6359999775886536,0.7239999771118164,0.656000018119812,0.6620000004768372
143.79777002334595,0.6320000290870667,0.6439999938011169,0.6359999775886536,0.7239999771118164,0.656000018119812,0.6620000004768372
143.80812430381775,0.6320000290870667,0.6460000276565552,0.6380000114440918,0.722000002861023,0.656000018119812,0.6620000004768372
143.8173792362213,0.6340000033378601,0.6460000276565552,0.6380000114440918,0.722000002861023,0.656000018119812,0.6620000004768372
143.82764720916748,0.6340000033378601,0.6439999938011169,0.6380000114440918,0.722000002861023,0.6579999923706055,0.6620000004768372
143.8378186225891,0.6340000033378601,0.6439999938011169,0.6380000114440918,0.722000002861023,0.6579999923706055,0.6620000004768372
143.84745836257935,0.6340000033378601,0.6439999938011169,0.6380000114440918,0.722000002861023,0.6579999923706055,0.6620000004768372
143.85739612579346,0.6340000033378601,0.6460000276565552,0.6380000114440918,0.722000002861023,0.6579999923706055,0.6620000004768372
143.8676631450653,0.6340000033378601,0.6460000276565552,0.6380000114440918,0.722000002861023,0.6579999923706055,0.6620000004768372
143.87774658203125,0.6320000290870667,0.6460000276565552,0.6399999856948853,0.722000002861023,0.656000018119812,0.6620000004768372
143.88760709762573,0.6340000033378601,0.6460000276565552,0.6420000195503235,0.7200000286102295,0.6539999842643738,0.6700000166893005
143.89798498153687,0.6340000033378601,0.6460000276565552,0.6439999938011169,0.7139999866485596,0.6539999842643738,0.6800000071525574
143.90828895568848,0.6340000033378601,0.6460000276565552,0.6520000100135803,0.7160000205039978,0.6460000276565552,0.6980000138282776
143.9190993309021,0.6359999775886536,0.6439999938011169,0.6600000262260437,0.7059999704360962,0.6439999938011169,0.7020000219345093
143.92889833450317,0.6380000114440918,0.6420000195503235,0.6800000071525574,0.6940000057220459,0.6380000114440918,0.7120000123977661
143.93852162361145,0.6460000276565552,0.6420000195503235,0.6859999895095825,0.6940000057220459,0.6420000195503235,0.7120000123977661
143.95008778572083,0.6460000276565552,0.6439999938011169,0.6940000057220459,0.7200000286102295,0.6520000100135803,0.7099999785423279
143.95976901054382,0.6460000276565552,0.6420000195503235,0.7039999961853027,0.734000027179718,0.7039999961853027,0.7059999704360962
143.96850562095642,0.6499999761581421,0.6399999856948853,0.7080000042915344,0.7379999756813049,0.7260000109672546,0.699999988079071
143.97759246826172,0.6600000262260437,0.6399999856948853,0.7160000205039978,0.7480000257492065,0.7440000176429749,0.6940000057220459
143.98793601989746,0.6660000085830688,0.6420000195503235,0.7200000286102295,0.7620000243186951,0.7639999985694885,0.6940000057220459
143.99750423431396,0.671999990940094,0.6439999938011169,0.7239999771118164,0.7860000133514404,0.7720000147819519,0.6940000057220459
144.00785064697266,0.6759999990463257,0.6439999938011169,0.7300000190734863,0.8159999847412109,0.7860000133514404,0.6940000057220459
144.0183424949646,0.6779999732971191,0.6420000195503235,0.7300000190734863,0.8220000267028809,0.7940000295639038,0.6940000057220459
144.03049206733704,0.6840000152587891,0.6439999938011169,0.7379999756813049,0.8420000076293945,0.8140000104904175,0.6919999718666077
144.0389039516449,0.6880000233650208,0.6439999938011169,0.7419999837875366,0.8500000238418579,0.8240000009536743,0.6919999718666077
144.04814195632935,0.6919999718666077,0.6420000195503235,0.7480000257492065,0.8619999885559082,0.8320000171661377,0.6899999976158142
144.0576946735382,0.6940000057220459,0.6439999938011169,0.7519999742507935,0.8700000047683716,0.8399999737739563,0.6880000233650208
144.0673487186432,0.6959999799728394,0.6439999938011169,0.7540000081062317,0.871999979019165,0.843999981880188,0.6859999895095825
144.07808661460876,0.699999988079071,0.6439999938011169,0.7559999823570251,0.8759999871253967,0.8500000238418579,0.6859999895095825
144.0877194404602,0.7020000219345093,0.6439999938011169,0.7580000162124634,0.878000020980835,0.8519999980926514,0.6840000152587891
144.09778356552124,0.7039999961853027,0.6439999938011169,0.7580000162124634,0.8799999952316284,0.8519999980926514,0.6819999814033508
144.1081600189209,0.7080000042915344,0.6439999938011169,0.7599999904632568,0.8820000290870667,0.8519999980926514,0.6800000071525574
144.117990732193,0.7099999785423279,0.6439999938011169,0.7599999904632568,0.8820000290870667,0.8500000238418579,0.6779999732971191
144.12771129608154,0.7139999866485596,0.6460000276565552,0.7620000243186951,0.8840000033378601,0.8479999899864197,0.6759999990463257
144.13759684562683,0.7160000205039978,0.6460000276565552,0.7620000243186951,0.8820000290870667,0.843999981880188,0.6759999990463257
144.14930868148804,0.7200000286102295,0.6460000276565552,0.7620000243186951,0.8820000290870667,0.8420000076293945,0.6740000247955322
144.15743923187256,0.722000002861023,0.6460000276565552,0.7639999985694885,0.8840000033378601,0.8360000252723694,0.671999990940094
144.16712975502014,0.7260000109672546,0.6480000019073486,0.7639999985694885,0.8840000033378601,0.8320000171661377,0.671999990940094
144.1771857738495,0.7279999852180481,0.6480000019073486,0.7639999985694885,0.8840000033378601,0.828000009059906,0.6700000166893005
144.18722772598267,0.7300000190734863,0.6480000019073486,0.765999972820282,0.8859999775886536,0.8259999752044678,0.6679999828338623
144.19719290733337,0.7319999933242798,0.6480000019073486,0.765999972820282,0.8899999856948853,0.8259999752044678,0.6679999828338623
144.20721006393433,0.734000027179718,0.6480000019073486,0.765999972820282,0.8920000195503235,0.8240000009536743,0.6679999828338623
144.21727967262268,0.7360000014305115,0.6480000019073486,0.7680000066757202,0.8960000276565552,0.8220000267028809,0.6679999828338623
144.22750115394592,0.7379999756813049,0.6480000019073486,0.7680000066757202,0.8999999761581421,0.8199999928474426,0.6679999828338623
144.23722648620605,0.7400000095367432,0.6499999761581421,0.7680000066757202,0.906000018119812,0.8199999928474426,0.6679999828338623
144.24720764160156,0.7419999837875366,0.6499999761581421,0.7699999809265137,0.9079999923706056,0.8180000185966492,0.6679999828338623
144.257155418396,0.7419999837875366,0.6499999761581421,0.7699999809265137,0.9120000004768372,0.8199999928474426,0.6679999828338623
144.2672746181488,0.7440000176429749,0.6499999761581421,0.7699999809265137,0.9139999747276306,0.8199999928474426,0.6679999828338623
144.27731823921204,0.7440000176429749,0.6520000100135803,0.7720000147819519,0.9179999828338624,0.8199999928474426,0.6679999828338623
144.2873125076294,0.7459999918937683,0.6520000100135803,0.7720000147819519,0.921999990940094,0.8220000267028809,0.6679999828338623
144.2977900505066,0.7459999918937683,0.6539999842643738,0.7739999890327454,0.9240000247955322,0.8240000009536743,0.6679999828338623
144.3088982105255,0.7480000257492065,0.6539999842643738,0.7739999890327454,0.9279999732971193,0.828000009059906,0.6679999828338623
144.3194122314453,0.7480000257492065,0.656000018119812,0.7760000228881836,0.9319999814033508,0.8320000171661377,0.6679999828338623
144.330415725708,0.75,0.6579999923706055,0.7760000228881836,0.9340000152587892,0.8360000252723694,0.6679999828338623
144.33938574790955,0.75,0.6579999923706055,0.777999997138977,0.9399999976158142,0.8420000076293945,0.6679999828338623
144.34818363189697,0.7519999742507935,0.6600000262260437,0.777999997138977,0.9419999718666076,0.843999981880188,0.6660000085830688
144.35900592803955,0.7519999742507935,0.6600000262260437,0.777999997138977,0.9419999718666076,0.8460000157356262,0.6660000085830688
144.3683578968048,0.7519999742507935,0.6600000262260437,0.777999997138977,0.9419999718666076,0.8479999899864197,0.6660000085830688
144.37899541854858,0.7540000081062317,0.6620000004768372,0.7799999713897705,0.9419999718666076,0.8500000238418579,0.6660000085830688
144.3888680934906,0.7540000081062317,0.6620000004768372,0.7799999713897705,0.9419999718666076,0.8519999980926514,0.6660000085830688
144.39785313606262,0.7540000081062317,0.6620000004768372,0.7799999713897705,0.944000005722046,0.8539999723434448,0.6660000085830688
144.40877962112427,0.7540000081062317,0.6639999747276306,0.7799999713897705,0.944000005722046,0.8560000061988831,0.6639999747276306
144.41777658462524,0.7540000081062317,0.6639999747276306,0.7799999713897705,0.944000005722046,0.8579999804496765,0.6639999747276306
144.43407654762268,0.7540000081062317,0.6660000085830688,0.7799999713897705,0.9459999799728394,0.8600000143051147,0.6639999747276306
144.43787837028503,0.7519999742507935,0.6679999828338623,0.7799999713897705,0.9480000138282776,0.8619999885559082,0.6639999747276306
144.45120644569397,0.7519999742507935,0.6700000166893005,0.7799999713897705,0.9480000138282776,0.8640000224113464,0.6639999747276306
144.45923233032227,0.75,0.671999990940094,0.7820000052452087,0.949999988079071,0.8659999966621399,0.6639999747276306
144.4679741859436,0.75,0.6740000247955322,0.7799999713897705,0.9520000219345092,0.8679999709129333,0.6639999747276306
144.4774169921875,0.75,0.6759999990463257,0.7820000052452087,0.9539999961853028,0.871999979019165,0.6639999747276306
144.48725748062134,0.75,0.6759999990463257,0.7820000052452087,0.9559999704360962,0.8740000128746033,0.6639999747276306
144.49721312522888,0.75,0.6779999732971191,0.7820000052452087,0.9580000042915344,0.878000020980835,0.6639999747276306
144.50731754302979,0.7480000257492065,0.6800000071525574,0.7820000052452087,0.9580000042915344,0.8799999952316284,0.6620000004768372
144.51742148399353,0.7480000257492065,0.6819999814033508,0.7820000052452087,0.962000012397766,0.8840000033378601,0.6620000004768372
144.52773880958557,0.7459999918937683,0.6840000152587891,0.7820000052452087,0.9639999866485596,0.8859999775886536,0.6620000004768372
144.53749084472656,0.7459999918937683,0.6859999895095825,0.7839999794960022,0.9679999947547911,0.8920000195503235,0.6620000004768372
144.54723167419434,0.7459999918937683,0.6880000233650208,0.7839999794960022,0.9700000286102296,0.8960000276565552,0.6620000004768372
144.5579731464386,0.7440000176429749,0.6899999976158142,0.7839999794960022,0.972000002861023,0.8999999761581421,0.6600000262260437
144.56733751296997,0.7440000176429749,0.6919999718666077,0.7839999794960022,0.9760000109672546,0.9039999842643738,0.6600000262260437
144.57719731330872,0.7419999837875366,0.6980000138282776,0.7839999794960022,0.9800000190734864,0.9100000262260436,0.6600000262260437
144.587331533432,0.7400000095367432,0.699999988079071,0.7839999794960022,0.984000027179718,0.9139999747276306,0.6600000262260437
144.5974464416504,0.7379999756813049,0.7039999961853027,0.7860000133514404,0.9879999756813048,0.9179999828338624,0.6600000262260437
144.60754442214966,0.7360000014305115,0.7080000042915344,0.7860000133514404,0.9959999918937684,0.9240000247955322,0.6600000262260437
144.61771249771118,0.734000027179718,0.7099999785423279,0.7860000133514404,1.0,0.9279999732971193,0.6600000262260437
144.62796807289124,0.7300000190734863,0.7120000123977661,0.7860000133514404,1.00600004196167,0.9319999814033508,0.6600000262260437
144.63783955574036,0.7260000109672546,0.7139999866485596,0.7860000133514404,1.0099999904632568,0.9340000152587892,0.6579999923706055
144.64785170555115,0.7160000205039978,0.7179999947547913,0.7860000133514404,1.0160000324249268,0.9359999895095824,0.6579999923706055
144.66182327270508,0.7080000042915344,0.7200000286102295,0.7860000133514404,1.0219999551773071,0.9380000233650208,0.6579999923706055
144.66837191581726,0.699999988079071,0.722000002861023,0.7860000133514404,1.0260000228881836,0.9380000233650208,0.6579999923706055
144.67956161499023,0.6919999718666077,0.7239999771118164,0.7839999794960022,1.034000039100647,0.9399999976158142,0.6579999923706055
144.68791151046753,0.6880000233650208,0.7260000109672546,0.7839999794960022,1.037999987602234,0.9419999718666076,0.6579999923706055
144.69760417938232,0.6819999814033508,0.7279999852180481,0.7799999713897705,1.0440000295639038,0.9380000233650208,0.6579999923706055
144.70884037017822,0.6740000247955322,0.7300000190734863,0.777999997138977,1.0499999523162842,0.9340000152587892,0.6579999923706055
144.71836042404175,0.6660000085830688,0.7300000190734863,0.7739999890327454,1.0540000200271606,0.9300000071525574,0.6579999923706055
144.72794818878174,0.6499999761581421,0.7319999933242798,0.7680000066757202,1.059999942779541,0.9200000166893004,0.6579999923706055
144.7375786304474,0.6420000195503235,0.734000027179718,0.7599999904632568,1.065999984741211,0.906000018119812,0.6579999923706055
144.7478096485138,0.6359999775886536,0.734000027179718,0.7540000081062317,1.0679999589920044,0.8939999938011169,0.6579999923706055
144.758526802063,0.6299999952316284,0.7360000014305115,0.7419999837875366,1.0700000524520874,0.8740000128746033,0.6600000262260437
144.76757907867432,0.628000020980835,0.7360000014305115,0.7300000190734863,1.0700000524520874,0.8379999995231628,0.6600000262260437
144.7780966758728,0.6259999871253967,0.7379999756813049,0.7200000286102295,1.0679999589920044,0.777999997138977,0.6600000262260437
144.7883002758026,0.6259999871253967,0.7379999756813049,0.7099999785423279,1.0640000104904177,0.7459999918937683,0.6600000262260437
144.80115342140198,0.6299999952316284,0.7400000095367432,0.7039999961853027,1.059999942779541,0.7400000095367432,0.6600000262260437
144.80978965759277,0.6320000290870667,0.7400000095367432,0.6919999718666077,1.0499999523162842,0.7360000014305115,0.6600000262260437
144.81778764724731,0.6340000033378601,0.7300000190734863,0.6800000071525574,1.0360000133514404,0.7319999933242798,0.6600000262260437
144.82730054855347,0.6340000033378601,0.7059999704360962,0.6700000166893005,1.0219999551773071,0.7300000190734863,0.6600000262260437
144.83719444274902,0.6299999952316284,0.6759999990463257,0.6499999761581421,0.9959999918937684,0.7279999852180481,0.6600000262260437
144.84735822677612,0.628000020980835,0.6579999923706055,0.6399999856948853,0.9660000205039978,0.7160000205039978,0.6600000262260437
144.85716223716736,0.6259999871253967,0.656000018119812,0.6359999775886536,0.9259999990463256,0.699999988079071,0.6600000262260437
144.86778140068054,0.6240000128746033,0.6539999842643738,0.6359999775886536,0.8920000195503235,0.699999988079071,0.6600000262260437
144.87775802612305,0.6240000128746033,0.6539999842643738,0.6380000114440918,0.8479999899864197,0.6980000138282776,0.6600000262260437
144.89240336418152,0.6240000128746033,0.6480000019073486,0.6439999938011169,0.7839999794960022,0.699999988079071,0.6600000262260437
144.90202569961548,0.6240000128746033,0.6480000019073486,0.6460000276565552,0.7419999837875366,0.6819999814033508,0.6600000262260437
144.90782737731934,0.6240000128746033,0.6460000276565552,0.6420000195503235,0.7080000042915344,0.6579999923706055,0.6600000262260437
144.91897654533386,0.6240000128746033,0.6460000276565552,0.6439999938011169,0.7160000205039978,0.6579999923706055,0.6600000262260437
144.93272137641907,0.6240000128746033,0.6460000276565552,0.6439999938011169,0.7179999947547913,0.656000018119812,0.6600000262260437
144.94578909873962,0.6240000128746033,0.6460000276565552,0.6399999856948853,0.7200000286102295,0.6579999923706055,0.6600000262260437
144.94786882400513,0.6259999871253967,0.6460000276565552,0.6399999856948853,0.722000002861023,0.6579999923706055,0.6620000004768372
144.9581115245819,0.6259999871253967,0.6460000276565552,0.6399999856948853,0.722000002861023,0.6620000004768372,0.6620000004768372
144.96739888191223,0.6259999871253967,0.6460000276565552,0.6399999856948853,0.7239999771118164,0.6639999747276306,0.6620000004768372
144.97792410850525,0.6259999871253967,0.6460000276565552,0.6380000114440918,0.7260000109672546,0.6620000004768372,0.6620000004768372
144.98878121376038,0.6259999871253967,0.6460000276565552,0.6380000114440918,0.7260000109672546,0.6620000004768372,0.6620000004768372
144.99843454360962,0.6259999871253967,0.6460000276565552,0.6380000114440918,0.7260000109672546,0.6639999747276306,0.6620000004768372
145.00801348686218,0.6259999871253967,0.6460000276565552,0.6380000114440918,0.7279999852180481,0.6660000085830688,0.6620000004768372
145.01731300354004,0.6259999871253967,0.6460000276565552,0.6380000114440918,0.7260000109672546,0.6660000085830688,0.6620000004768372
145.02736854553223,0.6259999871253967,0.6460000276565552,0.6380000114440918,0.7260000109672546,0.6639999747276306,0.6620000004768372
145.03742170333862,0.6259999871253967,0.6460000276565552,0.6380000114440918,0.7260000109672546,0.6639999747276306,0.6620000004768372
145.04734635353088,0.6259999871253967,0.6460000276565552,0.6380000114440918,0.7260000109672546,0.6639999747276306,0.6620000004768372
145.05782914161682,0.6259999871253967,0.6460000276565552,0.6380000114440918,0.7260000109672546,0.6639999747276306,0.6620000004768372
145.06727933883667,0.6259999871253967,0.6460000276565552,0.6380000114440918,0.7239999771118164,0.6639999747276306,0.6620000004768372
145.0780429840088,0.6259999871253967,0.6460000276565552,0.6380000114440918,0.7239999771118164,0.6639999747276306,0.6620000004768372
145.08730602264404,0.6259999871253967,0.6460000276565552,0.6380000114440918,0.7260000109672546,0.6639999747276306,0.6620000004768372
145.09758710861206,0.6259999871253967,0.6460000276565552,0.6380000114440918,0.7260000109672546,0.6639999747276306,0.6620000004768372
145.1076283454895,0.6259999871253967,0.6460000276565552,0.6380000114440918,0.7260000109672546,0.6639999747276306,0.6620000004768372
145.11750149726868,0.6259999871253967,0.6460000276565552,0.6380000114440918,0.7260000109672546,0.6639999747276306,0.6620000004768372
145.12739777565002,0.6259999871253967,0.6460000276565552,0.6380000114440918,0.7260000109672546,0.6639999747276306,0.6620000004768372
145.13736939430237,0.6259999871253967,0.6460000276565552,0.6380000114440918,0.7260000109672546,0.6639999747276306,0.6620000004768372
145.14748334884644,0.6259999871253967,0.6460000276565552,0.6380000114440918,0.7279999852180481,0.6620000004768372,0.6620000004768372
145.15746355056763,0.6259999871253967,0.6460000276565552,0.6380000114440918,0.7260000109672546,0.6600000262260437,0.6620000004768372
145.16753578186035,0.6259999871253967,0.6460000276565552,0.6380000114440918,0.7239999771118164,0.6600000262260437,0.6620000004768372
145.17748093605042,0.6259999871253967,0.6480000019073486,0.6380000114440918,0.7239999771118164,0.6600000262260437,0.6620000004768372
145.18731212615967,0.6259999871253967,0.6460000276565552,0.6380000114440918,0.7239999771118164,0.6600000262260437,0.6620000004768372
145.1976249217987,0.6259999871253967,0.6460000276565552,0.6380000114440918,0.7239999771118164,0.6600000262260437,0.6620000004768372
145.2077236175537,0.6259999871253967,0.6480000019073486,0.6380000114440918,0.7239999771118164,0.6600000262260437,0.6620000004768372
145.21770191192627,0.6259999871253967,0.6460000276565552,0.6380000114440918,0.722000002861023,0.6600000262260437,0.6620000004768372
145.22726678848267,0.6259999871253967,0.6460000276565552,0.6380000114440918,0.722000002861023,0.6600000262260437,0.6620000004768372
145.23725175857544,0.628000020980835,0.6460000276565552,0.6380000114440918,0.722000002861023,0.6600000262260437,0.6620000004768372
145.24734497070312,0.628000020980835,0.6460000276565552,0.6380000114440918,0.722000002861023,0.6600000262260437,0.6620000004768372
145.2574918270111,0.628000020980835,0.6460000276565552,0.6380000114440918,0.722000002861023,0.6600000262260437,0.6620000004768372
145.26748085021973,0.628000020980835,0.6460000276565552,0.6380000114440918,0.722000002861023,0.6600000262260437,0.6620000004768372
145.2772958278656,0.628000020980835,0.6460000276565552,0.6380000114440918,0.722000002861023,0.6579999923706055,0.6620000004768372
145.28730463981628,0.628000020980835,0.6460000276565552,0.6420000195503235,0.722000002861023,0.6579999923706055,0.6620000004768372
145.2977168560028,0.6299999952316284,0.6460000276565552,0.6460000276565552,0.7179999947547913,0.656000018119812,0.6660000085830688
145.30744218826294,0.6299999952316284,0.6460000276565552,0.6520000100135803,0.7160000205039978,0.6480000019073486,0.6819999814033508
145.31726002693176,0.6340000033378601,0.6460000276565552,0.6579999923706055,0.7179999947547913,0.6439999938011169,0.7020000219345093
145.3274004459381,0.6380000114440918,0.6460000276565552,0.6620000004768372,0.7099999785423279,0.6420000195503235,0.722000002861023
145.33740830421448,0.656000018119812,0.6439999938011169,0.6759999990463257,0.7120000123977661,0.6359999775886536,0.7239999771118164
145.34726977348328,0.6679999828338623,0.6460000276565552,0.6880000233650208,0.7059999704360962,0.6380000114440918,0.7179999947547913
145.35722708702087,0.6740000247955322,0.6460000276565552,0.6980000138282776,0.7239999771118164,0.6460000276565552,0.7099999785423279
145.36803770065308,0.6880000233650208,0.6460000276565552,0.7080000042915344,0.7300000190734863,0.6539999842643738,0.7059999704360962
145.37731075286865,0.7039999961853027,0.6460000276565552,0.7160000205039978,0.7400000095367432,0.7179999947547913,0.6980000138282776
145.38734650611877,0.7139999866485596,0.6460000276565552,0.722000002861023,0.7419999837875366,0.734000027179718,0.6940000057220459
145.39754247665405,0.7239999771118164,0.6460000276565552,0.7260000109672546,0.7459999918937683,0.7519999742507935,0.6919999718666077
145.40758538246155,0.7319999933242798,0.6460000276565552,0.7300000190734863,0.7620000243186951,0.7620000243186951,0.6919999718666077
145.41745781898499,0.7360000014305115,0.6460000276565552,0.734000027179718,0.7820000052452087,0.7699999809265137,0.6899999976158142
145.42728853225708,0.7419999837875366,0.6460000276565552,0.7400000095367432,0.7979999780654907,0.7799999713897705,0.6880000233650208
145.4373915195465,0.7459999918937683,0.6460000276565552,0.7440000176429749,0.8100000023841858,0.7860000133514404,0.6859999895095825
145.44751596450806,0.7480000257492065,0.6480000019073486,0.7480000257492065,0.8140000104904175,0.7860000133514404,0.6859999895095825
145.45828104019165,0.75,0.6480000019073486,0.75,0.8180000185966492,0.7879999876022339,0.6840000152587891
145.46745371818542,0.7519999742507935,0.6480000019073486,0.75,0.8180000185966492,0.7860000133514404,0.6840000152587891
145.47741556167603,0.7540000081062317,0.6480000019073486,0.75,0.8140000104904175,0.7860000133514404,0.6819999814033508
145.48753762245178,0.7540000081062317,0.6480000019073486,0.7519999742507935,0.8059999942779541,0.7799999713897705,0.6800000071525574
145.49752855300903,0.7559999823570251,0.6480000019073486,0.75,0.8019999861717224,0.7760000228881836,0.6800000071525574
145.50837898254395,0.7559999823570251,0.6480000019073486,0.75,0.7860000133514404,0.7720000147819519,0.6779999732971191
145.517409324646,0.7580000162124634,0.6480000019073486,0.7480000257492065,0.7739999890327454,0.7680000066757202,0.6779999732971191
145.52758383750916,0.7580000162124634,0.6480000019073486,0.7480000257492065,0.7599999904632568,0.7639999985694885,0.6759999990463257
145.5374138355255,0.7599999904632568,0.6480000019073486,0.7459999918937683,0.75,0.7599999904632568,0.6759999990463257
145.54733085632324,0.7599999904632568,0.6480000019073486,0.7459999918937683,0.7400000095367432,0.7580000162124634,0.6759999990463257
145.5590889453888,0.7599999904632568,0.6480000019073486,0.7459999918937683,0.734000027179718,0.75,0.6740000247955322
145.56734037399292,0.7620000243186951,0.6480000019073486,0.7440000176429749,0.7279999852180481,0.7419999837875366,0.6740000247955322
145.57728672027588,0.7620000243186951,0.6480000019073486,0.7440000176429749,0.7239999771118164,0.7400000095367432,0.6740000247955322
145.58742141723633,0.7620000243186951,0.6480000019073486,0.7440000176429749,0.722000002861023,0.7319999933242798,0.671999990940094
145.59727835655212,0.7620000243186951,0.6439999938011169,0.7419999837875366,0.722000002861023,0.7300000190734863,0.671999990940094
145.60726881027222,0.7639999985694885,0.6460000276565552,0.7419999837875366,0.7200000286102295,0.7260000109672546,0.671999990940094
145.61795711517334,0.7639999985694885,0.6460000276565552,0.7419999837875366,0.7200000286102295,0.7239999771118164,0.671999990940094
145.62734532356262,0.765999972820282,0.6460000276565552,0.7440000176429749,0.7200000286102295,0.7239999771118164,0.671999990940094
145.63742971420288,0.765999972820282,0.6460000276565552,0.7440000176429749,0.722000002861023,0.7239999771118164,0.671999990940094
145.64739155769348,0.765999972820282,0.6460000276565552,0.7440000176429749,0.722000002861023,0.7260000109672546,0.671999990940094
145.65829348564148,0.7680000066757202,0.6460000276565552,0.7459999918937683,0.7239999771118164,0.7260000109672546,0.671999990940094
145.6673994064331,0.7680000066757202,0.6460000276565552,0.7480000257492065,0.7260000109672546,0.7319999933242798,0.6740000247955322
145.67747521400452,0.7680000066757202,0.6460000276565552,0.75,0.7300000190734863,0.734000027179718,0.6740000247955322
145.68739223480225,0.7680000066757202,0.6460000276565552,0.7519999742507935,0.7360000014305115,0.7379999756813049,0.6740000247955322
145.6972348690033,0.7680000066757202,0.6480000019073486,0.7559999823570251,0.7480000257492065,0.7440000176429749,0.6740000247955322
145.70744395256042,0.7699999809265137,0.6480000019073486,0.7559999823570251,0.7559999823570251,0.7519999742507935,0.6740000247955322
145.7175235748291,0.7699999809265137,0.6480000019073486,0.7599999904632568,0.7620000243186951,0.7580000162124634,0.6740000247955322
145.72730422019958,0.7699999809265137,0.6480000019073486,0.7599999904632568,0.7760000228881836,0.7599999904632568,0.6740000247955322
145.7372555732727,0.7699999809265137,0.6480000019073486,0.7620000243186951,0.7820000052452087,0.7620000243186951,0.6740000247955322
145.74726581573486,0.7699999809265137,0.6480000019073486,0.7639999985694885,0.7879999876022339,0.7639999985694885,0.6740000247955322
145.7573597431183,0.7699999809265137,0.6480000019073486,0.765999972820282,0.7919999957084656,0.765999972820282,0.6740000247955322
145.76742911338806,0.7699999809265137,0.6480000019073486,0.765999972820282,0.7960000038146973,0.7699999809265137,0.6740000247955322
145.77744913101196,0.7699999809265137,0.6480000019073486,0.765999972820282,0.7979999780654907,0.7720000147819519,0.6740000247955322
145.7874436378479,0.7680000066757202,0.6480000019073486,0.7680000066757202,0.8080000281333923,0.7739999890327454,0.6740000247955322
145.79738903045654,0.7680000066757202,0.6480000019073486,0.7699999809265137,0.8140000104904175,0.7799999713897705,0.6759999990463257
145.8073010444641,0.7680000066757202,0.6480000019073486,0.7699999809265137,0.8180000185966492,0.7860000133514404,0.6779999732971191
145.81742453575134,0.765999972820282,0.6480000019073486,0.7699999809265137,0.8240000009536743,0.7919999957084656,0.6800000071525574
145.8276846408844,0.765999972820282,0.6480000019073486,0.7720000147819519,0.828000009059906,0.7979999780654907,0.6800000071525574
145.8374719619751,0.765999972820282,0.6499999761581421,0.7720000147819519,0.8339999914169312,0.8059999942779541,0.6800000071525574
145.84729480743408,0.765999972820282,0.6499999761581421,0.7739999890327454,0.8399999737739563,0.8119999766349792,0.6800000071525574
145.85743713378906,0.765999972820282,0.6499999761581421,0.7739999890327454,0.8420000076293945,0.8159999847412109,0.6800000071525574
145.86754083633423,0.7639999985694885,0.6499999761581421,0.7739999890327454,0.8479999899864197,0.8199999928474426,0.6800000071525574
145.87747931480408,0.7639999985694885,0.6520000100135803,0.7760000228881836,0.8519999980926514,0.8240000009536743,0.6779999732971191
145.8873257637024,0.7639999985694885,0.6539999842643738,0.7760000228881836,0.8560000061988831,0.828000009059906,0.6779999732971191
145.89745044708252,0.7639999985694885,0.6539999842643738,0.7760000228881836,0.8600000143051147,0.8320000171661377,0.6759999990463257
145.90761542320251,0.7639999985694885,0.6539999842643738,0.777999997138977,0.8619999885559082,0.8360000252723694,0.6740000247955322
145.91735744476318,0.7639999985694885,0.6539999842643738,0.777999997138977,0.8700000047683716,0.8420000076293945,0.671999990940094
145.92736077308655,0.7639999985694885,0.6539999842643738,0.777999997138977,0.8759999871253967,0.8500000238418579,0.6700000166893005
145.93847036361694,0.7639999985694885,0.6539999842643738,0.7799999713897705,0.8820000290870667,0.8539999723434448,0.6700000166893005
145.94745445251465,0.7639999985694885,0.6539999842643738,0.7799999713897705,0.8899999856948853,0.8579999804496765,0.6700000166893005
145.95792603492737,0.7639999985694885,0.656000018119812,0.7820000052452087,0.8960000276565552,0.8619999885559082,0.6679999828338623
145.96784114837646,0.7639999985694885,0.6579999923706055,0.7820000052452087,0.906000018119812,0.8679999709129333,0.6660000085830688
145.9772925376892,0.7639999985694885,0.6579999923706055,0.7820000052452087,0.9160000085830688,0.8740000128746033,0.6639999747276306
145.98746275901794,0.7639999985694885,0.6579999923706055,0.7839999794960022,0.9240000247955322,0.8799999952316284,0.6620000004768372
145.99736094474792,0.7639999985694885,0.6660000085830688,0.7839999794960022,0.9319999814033508,0.8859999775886536,0.6579999923706055
146.0072319507599,0.7620000243186951,0.671999990940094,0.7839999794960022,0.9399999976158142,0.8939999938011169,0.656000018119812
146.01729464530945,0.7620000243186951,0.6779999732971191,0.7860000133514404,0.949999988079071,0.9039999842643738,0.6579999923706055
146.02717566490173,0.7620000243186951,0.6819999814033508,0.7860000133514404,0.959999978542328,0.9120000004768372,0.656000018119812
146.03746962547302,0.7599999904632568,0.6859999895095825,0.7860000133514404,0.9660000205039978,0.9179999828338624,0.656000018119812
146.04732203483582,0.7599999904632568,0.6919999718666077,0.7860000133514404,0.9760000109672546,0.9240000247955322,0.656000018119812
146.05741500854492,0.7580000162124634,0.6959999799728394,0.7860000133514404,0.984000027179718,0.9319999814033508,0.656000018119812
146.0674889087677,0.7580000162124634,0.699999988079071,0.7860000133514404,0.9919999837875366,0.9359999895095824,0.656000018119812
146.0777895450592,0.7559999823570251,0.7039999961853027,0.7879999876022339,1.0019999742507937,0.9380000233650208,0.656000018119812
146.08789801597595,0.7540000081062317,0.7080000042915344,0.7879999876022339,1.0099999904632568,0.9399999976158142,0.656000018119812
146.09738087654114,0.7480000257492065,0.7139999866485596,0.7860000133514404,1.0180000066757202,0.9419999718666076,0.6539999842643738
146.10745882987976,0.7419999837875366,0.7179999947547913,0.7860000133514404,1.027999997138977,0.944000005722046,0.656000018119812
146.11728882789612,0.7360000014305115,0.7200000286102295,0.7839999794960022,1.031999945640564,0.944000005722046,0.656000018119812
146.12736797332764,0.7279999852180481,0.7260000109672546,0.7820000052452087,1.0440000295639038,0.9419999718666076,0.6539999842643738
146.13735580444336,0.7179999947547913,0.7300000190734863,0.777999997138977,1.0520000457763672,0.9399999976158142,0.6539999842643738
146.14730381965637,0.7080000042915344,0.7319999933242798,0.7720000147819519,1.059999942779541,0.9359999895095824,0.6539999842643738
146.15730261802673,0.6899999976158142,0.734000027179718,0.7599999904632568,1.0679999589920044,0.9300000071525574,0.6539999842643738
146.1675045490265,0.671999990940094,0.7360000014305115,0.7459999918937683,1.0740000009536743,0.921999990940094,0.656000018119812
146.17749762535095,0.6520000100135803,0.7379999756813049,0.7260000109672546,1.0800000429153442,0.8999999761581421,0.656000018119812
146.18922901153564,0.6399999856948853,0.7400000095367432,0.7099999785423279,1.0839999914169312,0.8500000238418579,0.656000018119812
146.19743061065674,0.6380000114440918,0.7400000095367432,0.7020000219345093,1.0839999914169312,0.7900000214576721,0.656000018119812
146.20726990699768,0.6380000114440918,0.7400000095367432,0.6919999718666077,1.0839999914169312,0.7419999837875366,0.656000018119812
146.21729922294617,0.6380000114440918,0.7400000095367432,0.6880000233650208,1.0800000429153442,0.7179999947547913,0.656000018119812
146.2272446155548,0.6399999856948853,0.7379999756813049,0.6800000071525574,1.0720000267028809,0.699999988079071,0.656000018119812
146.23734974861145,0.6399999856948853,0.722000002861023,0.671999990940094,1.0579999685287476,0.6940000057220459,0.656000018119812
146.24750781059265,0.6399999856948853,0.6940000057220459,0.6600000262260437,1.0440000295639038,0.7020000219345093,0.656000018119812
146.2572865486145,0.6359999775886536,0.6660000085830688,0.6420000195503235,1.0199999809265137,0.7059999704360962,0.656000018119812
146.26731133460999,0.6299999952316284,0.6620000004768372,0.6320000290870667,0.9860000014305116,0.7139999866485596,0.656000018119812
146.27774810791016,0.6299999952316284,0.6600000262260437,0.6320000290870667,0.9559999704360962,0.7059999704360962,0.656000018119812
146.28765034675598,0.6299999952316284,0.656000018119812,0.6340000033378601,0.9120000004768372,0.7020000219345093,0.6579999923706055
146.2975046634674,0.6299999952316284,0.656000018119812,0.6359999775886536,0.8820000290870667,0.7039999961853027,0.6579999923706055
146.30736565589905,0.628000020980835,0.6520000100135803,0.6420000195503235,0.7879999876022339,0.6940000057220459,0.6579999923706055
146.31745314598083,0.628000020980835,0.6480000019073486,0.6420000195503235,0.7459999918937683,0.6579999923706055,0.6579999923706055
146.3274004459381,0.628000020980835,0.6480000019073486,0.6399999856948853,0.734000027179718,0.6579999923706055,0.6579999923706055
146.3373990058899,0.628000020980835,0.6460000276565552,0.6399999856948853,0.7300000190734863,0.6579999923706055,0.6600000262260437
146.34733533859253,0.6299999952316284,0.6460000276565552,0.6399999856948853,0.7279999852180481,0.656000018119812,0.671999990940094
146.35739994049072,0.6299999952316284,0.6460000276565552,0.6399999856948853,0.7300000190734863,0.656000018119812,0.6620000004768372
146.36743712425232,0.6299999952316284,0.6460000276565552,0.6399999856948853,0.7379999756813049,0.656000018119812,0.6620000004768372
146.3777039051056,0.6299999952316284,0.6460000276565552,0.6399999856948853,0.7440000176429749,0.656000018119812,0.6620000004768372
146.38773655891418,0.6299999952316284,0.6460000276565552,0.6380000114440918,0.7459999918937683,0.6620000004768372,0.6620000004768372
146.39748191833496,0.6299999952316284,0.6460000276565552,0.6380000114440918,0.7459999918937683,0.6639999747276306,0.6620000004768372
146.4073669910431,0.6299999952316284,0.6460000276565552,0.6380000114440918,0.7459999918937683,0.6620000004768372,0.6620000004768372
146.4174792766571,0.6299999952316284,0.6460000276565552,0.6380000114440918,0.7459999918937683,0.6579999923706055,0.6620000004768372
146.42752647399902,0.6320000290870667,0.6460000276565552,0.6380000114440918,0.7440000176429749,0.6579999923706055,0.6620000004768372
146.43736362457275,0.6320000290870667,0.6460000276565552,0.6380000114440918,0.7419999837875366,0.656000018119812,0.6620000004768372
146.4473967552185,0.6320000290870667,0.6460000276565552,0.6380000114440918,0.7419999837875366,0.656000018119812,0.6620000004768372
146.4575228691101,0.6320000290870667,0.6460000276565552,0.6380000114440918,0.7419999837875366,0.656000018119812,0.6620000004768372
146.46775603294373,0.6320000290870667,0.6460000276565552,0.6380000114440918,0.7419999837875366,0.656000018119812,0.6620000004768372
146.47741627693176,0.6320000290870667,0.6460000276565552,0.6380000114440918,0.7419999837875366,0.656000018119812,0.6620000004768372
146.4906210899353,0.6320000290870667,0.6460000276565552,0.6380000114440918,0.7419999837875366,0.656000018119812,0.6620000004768372
146.49736642837524,0.6320000290870667,0.6460000276565552,0.6380000114440918,0.7419999837875366,0.656000018119812,0.6620000004768372
146.5074291229248,0.6320000290870667,0.6460000276565552,0.6380000114440918,0.7419999837875366,0.656000018119812,0.6620000004768372
146.51719760894775,0.6320000290870667,0.6460000276565552,0.6380000114440918,0.7419999837875366,0.6579999923706055,0.6620000004768372
146.5272934436798,0.6320000290870667,0.6460000276565552,0.6380000114440918,0.7419999837875366,0.656000018119812,0.6620000004768372
146.537264585495,0.6320000290870667,0.6439999938011169,0.6380000114440918,0.7419999837875366,0.656000018119812,0.6620000004768372
146.54731464385986,0.6320000290870667,0.6460000276565552,0.6380000114440918,0.7419999837875366,0.656000018119812,0.6620000004768372
146.55746006965637,0.6320000290870667,0.6460000276565552,0.6380000114440918,0.7419999837875366,0.656000018119812,0.6620000004768372
146.56828951835632,0.6320000290870667,0.6460000276565552,0.6380000114440918,0.7400000095367432,0.656000018119812,0.6620000004768372
146.57796454429626,0.6320000290870667,0.6439999938011169,0.6380000114440918,0.7400000095367432,0.656000018119812,0.6620000004768372
146.58726859092712,0.6320000290870667,0.6439999938011169,0.6380000114440918,0.7419999837875366,0.656000018119812,0.6620000004768372
146.59747338294983,0.6320000290870667,0.6439999938011169,0.6380000114440918,0.7400000095367432,0.656000018119812,0.6620000004768372
146.6074697971344,0.6320000290870667,0.6439999938011169,0.6380000114440918,0.7400000095367432,0.656000018119812,0.6620000004768372
146.61736583709717,0.6320000290870667,0.6439999938011169,0.6380000114440918,0.7400000095367432,0.6579999923706055,0.6620000004768372
146.6274013519287,0.6320000290870667,0.6439999938011169,0.6380000114440918,0.7400000095367432,0.656000018119812,0.6620000004768372
146.63735675811768,0.6320000290870667,0.6439999938011169,0.6380000114440918,0.7400000095367432,0.656000018119812,0.6620000004768372
146.647319316864,0.6320000290870667,0.6439999938011169,0.6380000114440918,0.7400000095367432,0.656000018119812,0.6620000004768372
146.65726947784424,0.6320000290870667,0.6439999938011169,0.6380000114440918,0.7400000095367432,0.656000018119812,0.6620000004768372
146.66759753227234,0.6320000290870667,0.6439999938011169,0.6380000114440918,0.7400000095367432,0.656000018119812,0.6620000004768372
146.6775186061859,0.6320000290870667,0.6439999938011169,0.6380000114440918,0.7400000095367432,0.656000018119812,0.6620000004768372
146.68748807907104,0.6320000290870667,0.6439999938011169,0.6380000114440918,0.7400000095367432,0.656000018119812,0.6620000004768372
146.6975347995758,0.6340000033378601,0.6439999938011169,0.6380000114440918,0.7400000095367432,0.6579999923706055,0.6620000004768372
146.70732045173645,0.6340000033378601,0.6439999938011169,0.6380000114440918,0.7419999837875366,0.6579999923706055,0.6620000004768372
146.71739435195923,0.6340000033378601,0.6439999938011169,0.6380000114440918,0.7400000095367432,0.6579999923706055,0.6620000004768372
146.72731041908264,0.6340000033378601,0.6439999938011169,0.6380000114440918,0.7419999837875366,0.6579999923706055,0.6620000004768372
146.7374176979065,0.6320000290870667,0.6439999938011169,0.6399999856948853,0.7419999837875366,0.656000018119812,0.6620000004768372
146.74729943275452,0.6340000033378601,0.6439999938011169,0.6439999938011169,0.7260000109672546,0.6539999842643738,0.6740000247955322
146.75734043121338,0.6359999775886536,0.6439999938011169,0.6480000019073486,0.7260000109672546,0.6480000019073486,0.6880000233650208
146.7672951221466,0.6399999856948853,0.6439999938011169,0.656000018119812,0.7239999771118164,0.6439999938011169,0.7120000123977661
146.7779779434204,0.6359999775886536,0.6420000195503235,0.6620000004768372,0.7139999866485596,0.6439999938011169,0.7260000109672546
146.78751254081726,0.6480000019073486,0.6420000195503235,0.6819999814033508,0.7139999866485596,0.6359999775886536,0.7239999771118164
146.79729962348938,0.6579999923706055,0.6420000195503235,0.6859999895095825,0.7139999866485596,0.6460000276565552,0.722000002861023
146.80807781219482,0.6579999923706055,0.6420000195503235,0.6859999895095825,0.7139999866485596,0.6460000276565552,0.722000002861023
146.8174126148224,0.6700000166893005,0.6420000195503235,0.7039999961853027,0.7400000095367432,0.699999988079071,0.7080000042915344
146.82725381851196,0.6859999895095825,0.6399999856948853,0.7099999785423279,0.7519999742507935,0.7400000095367432,0.7059999704360962
146.83744144439697,0.6940000057220459,0.6399999856948853,0.7160000205039978,0.7620000243186951,0.7559999823570251,0.7039999961853027
146.84736323356628,0.7039999961853027,0.6399999856948853,0.7200000286102295,0.7739999890327454,0.7680000066757202,0.7020000219345093
146.85735607147217,0.7099999785423279,0.6399999856948853,0.7260000109672546,0.7900000214576721,0.7799999713897705,0.7039999961853027
146.8674774169922,0.7120000123977661,0.6420000195503235,0.7279999852180481,0.8080000281333923,0.7940000295639038,0.7020000219345093
146.87749981880188,0.7139999866485596,0.6439999938011169,0.7319999933242798,0.8259999752044678,0.8100000023841858,0.7020000219345093
146.8874659538269,0.7160000205039978,0.6460000276565552,0.7379999756813049,0.843999981880188,0.828000009059906,0.7020000219345093
146.89735174179077,0.7200000286102295,0.6460000276565552,0.7400000095367432,0.8539999723434448,0.843999981880188,0.7020000219345093
146.9073622226715,0.722000002861023,0.6460000276565552,0.7440000176429749,0.8640000224113464,0.8600000143051147,0.699999988079071
146.91777348518372,0.7239999771118164,0.6460000276565552,0.7459999918937683,0.8700000047683716,0.8679999709129333,0.699999988079071
146.9273979663849,0.7260000109672546,0.6460000276565552,0.7480000257492065,0.8740000128746033,0.8759999871253967,0.6980000138282776
146.93727087974548,0.7260000109672546,0.6460000276565552,0.7519999742507935,0.8759999871253967,0.8799999952316284,0.6980000138282776
146.94727849960327,0.7279999852180481,0.6480000019073486,0.7519999742507935,0.878000020980835,0.8820000290870667,0.6959999799728394
146.9572470188141,0.7300000190734863,0.6480000019073486,0.7540000081062317,0.878000020980835,0.8840000033378601,0.6940000057220459
146.96740555763245,0.7319999933242798,0.6499999761581421,0.7540000081062317,0.8759999871253967,0.8840000033378601,0.6919999718666077
146.97755312919617,0.7319999933242798,0.6499999761581421,0.7559999823570251,0.8759999871253967,0.8840000033378601,0.6919999718666077
146.98737001419067,0.734000027179718,0.6499999761581421,0.7559999823570251,0.8740000128746033,0.8840000033378601,0.6880000233650208
146.9973213672638,0.7360000014305115,0.6499999761581421,0.7559999823570251,0.871999979019165,0.8820000290870667,0.6859999895095825
147.0072660446167,0.7379999756813049,0.6520000100135803,0.7580000162124634,0.8700000047683716,0.8799999952316284,0.6840000152587891
147.01768445968628,0.7379999756813049,0.6520000100135803,0.7580000162124634,0.8679999709129333,0.878000020980835,0.6840000152587891
147.02746963500977,0.7400000095367432,0.6520000100135803,0.7580000162124634,0.8679999709129333,0.8740000128746033,0.6819999814033508
147.03734850883484,0.7400000095367432,0.6520000100135803,0.7580000162124634,0.8659999966621399,0.8700000047683716,0.6800000071525574
147.0473597049713,0.7419999837875366,0.6520000100135803,0.7580000162124634,0.8659999966621399,0.8640000224113464,0.6800000071525574
147.05729007720947,0.7440000176429749,0.6520000100135803,0.7599999904632568,0.8659999966621399,0.8579999804496765,0.6800000071525574
147.06767344474792,0.7459999918937683,0.6520000100135803,0.7599999904632568,0.8640000224113464,0.8519999980926514,0.6779999732971191
147.07737684249878,0.7459999918937683,0.6520000100135803,0.7620000243186951,0.8640000224113464,0.8500000238418579,0.6779999732971191
147.087251663208,0.7480000257492065,0.6520000100135803,0.7620000243186951,0.8659999966621399,0.8479999899864197,0.6779999732971191
147.09743094444275,0.75,0.6520000100135803,0.7639999985694885,0.8659999966621399,0.8479999899864197,0.6779999732971191
147.10743761062622,0.7519999742507935,0.6520000100135803,0.7639999985694885,0.8679999709129333,0.8460000157356262,0.6779999732971191
147.11783695220947,0.7519999742507935,0.6539999842643738,0.765999972820282,0.8679999709129333,0.8460000157356262,0.6779999732971191
147.12746691703796,0.7540000081062317,0.6520000100135803,0.765999972820282,0.8700000047683716,0.8479999899864197,0.6779999732971191
147.13735103607178,0.7540000081062317,0.6539999842643738,0.7680000066757202,0.871999979019165,0.8479999899864197,0.6800000071525574
147.14728307724,0.7559999823570251,0.6539999842643738,0.7699999809265137,0.8740000128746033,0.8500000238418579,0.6800000071525574
147.15735030174255,0.7559999823570251,0.6539999842643738,0.7699999809265137,0.8759999871253967,0.8519999980926514,0.6800000071525574
147.16735982894897,0.7559999823570251,0.6539999842643738,0.7699999809265137,0.878000020980835,0.8539999723434448,0.6819999814033508
147.1774559020996,0.7559999823570251,0.6539999842643738,0.7720000147819519,0.8799999952316284,0.8560000061988831,0.6819999814033508
147.18733716011047,0.7559999823570251,0.6539999842643738,0.7720000147819519,0.8820000290870667,0.8619999885559082,0.6819999814033508
147.19732451438904,0.7559999823570251,0.6539999842643738,0.7720000147819519,0.8820000290870667,0.8640000224113464,0.6840000152587891
147.20746111869812,0.7580000162124634,0.6539999842643738,0.7739999890327454,0.8840000033378601,0.8640000224113464,0.6840000152587891
147.21762442588806,0.7580000162124634,0.6539999842643738,0.7739999890327454,0.8840000033378601,0.8659999966621399,0.6840000152587891
147.22734713554382,0.7580000162124634,0.6539999842643738,0.7739999890327454,0.8840000033378601,0.8679999709129333,0.6840000152587891
147.23734140396118,0.7580000162124634,0.6539999842643738,0.7760000228881836,0.8880000114440918,0.8700000047683716,0.6840000152587891
147.2473337650299,0.7580000162124634,0.6539999842643738,0.7760000228881836,0.8920000195503235,0.871999979019165,0.6819999814033508
147.2573173046112,0.7580000162124634,0.656000018119812,0.7760000228881836,0.8939999938011169,0.8740000128746033,0.6819999814033508
147.26751732826233,0.7580000162124634,0.6579999923706055,0.777999997138977,0.8980000019073486,0.8759999871253967,0.6800000071525574
147.27768731117249,0.7580000162124634,0.656000018119812,0.777999997138977,0.9020000100135804,0.8759999871253967,0.6800000071525574
147.28734254837036,0.7580000162124634,0.656000018119812,0.777999997138977,0.9079999923706056,0.8799999952316284,0.6779999732971191
147.29732823371887,0.7580000162124634,0.6579999923706055,0.777999997138977,0.9139999747276306,0.8820000290870667,0.6759999990463257
147.30728793144226,0.7580000162124634,0.6579999923706055,0.777999997138977,0.9160000085830688,0.8840000033378601,0.6759999990463257
147.3173849582672,0.7580000162124634,0.6579999923706055,0.7799999713897705,0.9200000166893004,0.8859999775886536,0.6759999990463257
147.3273994922638,0.7559999823570251,0.6600000262260437,0.7799999713897705,0.9240000247955322,0.8880000114440918,0.6740000247955322
147.33739495277405,0.7559999823570251,0.6600000262260437,0.7799999713897705,0.9259999990463256,0.8899999856948853,0.671999990940094
147.3475432395935,0.7559999823570251,0.6600000262260437,0.7799999713897705,0.9319999814033508,0.8939999938011169,0.671999990940094
147.35738515853882,0.7559999823570251,0.6600000262260437,0.7799999713897705,0.9359999895095824,0.8960000276565552,0.6700000166893005
147.36730575561523,0.7559999823570251,0.6600000262260437,0.7799999713897705,0.9399999976158142,0.8999999761581421,0.6700000166893005
147.37750220298767,0.7559999823570251,0.6579999923706055,0.7820000052452087,0.9459999799728394,0.906000018119812,0.6700000166893005
147.387375831604,0.7559999823570251,0.6579999923706055,0.7820000052452087,0.949999988079071,0.9079999923706056,0.6679999828338623
147.397287607193,0.7559999823570251,0.6600000262260437,0.7820000052452087,0.9559999704360962,0.9139999747276306,0.6679999828338623
147.40746593475342,0.7559999823570251,0.6639999747276306,0.7820000052452087,0.959999978542328,0.9179999828338624,0.6660000085830688
147.41746068000793,0.7540000081062317,0.6700000166893005,0.7839999794960022,0.9660000205039978,0.921999990940094,0.6620000004768372
147.4275381565094,0.7540000081062317,0.6740000247955322,0.7839999794960022,0.972000002861023,0.9259999990463256,0.6600000262260437
147.43737721443176,0.7540000081062317,0.6779999732971191,0.7839999794960022,0.977999985218048,0.9300000071525574,0.6579999923706055
147.44742012023926,0.7540000081062317,0.6819999814033508,0.7839999794960022,0.984000027179718,0.9340000152587892,0.6579999923706055
147.45817470550537,0.7540000081062317,0.6840000152587891,0.7860000133514404,0.9879999756813048,0.9380000233650208,0.656000018119812
147.46744108200073,0.7519999742507935,0.6859999895095825,0.7860000133514404,0.9940000176429749,0.9419999718666076,0.656000018119812
147.47733068466187,0.7519999742507935,0.6899999976158142,0.7860000133514404,1.0019999742507937,0.9459999799728394,0.656000018119812
147.48741817474365,0.7519999742507935,0.6919999718666077,0.7860000133514404,1.00600004196167,0.949999988079071,0.656000018119812
147.49727773666382,0.7519999742507935,0.6959999799728394,0.7860000133514404,1.0140000581741333,0.9539999961853028,0.656000018119812
147.50722694396973,0.75,0.699999988079071,0.7860000133514404,1.0199999809265137,0.9580000042915344,0.6539999842643738
147.51812314987183,0.75,0.7020000219345093,0.7860000133514404,1.02400004863739,0.959999978542328,0.6539999842643738
147.527419090271,0.7459999918937683,0.7059999704360962,0.7860000133514404,1.034000039100647,0.9639999866485596,0.6539999842643738
147.53733468055725,0.7440000176429749,0.7080000042915344,0.7860000133514404,1.0399999618530271,0.9639999866485596,0.6539999842643738
147.54740047454834,0.7379999756813049,0.7120000123977661,0.7860000133514404,1.0499999523162842,0.9660000205039978,0.6539999842643738
147.55741667747498,0.7319999933242798,0.7160000205039978,0.7839999794960022,1.059999942779541,0.9660000205039978,0.6539999842643738
147.56735181808472,0.7279999852180481,0.7200000286102295,0.7820000052452087,1.0640000104904177,0.9660000205039978,0.6539999842643738
147.5773148536682,0.7200000286102295,0.7239999771118164,0.777999997138977,1.0720000267028809,0.962000012397766,0.6539999842643738
147.58724308013916,0.7059999704360962,0.7279999852180481,0.7699999809265137,1.0800000429153442,0.9580000042915344,0.6539999842643738
147.5973858833313,0.6940000057220459,0.7300000190734863,0.7620000243186951,1.0839999914169312,0.9520000219345092,0.6539999842643738
147.60745453834534,0.6759999990463257,0.7319999933242798,0.7459999918937683,1.0880000591278076,0.9419999718666076,0.6539999842643738
147.6173369884491,0.6639999747276306,0.734000027179718,0.7279999852180481,1.0920000076293943,0.9319999814033508,0.6539999842643738
147.6272897720337,0.6499999761581421,0.7360000014305115,0.7080000042915344,1.093999981880188,0.8980000019073486,0.6539999842643738
147.6372528076172,0.6460000276565552,0.7379999756813049,0.6980000138282776,1.0959999561309814,0.8100000023841858,0.6539999842643738
147.64785432815552,0.6460000276565552,0.7379999756813049,0.6899999976158142,1.0959999561309814,0.7620000243186951,0.6539999842643738
147.657320022583,0.6439999938011169,0.7400000095367432,0.6819999814033508,1.093999981880188,0.722000002861023,0.6539999842643738
147.667405128479,0.6439999938011169,0.7360000014305115,0.6759999990463257,1.090000033378601,0.7020000219345093,0.6539999842643738
147.67747950553894,0.6420000195503235,0.7239999771118164,0.6600000262260437,1.0800000429153442,0.6880000233650208,0.656000018119812
147.6874439716339,0.6359999775886536,0.6919999718666077,0.6380000114440918,1.0640000104904177,0.6959999799728394,0.656000018119812
147.69738483428955,0.6340000033378601,0.6679999828338623,0.6320000290870667,1.0479999780654907,0.7139999866485596,0.656000018119812
147.70736646652222,0.6299999952316284,0.6639999747276306,0.6299999952316284,1.0160000324249268,0.7080000042915344,0.656000018119812
147.71764850616455,0.628000020980835,0.6620000004768372,0.628000020980835,0.9800000190734864,0.6919999718666077,0.656000018119812
147.72739481925964,0.628000020980835,0.656000018119812,0.628000020980835,0.949999988079071,0.6859999895095825,0.656000018119812
147.73724603652954,0.6259999871253967,0.6539999842643738,0.628000020980835,0.9020000100135804,0.6819999814033508,0.656000018119812
147.74793934822083,0.6259999871253967,0.6539999842643738,0.6320000290870667,0.8500000238418579,0.6859999895095825,0.656000018119812
147.7573709487915,0.6259999871253967,0.6480000019073486,0.6359999775886536,0.7559999823570251,0.6759999990463257,0.6579999923706055
147.76749730110168,0.628000020980835,0.6480000019073486,0.6340000033378601,0.7319999933242798,0.6620000004768372,0.6579999923706055
147.7772455215454,0.6299999952316284,0.6460000276565552,0.6359999775886536,0.7200000286102295,0.6579999923706055,0.6579999923706055
147.78732228279114,0.6299999952316284,0.6460000276565552,0.6359999775886536,0.7160000205039978,0.6579999923706055,0.671999990940094
147.79800581932068,0.6299999952316284,0.6460000276565552,0.6359999775886536,0.7239999771118164,0.656000018119812,0.6620000004768372
147.80731773376465,0.6299999952316284,0.6460000276565552,0.6359999775886536,0.7319999933242798,0.656000018119812,0.6620000004768372
147.81730222702026,0.6299999952316284,0.6460000276565552,0.6359999775886536,0.7400000095367432,0.6579999923706055,0.6620000004768372
147.82790327072144,0.6320000290870667,0.6460000276565552,0.6359999775886536,0.7419999837875366,0.6639999747276306,0.6620000004768372
147.83735728263855,0.6320000290870667,0.6460000276565552,0.6359999775886536,0.7419999837875366,0.6639999747276306,0.6620000004768372
147.8474042415619,0.6320000290870667,0.6460000276565552,0.6340000033378601,0.7419999837875366,0.6620000004768372,0.6620000004768372
147.85739064216614,0.6320000290870667,0.6460000276565552,0.6340000033378601,0.7419999837875366,0.6620000004768372,0.6620000004768372
147.86724829673767,0.6320000290870667,0.6460000276565552,0.6340000033378601,0.7440000176429749,0.6620000004768372,0.6620000004768372
147.87737727165222,0.6320000290870667,0.6460000276565552,0.6340000033378601,0.7419999837875366,0.6600000262260437,0.6620000004768372
147.88728499412537,0.6320000290870667,0.6460000276565552,0.6340000033378601,0.7419999837875366,0.6600000262260437,0.6620000004768372
147.89746284484863,0.6320000290870667,0.6460000276565552,0.6340000033378601,0.7419999837875366,0.6579999923706055,0.6620000004768372
147.90745496749878,0.6320000290870667,0.6460000276565552,0.6340000033378601,0.7419999837875366,0.6579999923706055,0.6620000004768372
147.91728019714355,0.6320000290870667,0.6460000276565552,0.6340000033378601,0.7419999837875366,0.6579999923706055,0.6620000004768372
147.92731404304504,0.6320000290870667,0.6460000276565552,0.6340000033378601,0.7419999837875366,0.6579999923706055,0.6620000004768372
147.93741393089294,0.6320000290870667,0.6460000276565552,0.6340000033378601,0.7419999837875366,0.6579999923706055,0.6620000004768372
147.94801783561707,0.6320000290870667,0.6460000276565552,0.6340000033378601,0.7419999837875366,0.6579999923706055,0.6620000004768372
147.95753622055054,0.6320000290870667,0.6460000276565552,0.6340000033378601,0.7419999837875366,0.6579999923706055,0.6620000004768372
147.9675440788269,0.6320000290870667,0.6460000276565552,0.6340000033378601,0.7419999837875366,0.6579999923706055,0.6620000004768372
147.9774386882782,0.6320000290870667,0.6460000276565552,0.6340000033378601,0.7419999837875366,0.6579999923706055,0.6620000004768372
147.98742151260376,0.6320000290870667,0.6460000276565552,0.6340000033378601,0.7419999837875366,0.6579999923706055,0.6620000004768372
147.99726510047913,0.6320000290870667,0.6460000276565552,0.6340000033378601,0.7419999837875366,0.6579999923706055,0.6620000004768372
148.00738191604614,0.6320000290870667,0.6460000276565552,0.6340000033378601,0.7400000095367432,0.6579999923706055,0.6620000004768372
148.0173830986023,0.6320000290870667,0.6460000276565552,0.6340000033378601,0.7400000095367432,0.6579999923706055,0.6620000004768372
148.02726674079895,0.6340000033378601,0.6460000276565552,0.6340000033378601,0.7400000095367432,0.6579999923706055,0.6620000004768372
148.03780841827393,0.6340000033378601,0.6460000276565552,0.6340000033378601,0.7400000095367432,0.6579999923706055,0.6620000004768372
148.04852056503296,0.6340000033378601,0.6460000276565552,0.6340000033378601,0.7379999756813049,0.6579999923706055,0.6620000004768372
148.05752515792847,0.6340000033378601,0.6460000276565552,0.6359999775886536,0.7379999756813049,0.656000018119812,0.6600000262260437
148.0674340724945,0.6340000033378601,0.6460000276565552,0.6359999775886536,0.7379999756813049,0.656000018119812,0.6600000262260437
148.0773890018463,0.6340000033378601,0.6460000276565552,0.6359999775886536,0.7379999756813049,0.656000018119812,0.6600000262260437
148.08730173110962,0.6340000033378601,0.6460000276565552,0.6420000195503235,0.7360000014305115,0.6539999842643738,0.6679999828338623
148.0974178314209,0.6359999775886536,0.6460000276565552,0.6460000276565552,0.734000027179718,0.6499999761581421,0.6740000247955322
148.10735201835632,0.6399999856948853,0.6460000276565552,0.6520000100135803,0.7279999852180481,0.6460000276565552,0.6800000071525574
148.1175775527954,0.6420000195503235,0.6439999938011169,0.6539999842643738,0.7200000286102295,0.6420000195503235,0.7059999704360962
148.1273548603058,0.6359999775886536,0.6439999938011169,0.671999990940094,0.7200000286102295,0.6420000195503235,0.7239999771118164
148.13830161094666,0.6620000004768372,0.6399999856948853,0.6679999828338623,0.7120000123977661,0.6399999856948853,0.7239999771118164
148.14747262001038,0.6679999828338623,0.6439999938011169,0.6840000152587891,0.7319999933242798,0.6480000019073486,0.7160000205039978
148.1573874950409,0.671999990940094,0.6439999938011169,0.6919999718666077,0.7419999837875366,0.6499999761581421,0.7080000042915344
148.16748142242432,0.699999988079071,0.6420000195503235,0.7099999785423279,0.7480000257492065,0.7200000286102295,0.6980000138282776
148.17733001708984,0.7139999866485596,0.6420000195503235,0.7200000286102295,0.765999972820282,0.7440000176429749,0.6899999976158142
148.18730783462524,0.7239999771118164,0.6460000276565552,0.7260000109672546,0.7979999780654907,0.7620000243186951,0.6880000233650208
148.19732069969177,0.734000027179718,0.6460000276565552,0.734000027179718,0.8259999752044678,0.7839999794960022,0.6859999895095825
148.20735430717468,0.7379999756813049,0.6460000276565552,0.7419999837875366,0.8479999899864197,0.8059999942779541,0.6859999895095825
148.21741724014282,0.7419999837875366,0.6480000019073486,0.7480000257492065,0.8600000143051147,0.8199999928474426,0.6840000152587891
148.22743344306946,0.7459999918937683,0.6480000019073486,0.7540000081062317,0.871999979019165,0.8320000171661377,0.6819999814033508
148.23790621757507,0.7480000257492065,0.6480000019073486,0.7580000162124634,0.878000020980835,0.8399999737739563,0.6800000071525574
148.24774408340454,0.7519999742507935,0.6480000019073486,0.7620000243186951,0.8859999775886536,0.8479999899864197,0.6759999990463257
148.260089635849,0.7540000081062317,0.6539999842643738,0.7639999985694885,0.8899999856948853,0.8539999723434448,0.6740000247955322
148.26740765571594,0.7540000081062317,0.6579999923706055,0.765999972820282,0.8899999856948853,0.8560000061988831,0.6740000247955322
148.27730989456177,0.7559999823570251,0.6620000004768372,0.765999972820282,0.8899999856948853,0.8539999723434448,0.671999990940094
148.28730869293213,0.7559999823570251,0.6639999747276306,0.7680000066757202,0.8880000114440918,0.8519999980926514,0.671999990940094
148.29732751846313,0.7559999823570251,0.6639999747276306,0.7680000066757202,0.8859999775886536,0.8479999899864197,0.6700000166893005
148.3073341846466,0.7580000162124634,0.6620000004768372,0.7680000066757202,0.8840000033378601,0.843999981880188,0.6679999828338623
148.3172459602356,0.7580000162124634,0.6620000004768372,0.7680000066757202,0.8799999952316284,0.8420000076293945,0.6660000085830688
148.32733845710754,0.7580000162124634,0.6620000004768372,0.7680000066757202,0.878000020980835,0.8360000252723694,0.6660000085830688
148.34220457077026,0.7580000162124634,0.6620000004768372,0.7680000066757202,0.878000020980835,0.8320000171661377,0.6660000085830688
148.34807634353638,0.7580000162124634,0.6620000004768372,0.7680000066757202,0.8759999871253967,0.8240000009536743,0.6660000085830688
148.35743236541748,0.7580000162124634,0.6620000004768372,0.7680000066757202,0.8740000128746033,0.8159999847412109,0.6639999747276306
148.3675775527954,0.7580000162124634,0.6620000004768372,0.7680000066757202,0.8740000128746033,0.8119999766349792,0.6639999747276306
148.37733221054077,0.7599999904632568,0.6639999747276306,0.7680000066757202,0.8740000128746033,0.8080000281333923,0.6639999747276306
148.3874068260193,0.7599999904632568,0.6639999747276306,0.7699999809265137,0.8740000128746033,0.8040000200271606,0.6639999747276306
148.39739394187927,0.7599999904632568,0.6639999747276306,0.7699999809265137,0.8740000128746033,0.8019999861717224,0.6620000004768372
148.40733313560486,0.7599999904632568,0.6660000085830688,0.7699999809265137,0.8759999871253967,0.800000011920929,0.6620000004768372
148.41744089126587,0.7599999904632568,0.6679999828338623,0.7699999809265137,0.8759999871253967,0.800000011920929,0.6620000004768372
148.42733883857727,0.7620000243186951,0.6679999828338623,0.7720000147819519,0.878000020980835,0.800000011920929,0.6639999747276306
148.4373071193695,0.7620000243186951,0.6700000166893005,0.7720000147819519,0.878000020980835,0.8019999861717224,0.6639999747276306
148.4475700855255,0.7620000243186951,0.6700000166893005,0.7720000147819519,0.8799999952316284,0.8019999861717224,0.6639999747276306
148.45741653442383,0.7620000243186951,0.6700000166893005,0.7739999890327454,0.8840000033378601,0.8040000200271606,0.6639999747276306
148.4674220085144,0.7639999985694885,0.671999990940094,0.7739999890327454,0.8859999775886536,0.8059999942779541,0.6639999747276306
148.4772617816925,0.7639999985694885,0.6740000247955322,0.7760000228881836,0.8899999856948853,0.8080000281333923,0.6639999747276306
148.48737621307373,0.7639999985694885,0.6759999990463257,0.7760000228881836,0.8939999938011169,0.8140000104904175,0.6639999747276306
148.49738121032715,0.765999972820282,0.6759999990463257,0.7760000228881836,0.8960000276565552,0.8159999847412109,0.6639999747276306
148.50732135772705,0.765999972820282,0.6779999732971191,0.777999997138977,0.8999999761581421,0.8180000185966492,0.6639999747276306
148.51737809181213,0.765999972820282,0.6800000071525574,0.7799999713897705,0.8999999761581421,0.8199999928474426,0.6639999747276306
148.52740502357483,0.765999972820282,0.6819999814033508,0.7799999713897705,0.9020000100135804,0.8220000267028809,0.6639999747276306
148.53731179237366,0.765999972820282,0.6819999814033508,0.7799999713897705,0.9039999842643738,0.8240000009536743,0.6639999747276306
148.54787516593933,0.7680000066757202,0.6819999814033508,0.7820000052452087,0.906000018119812,0.8259999752044678,0.6639999747276306
148.55739283561707,0.7680000066757202,0.6840000152587891,0.7820000052452087,0.9079999923706056,0.8299999833106995,0.6639999747276306
148.56732630729675,0.7680000066757202,0.6859999895095825,0.7820000052452087,0.9100000262260436,0.8339999914169312,0.6639999747276306
148.57784748077393,0.7680000066757202,0.6859999895095825,0.7820000052452087,0.9120000004768372,0.8379999995231628,0.6639999747276306
148.58742380142212,0.7680000066757202,0.6880000233650208,0.7820000052452087,0.9139999747276306,0.843999981880188,0.6620000004768372
148.59730696678162,0.765999972820282,0.6880000233650208,0.7820000052452087,0.9179999828338624,0.8479999899864197,0.6620000004768372
148.60756731033325,0.765999972820282,0.6899999976158142,0.7839999794960022,0.9240000247955322,0.8539999723434448,0.6620000004768372
148.61726021766663,0.765999972820282,0.6919999718666077,0.7839999794960022,0.9279999732971193,0.8619999885559082,0.6620000004768372
148.6273546218872,0.765999972820282,0.6959999799728394,0.7839999794960022,0.9300000071525574,0.8679999709129333,0.6620000004768372
148.63728022575378,0.7639999985694885,0.6959999799728394,0.7839999794960022,0.9359999895095824,0.8740000128746033,0.6620000004768372
148.647540807724,0.7639999985694885,0.6980000138282776,0.7839999794960022,0.9399999976158142,0.8799999952316284,0.6620000004768372
148.6572859287262,0.7639999985694885,0.699999988079071,0.7839999794960022,0.944000005722046,0.8840000033378601,0.6620000004768372
148.66736721992493,0.7620000243186951,0.7020000219345093,0.7839999794960022,0.9480000138282776,0.8899999856948853,0.6620000004768372
148.677348613739,0.7620000243186951,0.7020000219345093,0.7839999794960022,0.9520000219345092,0.8920000195503235,0.6620000004768372
148.68770098686218,0.7620000243186951,0.7039999961853027,0.7839999794960022,0.9580000042915344,0.8980000019073486,0.6620000004768372
148.6973648071289,0.7599999904632568,0.7059999704360962,0.7839999794960022,0.962000012397766,0.9020000100135804,0.6620000004768372
148.70738554000854,0.7599999904632568,0.7059999704360962,0.7860000133514404,0.9660000205039978,0.9039999842643738,0.6620000004768372
148.71731233596802,0.7599999904632568,0.7099999785423279,0.7860000133514404,0.9700000286102296,0.9079999923706056,0.6600000262260437
148.72736859321594,0.7599999904632568,0.7120000123977661,0.7860000133514404,0.9739999771118164,0.9100000262260436,0.6600000262260437
148.73731756210327,0.7580000162124634,0.7160000205039978,0.7860000133514404,0.977999985218048,0.9139999747276306,0.6600000262260437
148.7473213672638,0.7580000162124634,0.7200000286102295,0.7860000133514404,0.984000027179718,0.9160000085830688,0.6600000262260437
148.7574405670166,0.7580000162124634,0.722000002861023,0.7860000133514404,0.9900000095367432,0.9179999828338624,0.6600000262260437
148.76730251312256,0.7580000162124634,0.7239999771118164,0.7860000133514404,0.9980000257492064,0.9240000247955322,0.6600000262260437
148.77768993377686,0.7559999823570251,0.7279999852180481,0.7860000133514404,1.00600004196167,0.9279999732971193,0.6600000262260437
148.7885684967041,0.7559999823570251,0.7279999852180481,0.7860000133514404,1.0099999904632568,0.9300000071525574,0.6600000262260437
148.7973301410675,0.7519999742507935,0.7319999933242798,0.7860000133514404,1.0180000066757202,0.9319999814033508,0.6579999923706055
148.8072328567505,0.75,0.734000027179718,0.7860000133514404,1.0219999551773071,0.9340000152587892,0.6579999923706055
148.81735134124756,0.7459999918937683,0.7360000014305115,0.7860000133514404,1.0299999713897705,0.9359999895095824,0.6579999923706055
148.82725739479065,0.7400000095367432,0.7400000095367432,0.7839999794960022,1.0360000133514404,0.9359999895095824,0.6579999923706055
148.83752846717834,0.7360000014305115,0.7419999837875366,0.7839999794960022,1.0440000295639038,0.9359999895095824,0.6579999923706055
148.84740900993347,0.7300000190734863,0.7440000176429749,0.7820000052452087,1.0499999523162842,0.9359999895095824,0.6579999923706055
148.8573112487793,0.7239999771118164,0.7440000176429749,0.777999997138977,1.055999994277954,0.9340000152587892,0.6579999923706055
148.86722683906555,0.7139999866485596,0.7459999918937683,0.7720000147819519,1.0640000104904177,0.9300000071525574,0.6579999923706055
148.8776798248291,0.7020000219345093,0.7480000257492065,0.7639999985694885,1.0679999589920044,0.9259999990463256,0.6579999923706055
148.88755631446838,0.6899999976158142,0.75,0.7559999823570251,1.0720000267028809,0.9200000166893004,0.6579999923706055
148.89743614196777,0.6759999990463257,0.75,0.7419999837875366,1.0759999752044678,0.9120000004768372,0.6579999923706055
148.90751338005066,0.6620000004768372,0.7519999742507935,0.7279999852180481,1.0800000429153442,0.8980000019073486,0.6579999923706055
148.9172444343567,0.6520000100135803,0.7519999742507935,0.7179999947547913,1.0820000171661377,0.878000020980835,0.6579999923706055
148.92731523513794,0.6439999938011169,0.7519999742507935,0.7099999785423279,1.0839999914169312,0.8259999752044678,0.6579999923706055
148.93745493888855,0.6399999856948853,0.7519999742507935,0.7039999961853027,1.0839999914169312,0.7820000052452087,0.6579999923706055
148.94735980033875,0.6399999856948853,0.7519999742507935,0.6959999799728394,1.0820000171661377,0.7419999837875366,0.6579999923706055
148.95738410949707,0.6399999856948853,0.75,0.6919999718666077,1.0779999494552612,0.7160000205039978,0.6579999923706055
148.96734070777893,0.6399999856948853,0.7480000257492065,0.6880000233650208,1.0720000267028809,0.7039999961853027,0.6579999923706055
148.97738337516785,0.6420000195503235,0.7440000176429749,0.6779999732971191,1.059999942779541,0.6940000057220459,0.6600000262260437
148.98812437057495,0.6399999856948853,0.7239999771118164,0.6579999923706055,1.0399999618530271,0.6980000138282776,0.6600000262260437
148.99730563163757,0.6340000033378601,0.7020000219345093,0.6439999938011169,1.0219999551773071,0.7120000123977661,0.6600000262260437
149.00735473632812,0.6299999952316284,0.671999990940094,0.6320000290870667,0.9879999756813048,0.7099999785423279,0.6600000262260437
149.01740336418152,0.6299999952316284,0.6620000004768372,0.6320000290870667,0.949999988079071,0.6980000138282776,0.6600000262260437
149.02729201316833,0.6299999952316284,0.6620000004768372,0.6320000290870667,0.9079999923706056,0.6940000057220459,0.6600000262260437
149.03731870651245,0.6299999952316284,0.6579999923706055,0.6359999775886536,0.8579999804496765,0.6940000057220459,0.6600000262260437
149.047532081604,0.628000020980835,0.6539999842643738,0.6399999856948853,0.7940000295639038,0.6940000057220459,0.6600000262260437
149.0573742389679,0.628000020980835,0.6499999761581421,0.6420000195503235,0.7480000257492065,0.6620000004768372,0.6600000262260437
149.0674386024475,0.628000020980835,0.6499999761581421,0.6380000114440918,0.7300000190734863,0.6579999923706055,0.6600000262260437
149.07728695869446,0.6299999952316284,0.6480000019073486,0.6380000114440918,0.7260000109672546,0.656000018119812,0.6600000262260437
149.08738923072815,0.6299999952316284,0.6480000019073486,0.6380000114440918,0.7200000286102295,0.6579999923706055,0.6639999747276306
149.09765553474426,0.6320000290870667,0.6480000019073486,0.6380000114440918,0.7260000109672546,0.6600000262260437,0.6679999828338623
149.1074092388153,0.6320000290870667,0.6480000019073486,0.6380000114440918,0.7300000190734863,0.656000018119812,0.6639999747276306
149.1175401210785,0.6320000290870667,0.6480000019073486,0.6380000114440918,0.734000027179718,0.6579999923706055,0.6639999747276306
149.12738156318665,0.6320000290870667,0.6480000019073486,0.6380000114440918,0.7360000014305115,0.6639999747276306,0.6639999747276306
149.13739609718323,0.6320000290870667,0.6480000019073486,0.6359999775886536,0.7379999756813049,0.6679999828338623,0.6639999747276306
149.14743328094482,0.6320000290870667,0.6480000019073486,0.6359999775886536,0.7379999756813049,0.6679999828338623,0.6639999747276306
149.15731573104858,0.6320000290870667,0.6480000019073486,0.6359999775886536,0.7379999756813049,0.6679999828338623,0.6639999747276306
149.16737413406372,0.6320000290870667,0.6480000019073486,0.6359999775886536,0.7379999756813049,0.6679999828338623,0.6639999747276306
149.17739844322205,0.6320000290870667,0.6480000019073486,0.6359999775886536,0.7400000095367432,0.6679999828338623,0.6639999747276306
149.18734431266785,0.6320000290870667,0.6480000019073486,0.6340000033378601,0.7400000095367432,0.6679999828338623,0.6639999747276306
149.19735312461853,0.6320000290870667,0.6480000019073486,0.6340000033378601,0.7400000095367432,0.6679999828338623,0.6639999747276306
149.2074146270752,0.6320000290870667,0.6480000019073486,0.6340000033378601,0.7379999756813049,0.6679999828338623,0.6639999747276306
149.21775364875793,0.6320000290870667,0.6480000019073486,0.6340000033378601,0.7379999756813049,0.6679999828338623,0.6639999747276306
149.22739124298096,0.6320000290870667,0.6480000019073486,0.6340000033378601,0.7379999756813049,0.6679999828338623,0.6639999747276306
149.23739743232727,0.6320000290870667,0.6480000019073486,0.6340000033378601,0.7379999756813049,0.6679999828338623,0.6639999747276306
149.24728965759277,0.6320000290870667,0.6480000019073486,0.6340000033378601,0.7379999756813049,0.6679999828338623,0.6639999747276306
149.2575945854187,0.6320000290870667,0.6480000019073486,0.6340000033378601,0.7379999756813049,0.6660000085830688,0.6639999747276306
149.2672896385193,0.6320000290870667,0.6480000019073486,0.6340000033378601,0.7379999756813049,0.6660000085830688,0.6639999747276306
149.27732872962952,0.6320000290870667,0.6480000019073486,0.6340000033378601,0.7400000095367432,0.6660000085830688,0.6639999747276306
149.28744649887085,0.6320000290870667,0.6480000019073486,0.6359999775886536,0.7400000095367432,0.6660000085830688,0.6639999747276306
149.2973437309265,0.6320000290870667,0.6480000019073486,0.6359999775886536,0.7400000095367432,0.6660000085830688,0.6639999747276306
149.3074815273285,0.6320000290870667,0.6460000276565552,0.6359999775886536,0.7400000095367432,0.6660000085830688,0.6639999747276306
149.31743907928467,0.6320000290870667,0.6460000276565552,0.6359999775886536,0.7400000095367432,0.6660000085830688,0.6639999747276306
149.32733702659607,0.6320000290870667,0.6460000276565552,0.6359999775886536,0.7379999756813049,0.6660000085830688,0.6639999747276306
149.33736944198608,0.6320000290870667,0.6460000276565552,0.6359999775886536,0.7379999756813049,0.6660000085830688,0.6639999747276306
149.3479447364807,0.6320000290870667,0.6460000276565552,0.6359999775886536,0.7379999756813049,0.6660000085830688,0.6639999747276306
149.35738849639893,0.6320000290870667,0.6460000276565552,0.6359999775886536,0.7379999756813049,0.6660000085830688,0.6620000004768372
149.36730432510376,0.6340000033378601,0.6460000276565552,0.6359999775886536,0.7379999756813049,0.6639999747276306,0.6620000004768372
149.37739062309265,0.6340000033378601,0.6460000276565552,0.6359999775886536,0.7379999756813049,0.6639999747276306,0.6620000004768372
149.38750767707825,0.6340000033378601,0.6460000276565552,0.6359999775886536,0.7360000014305115,0.6600000262260437,0.6620000004768372
149.39734292030334,0.6340000033378601,0.6460000276565552,0.6359999775886536,0.7360000014305115,0.6579999923706055,0.6620000004768372
149.40731287002563,0.6359999775886536,0.6460000276565552,0.6359999775886536,0.7360000014305115,0.6579999923706055,0.6620000004768372
149.41734743118286,0.6359999775886536,0.6460000276565552,0.6359999775886536,0.7360000014305115,0.6600000262260437,0.6620000004768372
149.42734169960022,0.6359999775886536,0.6460000276565552,0.6359999775886536,0.7360000014305115,0.6600000262260437,0.6620000004768372
149.43725204467773,0.6340000033378601,0.6460000276565552,0.6359999775886536,0.7379999756813049,0.6620000004768372,0.6620000004768372
149.44722771644592,0.6340000033378601,0.6460000276565552,0.6380000114440918,0.7379999756813049,0.656000018119812,0.6639999747276306
149.4573414325714,0.6380000114440918,0.6460000276565552,0.6420000195503235,0.7319999933242798,0.6539999842643738,0.6740000247955322
149.46760749816895,0.6399999856948853,0.6460000276565552,0.6439999938011169,0.7300000190734863,0.6520000100135803,0.6980000138282776
149.4775664806366,0.6439999938011169,0.6460000276565552,0.6539999842643738,0.7260000109672546,0.6460000276565552,0.7139999866485596
149.48799633979797,0.6460000276565552,0.6439999938011169,0.6539999842643738,0.722000002861023,0.6439999938011169,0.7179999947547913
149.4973063468933,0.6480000019073486,0.6420000195503235,0.6800000071525574,0.7139999866485596,0.6380000114440918,0.722000002861023
149.50734162330627,0.6679999828338623,0.6420000195503235,0.6899999976158142,0.7120000123977661,0.6380000114440918,0.7179999947547913
149.51732349395752,0.6740000247955322,0.6439999938011169,0.699999988079071,0.7319999933242798,0.6460000276565552,0.7120000123977661
149.5273060798645,0.6899999976158142,0.6420000195503235,0.7099999785423279,0.7419999837875366,0.6800000071525574,0.7039999961853027
149.5373797416687,0.7039999961853027,0.6420000195503235,0.7179999947547913,0.7440000176429749,0.7179999947547913,0.6940000057220459
149.54739928245544,0.7200000286102295,0.6439999938011169,0.7239999771118164,0.7519999742507935,0.7400000095367432,0.6919999718666077
149.55723810195923,0.7300000190734863,0.6439999938011169,0.7279999852180481,0.7639999985694885,0.7580000162124634,0.6899999976158142
149.5674386024475,0.7379999756813049,0.6439999938011169,0.734000027179718,0.7900000214576721,0.7699999809265137,0.6880000233650208
149.57754969596863,0.7440000176429749,0.6439999938011169,0.7400000095367432,0.8119999766349792,0.7820000052452087,0.6859999895095825
149.58863353729248,0.7459999918937683,0.6460000276565552,0.7440000176429749,0.8199999928474426,0.7900000214576721,0.6840000152587891
149.59736680984497,0.75,0.6460000276565552,0.75,0.8320000171661377,0.7960000038146973,0.6819999814033508
149.60725831985474,0.7519999742507935,0.6460000276565552,0.7519999742507935,0.8360000252723694,0.800000011920929,0.6800000071525574
149.61728405952454,0.7559999823570251,0.6480000019073486,0.7540000081062317,0.8379999995231628,0.8019999861717224,0.6779999732971191
149.62724375724792,0.7559999823570251,0.6480000019073486,0.7559999823570251,0.8399999737739563,0.8019999861717224,0.6779999732971191
149.6371967792511,0.7580000162124634,0.6480000019073486,0.7559999823570251,0.8379999995231628,0.800000011920929,0.6779999732971191
149.64721751213074,0.7580000162124634,0.6480000019073486,0.7580000162124634,0.8360000252723694,0.7960000038146973,0.6759999990463257
149.65721035003662,0.7599999904632568,0.6480000019073486,0.7580000162124634,0.8320000171661377,0.7940000295639038,0.6740000247955322
149.6676058769226,0.7599999904632568,0.6480000019073486,0.7559999823570251,0.8299999833106995,0.7900000214576721,0.6740000247955322
149.67756247520447,0.7599999904632568,0.6480000019073486,0.7559999823570251,0.8259999752044678,0.7879999876022339,0.6740000247955322
149.68830752372742,0.7599999904632568,0.6480000019073486,0.7559999823570251,0.8220000267028809,0.7860000133514404,0.671999990940094
149.69725632667542,0.7599999904632568,0.6499999761581421,0.7559999823570251,0.8180000185966492,0.7820000052452087,0.671999990940094
149.70725893974304,0.7599999904632568,0.6499999761581421,0.7559999823570251,0.8119999766349792,0.7799999713897705,0.671999990940094
149.7171814441681,0.7599999904632568,0.6480000019073486,0.7559999823570251,0.8100000023841858,0.777999997138977,0.671999990940094
149.7272822856903,0.7599999904632568,0.6480000019073486,0.7559999823570251,0.8059999942779541,0.7739999890327454,0.671999990940094
149.73719096183777,0.7620000243186951,0.6480000019073486,0.7559999823570251,0.8040000200271606,0.7720000147819519,0.671999990940094
149.74724173545837,0.7620000243186951,0.6480000019073486,0.7559999823570251,0.8040000200271606,0.7699999809265137,0.6700000166893005
149.7572968006134,0.7620000243186951,0.6480000019073486,0.7559999823570251,0.8019999861717224,0.7699999809265137,0.671999990940094
149.76732516288757,0.7620000243186951,0.6480000019073486,0.7559999823570251,0.800000011920929,0.7699999809265137,0.671999990940094
149.77749681472778,0.7620000243186951,0.6480000019073486,0.7559999823570251,0.8019999861717224,0.7720000147819519,0.671999990940094
149.78751587867737,0.7620000243186951,0.6480000019073486,0.7559999823570251,0.8040000200271606,0.7720000147819519,0.6740000247955322
149.79718923568726,0.7620000243186951,0.6480000019073486,0.7580000162124634,0.8059999942779541,0.7739999890327454,0.6740000247955322
149.80715942382812,0.7620000243186951,0.6480000019073486,0.7580000162124634,0.8100000023841858,0.777999997138977,0.6759999990463257
149.81739139556885,0.7620000243186951,0.6480000019073486,0.7599999904632568,0.8119999766349792,0.7820000052452087,0.6759999990463257
149.8274130821228,0.7620000243186951,0.6480000019073486,0.7599999904632568,0.8140000104904175,0.7860000133514404,0.6779999732971191
149.83718252182007,0.7620000243186951,0.6480000019073486,0.7620000243186951,0.8140000104904175,0.7879999876022339,0.6800000071525574
149.84721612930298,0.7620000243186951,0.6480000019073486,0.7620000243186951,0.8159999847412109,0.7900000214576721,0.6819999814033508
149.85730481147766,0.7599999904632568,0.6480000019073486,0.7620000243186951,0.8140000104904175,0.7900000214576721,0.6840000152587891
149.8674795627594,0.7599999904632568,0.6480000019073486,0.7599999904632568,0.8140000104904175,0.7919999957084656,0.6840000152587891
149.87776446342468,0.7580000162124634,0.6480000019073486,0.7599999904632568,0.8180000185966492,0.7940000295639038,0.6880000233650208
149.88743424415588,0.7580000162124634,0.6480000019073486,0.7620000243186951,0.8240000009536743,0.7960000038146973,0.6880000233650208
149.89731979370117,0.7559999823570251,0.6480000019073486,0.7620000243186951,0.828000009059906,0.8019999861717224,0.6899999976158142
149.9071786403656,0.7559999823570251,0.6480000019073486,0.7639999985694885,0.8339999914169312,0.8119999766349792,0.6919999718666077
149.91713857650757,0.7540000081062317,0.6499999761581421,0.7639999985694885,0.8379999995231628,0.8180000185966492,0.6940000057220459
149.92715644836426,0.7540000081062317,0.6499999761581421,0.765999972820282,0.843999981880188,0.8240000009536743,0.6940000057220459
149.93721961975098,0.7540000081062317,0.6499999761581421,0.7680000066757202,0.8479999899864197,0.8320000171661377,0.6940000057220459
149.9472222328186,0.7540000081062317,0.6520000100135803,0.7680000066757202,0.8519999980926514,0.8360000252723694,0.6959999799728394
149.95831108093262,0.7519999742507935,0.6520000100135803,0.7680000066757202,0.8560000061988831,0.8460000157356262,0.6959999799728394
149.96735501289368,0.7519999742507935,0.6539999842643738,0.7699999809265137,0.8600000143051147,0.8539999723434448,0.6959999799728394
149.97799921035767,0.7519999742507935,0.6539999842643738,0.7699999809265137,0.8619999885559082,0.8619999885559082,0.6959999799728394
149.98778414726257,0.75,0.6539999842643738,0.7699999809265137,0.8679999709129333,0.8700000047683716,0.6959999799728394
149.99864411354065,0.75,0.6539999842643738,0.7699999809265137,0.871999979019165,0.8740000128746033,0.6959999799728394
150.00920844078064,0.75,0.6539999842643738,0.7720000147819519,0.878000020980835,0.8820000290870667,0.6940000057220459
150.0180914402008,0.7480000257492065,0.656000018119812,0.7720000147819519,0.8840000033378601,0.8880000114440918,0.6940000057220459
150.0289580821991,0.7480000257492065,0.656000018119812,0.7720000147819519,0.8880000114440918,0.8920000195503235,0.6940000057220459
150.03805017471313,0.7480000257492065,0.656000018119812,0.7739999890327454,0.8939999938011169,0.8980000019073486,0.6919999718666077
150.04831671714783,0.7459999918937683,0.656000018119812,0.7739999890327454,0.8980000019073486,0.9020000100135804,0.6919999718666077
150.05772733688354,0.7459999918937683,0.656000018119812,0.7739999890327454,0.906000018119812,0.9079999923706056,0.6899999976158142
150.06811213493347,0.7459999918937683,0.656000018119812,0.7739999890327454,0.9120000004768372,0.9139999747276306,0.6880000233650208
150.0776343345642,0.7459999918937683,0.656000018119812,0.7760000228881836,0.9179999828338624,0.9179999828338624,0.6859999895095825
150.09305453300476,0.7459999918937683,0.656000018119812,0.7760000228881836,0.9259999990463256,0.9240000247955322,0.6840000152587891
150.1021318435669,0.7459999918937683,0.6579999923706055,0.777999997138977,0.9319999814033508,0.9300000071525574,0.6800000071525574
150.10839939117432,0.7459999918937683,0.656000018119812,0.777999997138977,0.9380000233650208,0.9340000152587892,0.6779999732971191
150.1182098388672,0.7459999918937683,0.656000018119812,0.7799999713897705,0.944000005722046,0.9399999976158142,0.6759999990463257
150.12799882888794,0.7459999918937683,0.6620000004768372,0.7799999713897705,0.949999988079071,0.944000005722046,0.671999990940094
150.13859820365906,0.7459999918937683,0.6679999828338623,0.7820000052452087,0.9559999704360962,0.949999988079071,0.6679999828338623
150.14754128456116,0.7459999918937683,0.6740000247955322,0.7820000052452087,0.9639999866485596,0.9539999961853028,0.6660000085830688
150.15765523910522,0.7459999918937683,0.6800000071525574,0.7839999794960022,0.9700000286102296,0.9580000042915344,0.6600000262260437
150.1673846244812,0.7440000176429749,0.6859999895095825,0.7839999794960022,0.9800000190734864,0.9639999866485596,0.6579999923706055
150.1777002811432,0.7440000176429749,0.6899999976158142,0.7839999794960022,0.9860000014305116,0.9660000205039978,0.656000018119812
150.1876437664032,0.7440000176429749,0.6980000138282776,0.7839999794960022,0.9959999918937684,0.9700000286102296,0.656000018119812
150.19743061065674,0.7419999837875366,0.7020000219345093,0.7860000133514404,1.00600004196167,0.972000002861023,0.6539999842643738
150.20740723609924,0.7400000095367432,0.7059999704360962,0.7860000133514404,1.0119999647140503,0.9739999771118164,0.6539999842643738
150.21743512153625,0.7360000014305115,0.7099999785423279,0.7860000133514404,1.0219999551773071,0.9760000109672546,0.6539999842643738
150.22734212875366,0.7300000190734863,0.7120000123977661,0.7839999794960022,1.027999997138977,0.9760000109672546,0.6539999842643738
150.237468957901,0.7239999771118164,0.7179999947547913,0.7839999794960022,1.0399999618530271,0.9760000109672546,0.6539999842643738
150.24736642837524,0.7160000205039978,0.722000002861023,0.7799999713897705,1.0499999523162842,0.9760000109672546,0.656000018119812
150.25764393806458,0.7120000123977661,0.7239999771118164,0.7760000228881836,1.0579999685287476,0.9760000109672546,0.656000018119812
150.2674117088318,0.6959999799728394,0.7279999852180481,0.7680000066757202,1.065999984741211,0.9739999771118164,0.6539999842643738
150.2779130935669,0.6779999732971191,0.7300000190734863,0.7540000081062317,1.0740000009536743,0.9679999947547911,0.6539999842643738
150.2891640663147,0.6660000085830688,0.7319999933242798,0.7400000095367432,1.0800000429153442,0.962000012397766,0.6539999842643738
150.2986102104187,0.6499999761581421,0.7360000014305115,0.7139999866485596,1.0859999656677246,0.949999988079071,0.6539999842643738
150.3075397014618,0.6460000276565552,0.7379999756813049,0.7020000219345093,1.090000033378601,0.921999990940094,0.6539999842643738
150.31739830970764,0.6460000276565552,0.7400000095367432,0.6880000233650208,1.0920000076293943,0.8399999737739563,0.6539999842643738
150.32741808891296,0.6439999938011169,0.7400000095367432,0.6779999732971191,1.0920000076293943,0.7820000052452087,0.6539999842643738
150.337473154068,0.6420000195503235,0.7379999756813049,0.6700000166893005,1.0920000076293943,0.7620000243186951,0.6539999842643738
150.34762859344482,0.6380000114440918,0.7319999933242798,0.6620000004768372,1.0839999914169312,0.7440000176429749,0.6539999842643738
150.35813117027283,0.6380000114440918,0.7059999704360962,0.6539999842643738,1.0700000524520874,0.7300000190734863,0.656000018119812
150.36750602722168,0.6399999856948853,0.6779999732971191,0.6399999856948853,1.055999994277954,0.7160000205039978,0.656000018119812
150.3773787021637,0.6420000195503235,0.6620000004768372,0.6340000033378601,1.0299999713897705,0.7160000205039978,0.656000018119812
150.38781428337097,0.6399999856948853,0.6639999747276306,0.6299999952316284,1.0019999742507937,0.7139999866485596,0.656000018119812
150.39773988723755,0.6340000033378601,0.6600000262260437,0.628000020980835,0.9660000205039978,0.7239999771118164,0.656000018119812
150.4075062274933,0.628000020980835,0.6579999923706055,0.628000020980835,0.9200000166893004,0.722000002861023,0.656000018119812
150.41786432266235,0.628000020980835,0.656000018119812,0.6299999952316284,0.8840000033378601,0.7179999947547913,0.656000018119812
150.42809772491455,0.628000020980835,0.6520000100135803,0.6359999775886536,0.7820000052452087,0.699999988079071,0.656000018119812
150.43784141540527,0.628000020980835,0.6480000019073486,0.6359999775886536,0.7360000014305115,0.6700000166893005,0.656000018119812
150.4473261833191,0.6299999952316284,0.6480000019073486,0.6359999775886536,0.7239999771118164,0.6579999923706055,0.6579999923706055
150.45753002166748,0.6320000290870667,0.6480000019073486,0.6359999775886536,0.7200000286102295,0.6579999923706055,0.6759999990463257
150.4674813747406,0.6320000290870667,0.6480000019073486,0.6359999775886536,0.7260000109672546,0.656000018119812,0.6620000004768372
150.47739791870117,0.6320000290870667,0.6460000276565552,0.6359999775886536,0.7379999756813049,0.656000018119812,0.6600000262260437
150.48740983009338,0.6320000290870667,0.6460000276565552,0.6359999775886536,0.7480000257492065,0.656000018119812,0.6620000004768372
150.49731349945068,0.6320000290870667,0.6460000276565552,0.6359999775886536,0.7480000257492065,0.6600000262260437,0.6620000004768372
150.50738263130188,0.6320000290870667,0.6460000276565552,0.6359999775886536,0.7480000257492065,0.6600000262260437,0.6620000004768372
150.51807236671448,0.6320000290870667,0.6460000276565552,0.6359999775886536,0.7480000257492065,0.6579999923706055,0.6620000004768372
150.52756762504578,0.6320000290870667,0.6460000276565552,0.6340000033378601,0.7459999918937683,0.6579999923706055,0.6620000004768372
150.53754830360413,0.6320000290870667,0.6460000276565552,0.6359999775886536,0.7459999918937683,0.6579999923706055,0.6620000004768372
150.5474796295166,0.6320000290870667,0.6460000276565552,0.6359999775886536,0.7459999918937683,0.6579999923706055,0.6620000004768372
150.5574004650116,0.6320000290870667,0.6460000276565552,0.6359999775886536,0.7459999918937683,0.656000018119812,0.6620000004768372
150.56740164756775,0.6340000033378601,0.6460000276565552,0.6359999775886536,0.7459999918937683,0.6579999923706055,0.6620000004768372
150.5773742198944,0.6340000033378601,0.6460000276565552,0.6359999775886536,0.7459999918937683,0.6579999923706055,0.6620000004768372
150.5877137184143,0.6340000033378601,0.6460000276565552,0.6340000033378601,0.7440000176429749,0.6579999923706055,0.6620000004768372
150.5975592136383,0.6340000033378601,0.6460000276565552,0.6340000033378601,0.7440000176429749,0.6579999923706055,0.6620000004768372
150.6075954437256,0.6340000033378601,0.6460000276565552,0.6359999775886536,0.7440000176429749,0.6579999923706055,0.6620000004768372
150.61759233474731,0.6340000033378601,0.6460000276565552,0.6340000033378601,0.7440000176429749,0.6579999923706055,0.6620000004768372
150.627596616745,0.6340000033378601,0.6460000276565552,0.6340000033378601,0.7440000176429749,0.6579999923706055,0.6620000004768372
150.63831400871277,0.6340000033378601,0.6460000276565552,0.6340000033378601,0.7440000176429749,0.6579999923706055,0.6620000004768372
150.64817428588867,0.6340000033378601,0.6460000276565552,0.6340000033378601,0.7440000176429749,0.6579999923706055,0.6620000004768372
150.6574239730835,0.6340000033378601,0.6460000276565552,0.6340000033378601,0.7419999837875366,0.6579999923706055,0.6620000004768372
150.66734290122986,0.6340000033378601,0.6460000276565552,0.6340000033378601,0.7419999837875366,0.656000018119812,0.6620000004768372
150.67739462852478,0.6340000033378601,0.6460000276565552,0.6340000033378601,0.7400000095367432,0.656000018119812,0.6620000004768372
150.68746376037598,0.6340000033378601,0.6460000276565552,0.6359999775886536,0.7379999756813049,0.6579999923706055,0.6620000004768372
150.69741678237915,0.6340000033378601,0.6460000276565552,0.6340000033378601,0.7379999756813049,0.656000018119812,0.6620000004768372
150.7080364227295,0.6340000033378601,0.6460000276565552,0.6340000033378601,0.7379999756813049,0.6579999923706055,0.6620000004768372
150.71749663352966,0.6340000033378601,0.6460000276565552,0.6359999775886536,0.7360000014305115,0.6579999923706055,0.6620000004768372
150.72802209854126,0.6340000033378601,0.6460000276565552,0.6359999775886536,0.7360000014305115,0.6579999923706055,0.6620000004768372
150.7424919605255,0.6340000033378601,0.6460000276565552,0.6359999775886536,0.7360000014305115,0.6579999923706055,0.6620000004768372
150.74753594398499,0.6340000033378601,0.6460000276565552,0.6359999775886536,0.734000027179718,0.6579999923706055,0.6620000004768372
150.75737714767456,0.6340000033378601,0.6460000276565552,0.6359999775886536,0.734000027179718,0.6579999923706055,0.6620000004768372
150.76737523078918,0.6340000033378601,0.6460000276565552,0.6359999775886536,0.7319999933242798,0.6579999923706055,0.6620000004768372
150.77758884429932,0.6340000033378601,0.6460000276565552,0.6359999775886536,0.7319999933242798,0.6579999923706055,0.6620000004768372
150.7874629497528,0.6340000033378601,0.6460000276565552,0.6359999775886536,0.7319999933242798,0.6579999923706055,0.6620000004768372
150.79747653007507,0.6340000033378601,0.6460000276565552,0.6359999775886536,0.7319999933242798,0.6579999923706055,0.6620000004768372
150.8073854446411,0.6340000033378601,0.6460000276565552,0.6359999775886536,0.7319999933242798,0.6579999923706055,0.6620000004768372
150.81751370429993,0.6340000033378601,0.6460000276565552,0.6359999775886536,0.7319999933242798,0.6579999923706055,0.6620000004768372
150.82748365402222,0.6320000290870667,0.6460000276565552,0.6399999856948853,0.7319999933242798,0.656000018119812,0.6620000004768372
150.83956956863403,0.6340000033378601,0.6460000276565552,0.6439999938011169,0.7260000109672546,0.6480000019073486,0.6759999990463257
150.84836196899414,0.6380000114440918,0.6460000276565552,0.6499999761581421,0.7239999771118164,0.6480000019073486,0.6959999799728394
150.85751843452454,0.6460000276565552,0.6439999938011169,0.656000018119812,0.7239999771118164,0.6420000195503235,0.7080000042915344
150.86741995811462,0.6399999856948853,0.6420000195503235,0.671999990940094,0.7080000042915344,0.6380000114440918,0.7200000286102295
150.87815189361572,0.6639999747276306,0.6420000195503235,0.6800000071525574,0.7039999961853027,0.6359999775886536,0.7179999947547913
150.88806915283203,0.6759999990463257,0.6420000195503235,0.6899999976158142,0.7179999947547913,0.6420000195503235,0.7099999785423279
150.89783692359924,0.6819999814033508,0.6439999938011169,0.6959999799728394,0.7279999852180481,0.6480000019073486,0.7059999704360962
150.90804433822632,0.699999988079071,0.6420000195503235,0.7099999785423279,0.734000027179718,0.7039999961853027,0.6959999799728394
150.9182186126709,0.7139999866485596,0.6420000195503235,0.7179999947547913,0.7419999837875366,0.7279999852180481,0.6880000233650208
150.9280378818512,0.7260000109672546,0.6420000195503235,0.7239999771118164,0.75,0.7419999837875366,0.6880000233650208
150.93900060653687,0.7360000014305115,0.6439999938011169,0.7279999852180481,0.7799999713897705,0.7599999904632568,0.6859999895095825
150.94766402244568,0.7400000095367432,0.6420000195503235,0.734000027179718,0.8119999766349792,0.7739999890327454,0.6859999895095825
150.96066522598267,0.7440000176429749,0.6439999938011169,0.7400000095367432,0.8240000009536743,0.7839999794960022,0.6859999895095825
150.97237133979797,0.7480000257492065,0.6460000276565552,0.7440000176429749,0.8339999914169312,0.7919999957084656,0.6840000152587891
150.98093366622925,0.75,0.6460000276565552,0.7480000257492065,0.8399999737739563,0.7979999780654907,0.6819999814033508
150.9910864830017,0.7540000081062317,0.6460000276565552,0.7519999742507935,0.8479999899864197,0.8019999861717224,0.6779999732971191
150.99816727638245,0.7559999823570251,0.6460000276565552,0.7540000081062317,0.8500000238418579,0.8019999861717224,0.6779999732971191
151.00969696044922,0.7559999823570251,0.6460000276565552,0.7559999823570251,0.8500000238418579,0.8019999861717224,0.6779999732971191
151.01753568649292,0.7580000162124634,0.6460000276565552,0.7559999823570251,0.8500000238418579,0.8019999861717224,0.6759999990463257
151.02752566337585,0.7580000162124634,0.6460000276565552,0.7559999823570251,0.8479999899864197,0.7960000038146973,0.6740000247955322
151.03736877441406,0.7599999904632568,0.6480000019073486,0.7559999823570251,0.843999981880188,0.7940000295639038,0.6740000247955322
151.04746961593628,0.7599999904632568,0.6480000019073486,0.7559999823570251,0.8399999737739563,0.7900000214576721,0.6740000247955322
151.05775213241577,0.7599999904632568,0.6480000019073486,0.7559999823570251,0.8360000252723694,0.7879999876022339,0.671999990940094
151.067697763443,0.7599999904632568,0.6480000019073486,0.7559999823570251,0.8320000171661377,0.7839999794960022,0.671999990940094
151.077871799469,0.7599999904632568,0.6480000019073486,0.7559999823570251,0.828000009059906,0.7799999713897705,0.671999990940094
151.0886356830597,0.7620000243186951,0.6480000019073486,0.7559999823570251,0.8240000009536743,0.777999997138977,0.671999990940094
151.09740376472473,0.7620000243186951,0.6480000019073486,0.7559999823570251,0.8180000185966492,0.7760000228881836,0.6700000166893005
151.10750102996826,0.7620000243186951,0.6480000019073486,0.7559999823570251,0.8140000104904175,0.7739999890327454,0.6700000166893005
151.11772537231445,0.7620000243186951,0.6480000019073486,0.7559999823570251,0.8080000281333923,0.7720000147819519,0.6700000166893005
151.12774682044983,0.7620000243186951,0.6480000019073486,0.7559999823570251,0.8040000200271606,0.7699999809265137,0.671999990940094
151.1378698348999,0.7620000243186951,0.6480000019073486,0.7559999823570251,0.800000011920929,0.7699999809265137,0.671999990940094
151.14798402786255,0.7620000243186951,0.6480000019073486,0.7559999823570251,0.800000011920929,0.7699999809265137,0.671999990940094
151.15849089622498,0.7639999985694885,0.6480000019073486,0.7559999823570251,0.800000011920929,0.7699999809265137,0.671999990940094
151.16796803474426,0.7639999985694885,0.6480000019073486,0.7559999823570251,0.8019999861717224,0.7699999809265137,0.671999990940094
151.1782956123352,0.7639999985694885,0.6480000019073486,0.7580000162124634,0.8040000200271606,0.7720000147819519,0.671999990940094
151.18860292434692,0.7639999985694885,0.6480000019073486,0.7580000162124634,0.8080000281333923,0.7739999890327454,0.671999990940094
151.19843173027039,0.765999972820282,0.6480000019073486,0.7599999904632568,0.8140000104904175,0.7760000228881836,0.671999990940094
151.20747208595276,0.765999972820282,0.6480000019073486,0.7620000243186951,0.8220000267028809,0.777999997138977,0.671999990940094
151.21730256080627,0.765999972820282,0.6480000019073486,0.7639999985694885,0.8259999752044678,0.7799999713897705,0.671999990940094
151.22731614112854,0.765999972820282,0.6480000019073486,0.7639999985694885,0.828000009059906,0.7820000052452087,0.6740000247955322
151.23743844032288,0.765999972820282,0.6480000019073486,0.765999972820282,0.8299999833106995,0.7839999794960022,0.6740000247955322
151.2473337650299,0.765999972820282,0.6480000019073486,0.7680000066757202,0.8320000171661377,0.7879999876022339,0.671999990940094
151.25769996643066,0.765999972820282,0.6499999761581421,0.7680000066757202,0.8339999914169312,0.7900000214576721,0.671999990940094
151.26732563972473,0.765999972820282,0.6480000019073486,0.7699999809265137,0.8379999995231628,0.7919999957084656,0.671999990940094
151.2781045436859,0.765999972820282,0.6499999761581421,0.7699999809265137,0.8399999737739563,0.7940000295639038,0.671999990940094
151.28739500045776,0.765999972820282,0.6499999761581421,0.7720000147819519,0.8399999737739563,0.7960000038146973,0.671999990940094
151.29730463027954,0.765999972820282,0.6499999761581421,0.7720000147819519,0.8420000076293945,0.7979999780654907,0.671999990940094
151.3074128627777,0.765999972820282,0.6499999761581421,0.7720000147819519,0.843999981880188,0.8019999861717224,0.671999990940094
151.31732320785522,0.765999972820282,0.6499999761581421,0.7720000147819519,0.8460000157356262,0.8040000200271606,0.6740000247955322
151.3273742198944,0.765999972820282,0.6499999761581421,0.7739999890327454,0.8500000238418579,0.8080000281333923,0.6740000247955322
151.3373465538025,0.765999972820282,0.6520000100135803,0.7739999890327454,0.8519999980926514,0.8119999766349792,0.6740000247955322
151.34748601913452,0.7639999985694885,0.6520000100135803,0.7739999890327454,0.8539999723434448,0.8159999847412109,0.6759999990463257
151.3580141067505,0.7639999985694885,0.6520000100135803,0.7739999890327454,0.8560000061988831,0.8220000267028809,0.6759999990463257
151.36791849136353,0.7620000243186951,0.6520000100135803,0.7739999890327454,0.8579999804496765,0.828000009059906,0.6759999990463257
151.37762308120728,0.7620000243186951,0.6539999842643738,0.7760000228881836,0.8619999885559082,0.8339999914169312,0.6779999732971191
151.38785886764526,0.7599999904632568,0.6539999842643738,0.7760000228881836,0.8659999966621399,0.843999981880188,0.6779999732971191
151.39746832847595,0.7599999904632568,0.6539999842643738,0.7760000228881836,0.8700000047683716,0.8519999980926514,0.6800000071525574
151.4076600074768,0.7580000162124634,0.6539999842643738,0.7760000228881836,0.8759999871253967,0.8619999885559082,0.6800000071525574
151.41742134094238,0.7580000162124634,0.6539999842643738,0.777999997138977,0.878000020980835,0.8700000047683716,0.6800000071525574
151.42743301391602,0.7559999823570251,0.6539999842643738,0.777999997138977,0.8840000033378601,0.8799999952316284,0.6800000071525574
151.43753266334534,0.7559999823570251,0.6539999842643738,0.777999997138977,0.8899999856948853,0.8880000114440918,0.6800000071525574
151.44752550125122,0.7559999823570251,0.656000018119812,0.777999997138977,0.8939999938011169,0.8920000195503235,0.6800000071525574
151.45734453201294,0.7540000081062317,0.656000018119812,0.7799999713897705,0.8999999761581421,0.8999999761581421,0.6800000071525574
151.4677541255951,0.7540000081062317,0.656000018119812,0.7799999713897705,0.9039999842643738,0.9039999842643738,0.6779999732971191
151.47759127616882,0.7540000081062317,0.656000018119812,0.7799999713897705,0.9120000004768372,0.9079999923706056,0.6779999732971191
151.48761010169983,0.7540000081062317,0.656000018119812,0.7799999713897705,0.9179999828338624,0.9120000004768372,0.6759999990463257
151.4973931312561,0.7540000081062317,0.656000018119812,0.7820000052452087,0.9259999990463256,0.9179999828338624,0.6740000247955322
151.50738835334778,0.7540000081062317,0.6600000262260437,0.7820000052452087,0.9319999814033508,0.9240000247955322,0.671999990940094
151.51740288734436,0.7540000081062317,0.6639999747276306,0.7839999794960022,0.9399999976158142,0.9300000071525574,0.6679999828338623
151.5274691581726,0.7540000081062317,0.6679999828338623,0.7839999794960022,0.9459999799728394,0.9340000152587892,0.6679999828338623
151.53740000724792,0.7540000081062317,0.6740000247955322,0.7839999794960022,0.9520000219345092,0.9399999976158142,0.6660000085830688
151.54750227928162,0.7540000081062317,0.6779999732971191,0.7839999794960022,0.9580000042915344,0.944000005722046,0.6639999747276306
151.55757641792297,0.7540000081062317,0.6840000152587891,0.7860000133514404,0.9660000205039978,0.949999988079071,0.6579999923706055
151.56772184371948,0.7519999742507935,0.6899999976158142,0.7860000133514404,0.9739999771118164,0.9559999704360962,0.6579999923706055
151.57753109931946,0.7519999742507935,0.6940000057220459,0.7860000133514404,0.9800000190734864,0.9580000042915344,0.656000018119812
151.58751702308655,0.7519999742507935,0.6980000138282776,0.7860000133514404,0.9879999756813048,0.962000012397766,0.656000018119812
151.5975513458252,0.75,0.699999988079071,0.7860000133514404,0.9959999918937684,0.9639999866485596,0.6539999842643738
151.60764622688293,0.75,0.7020000219345093,0.7860000133514404,1.003999948501587,0.9660000205039978,0.656000018119812
151.61752271652222,0.7459999918937683,0.7059999704360962,0.7860000133514404,1.0119999647140503,0.9700000286102296,0.656000018119812
151.627685546875,0.7440000176429749,0.7080000042915344,0.7860000133514404,1.0180000066757202,0.9700000286102296,0.656000018119812
151.63758611679077,0.7379999756813049,0.7120000123977661,0.7860000133514404,1.0260000228881836,0.972000002861023,0.656000018119812
151.6474690437317,0.7300000190734863,0.7139999866485596,0.7839999794960022,1.034000039100647,0.972000002861023,0.656000018119812
151.65763354301453,0.7260000109672546,0.7160000205039978,0.7839999794960022,1.0420000553131104,0.972000002861023,0.656000018119812
151.66739892959595,0.7160000205039978,0.7200000286102295,0.7799999713897705,1.0499999523162842,0.9700000286102296,0.6539999842643738
151.67759943008423,0.7059999704360962,0.722000002861023,0.7739999890327454,1.0579999685287476,0.9679999947547911,0.6539999842643738
151.68805265426636,0.6880000233650208,0.7239999771118164,0.765999972820282,1.065999984741211,0.9639999866485596,0.6539999842643738
151.69738245010376,0.6679999828338623,0.7260000109672546,0.75,1.0740000009536743,0.9559999704360962,0.6539999842643738
151.7074692249298,0.656000018119812,0.7279999852180481,0.7360000014305115,1.0779999494552612,0.9480000138282776,0.6539999842643738
151.71741676330566,0.6460000276565552,0.7319999933242798,0.7160000205039978,1.0820000171661377,0.9200000166893004,0.6539999842643738
151.72737097740173,0.6420000195503235,0.734000027179718,0.7059999704360962,1.0859999656677246,0.8500000238418579,0.6539999842643738
151.7373869419098,0.6420000195503235,0.7360000014305115,0.6919999718666077,1.0859999656677246,0.7799999713897705,0.6539999842643738
151.7484633922577,0.6420000195503235,0.7360000014305115,0.6800000071525574,1.0820000171661377,0.7360000014305115,0.656000018119812
151.75755071640015,0.6420000195503235,0.734000027179718,0.6759999990463257,1.0779999494552612,0.7179999947547913,0.656000018119812
151.76835465431213,0.6420000195503235,0.7200000286102295,0.6679999828338623,1.065999984741211,0.7080000042915344,0.656000018119812
151.7775855064392,0.6420000195503235,0.6899999976158142,0.6520000100135803,1.0499999523162842,0.7099999785423279,0.656000018119812
151.78847765922546,0.6399999856948853,0.6679999828338623,0.6420000195503235,1.0299999713897705,0.7139999866485596,0.656000018119812
151.79768562316895,0.6399999856948853,0.6639999747276306,0.6399999856948853,1.02400004863739,0.7120000123977661,0.656000018119812
151.80750679969788,0.6399999856948853,0.6639999747276306,0.6399999856948853,1.02400004863739,0.7120000123977661,0.656000018119812
151.81754970550537,0.6299999952316284,0.6600000262260437,0.6299999952316284,0.9359999895095824,0.7139999866485596,0.656000018119812
151.82746934890747,0.6299999952316284,0.6579999923706055,0.6320000290870667,0.8920000195503235,0.7120000123977661,0.656000018119812
151.83735299110413,0.6299999952316284,0.6539999842643738,0.6359999775886536,0.8360000252723694,0.7080000042915344,0.656000018119812
151.8473606109619,0.628000020980835,0.6480000019073486,0.6380000114440918,0.7580000162124634,0.6800000071525574,0.656000018119812
151.85754561424255,0.628000020980835,0.6480000019073486,0.6359999775886536,0.7319999933242798,0.6620000004768372,0.6579999923706055
151.86757850646973,0.6299999952316284,0.6480000019073486,0.6380000114440918,0.7300000190734863,0.6579999923706055,0.6579999923706055
151.87759041786194,0.6299999952316284,0.6480000019073486,0.6380000114440918,0.7260000109672546,0.6579999923706055,0.6660000085830688
151.88753151893616,0.6299999952316284,0.6480000019073486,0.6380000114440918,0.7300000190734863,0.6579999923706055,0.6660000085830688
151.89751172065735,0.6299999952316284,0.6460000276565552,0.6380000114440918,0.7379999756813049,0.656000018119812,0.6620000004768372
151.907475233078,0.6299999952316284,0.6460000276565552,0.6380000114440918,0.7440000176429749,0.656000018119812,0.6620000004768372
151.9182596206665,0.6320000290870667,0.6460000276565552,0.6380000114440918,0.7480000257492065,0.6579999923706055,0.6620000004768372
151.92747116088867,0.6320000290870667,0.6460000276565552,0.6380000114440918,0.7480000257492065,0.6600000262260437,0.6620000004768372
151.9375352859497,0.6320000290870667,0.6460000276565552,0.6380000114440918,0.7480000257492065,0.6579999923706055,0.6620000004768372
151.94735860824585,0.6320000290870667,0.6460000276565552,0.6380000114440918,0.7459999918937683,0.6579999923706055,0.6620000004768372
151.95739221572876,0.6320000290870667,0.6460000276565552,0.6380000114440918,0.7459999918937683,0.6579999923706055,0.6620000004768372
151.96737504005432,0.6320000290870667,0.6460000276565552,0.6380000114440918,0.7459999918937683,0.6579999923706055,0.6620000004768372
151.9776554107666,0.6320000290870667,0.6460000276565552,0.6380000114440918,0.7459999918937683,0.656000018119812,0.6620000004768372
151.98790287971497,0.6320000290870667,0.6460000276565552,0.6380000114440918,0.7440000176429749,0.656000018119812,0.6620000004768372
151.99752140045166,0.6320000290870667,0.6460000276565552,0.6380000114440918,0.7440000176429749,0.6579999923706055,0.6620000004768372
152.00748348236084,0.6320000290870667,0.6460000276565552,0.6380000114440918,0.7419999837875366,0.656000018119812,0.6620000004768372
152.01750588417053,0.6320000290870667,0.6460000276565552,0.6359999775886536,0.7419999837875366,0.656000018119812,0.6620000004768372
152.02737402915955,0.6320000290870667,0.6460000276565552,0.6380000114440918,0.7419999837875366,0.656000018119812,0.6620000004768372
152.0397822856903,0.6320000290870667,0.6460000276565552,0.6359999775886536,0.7419999837875366,0.6579999923706055,0.6620000004768372
152.04765248298645,0.6320000290870667,0.6460000276565552,0.6380000114440918,0.7400000095367432,0.6579999923706055,0.6620000004768372
152.05762457847595,0.6320000290870667,0.6460000276565552,0.6380000114440918,0.7400000095367432,0.6579999923706055,0.6620000004768372
152.06749653816223,0.6320000290870667,0.6460000276565552,0.6359999775886536,0.7400000095367432,0.6579999923706055,0.6620000004768372
152.07738423347473,0.6320000290870667,0.6460000276565552,0.6359999775886536,0.7379999756813049,0.6579999923706055,0.6620000004768372
152.0875940322876,0.6320000290870667,0.6460000276565552,0.6380000114440918,0.7379999756813049,0.6579999923706055,0.6620000004768372
152.0973129272461,0.6320000290870667,0.6460000276565552,0.6359999775886536,0.7379999756813049,0.6579999923706055,0.6620000004768372
152.1079638004303,0.6320000290870667,0.6460000276565552,0.6359999775886536,0.7360000014305115,0.6579999923706055,0.6620000004768372
152.1175618171692,0.6320000290870667,0.6460000276565552,0.6380000114440918,0.7360000014305115,0.6579999923706055,0.6620000004768372
152.12734413146973,0.6320000290870667,0.6460000276565552,0.6359999775886536,0.734000027179718,0.6579999923706055,0.6620000004768372
152.13737869262695,0.6320000290870667,0.6460000276565552,0.6359999775886536,0.734000027179718,0.6579999923706055,0.6620000004768372
152.14778661727905,0.6320000290870667,0.6460000276565552,0.6359999775886536,0.7319999933242798,0.6579999923706055,0.6620000004768372
152.1580889225006,0.6320000290870667,0.6460000276565552,0.6359999775886536,0.7319999933242798,0.6579999923706055,0.6620000004768372
152.16765093803406,0.6340000033378601,0.6460000276565552,0.6380000114440918,0.7319999933242798,0.6579999923706055,0.6620000004768372
152.17782521247864,0.6340000033378601,0.6460000276565552,0.6380000114440918,0.7300000190734863,0.6579999923706055,0.6620000004768372
152.18748021125793,0.6340000033378601,0.6460000276565552,0.6380000114440918,0.7300000190734863,0.6579999923706055,0.6620000004768372
152.19757509231567,0.6340000033378601,0.6460000276565552,0.6380000114440918,0.7319999933242798,0.6579999923706055,0.6620000004768372
152.20747661590576,0.6340000033378601,0.6460000276565552,0.6380000114440918,0.7319999933242798,0.6579999923706055,0.6620000004768372
152.2178885936737,0.6340000033378601,0.6460000276565552,0.6380000114440918,0.7319999933242798,0.6579999923706055,0.6620000004768372
152.22775888442993,0.6340000033378601,0.6460000276565552,0.6380000114440918,0.7319999933242798,0.6579999923706055,0.6620000004768372
152.2373857498169,0.6320000290870667,0.6460000276565552,0.6380000114440918,0.7319999933242798,0.6579999923706055,0.6600000262260437
152.2477548122406,0.6340000033378601,0.6460000276565552,0.6439999938011169,0.7279999852180481,0.656000018119812,0.6679999828338623
152.2576403617859,0.6340000033378601,0.6460000276565552,0.6480000019073486,0.7239999771118164,0.6480000019073486,0.6800000071525574
152.2675371170044,0.6399999856948853,0.6460000276565552,0.6600000262260437,0.7239999771118164,0.6439999938011169,0.7020000219345093
152.27751064300537,0.6439999938011169,0.6460000276565552,0.6639999747276306,0.7080000042915344,0.6420000195503235,0.7160000205039978
152.28746128082275,0.6600000262260437,0.6420000195503235,0.6840000152587891,0.7039999961853027,0.6359999775886536,0.7200000286102295
152.29745435714722,0.671999990940094,0.6420000195503235,0.6959999799728394,0.7120000123977661,0.6439999938011169,0.7160000205039978
152.3075029850006,0.6800000071525574,0.6420000195503235,0.7039999961853027,0.7260000109672546,0.6499999761581421,0.7099999785423279
152.31738543510437,0.7020000219345093,0.6420000195503235,0.7139999866485596,0.7319999933242798,0.6899999976158142,0.699999988079071
152.3285355567932,0.7139999866485596,0.6399999856948853,0.7200000286102295,0.7379999756813049,0.7179999947547913,0.6940000057220459
152.33760523796082,0.7300000190734863,0.6399999856948853,0.7260000109672546,0.7440000176429749,0.7360000014305115,0.6899999976158142
152.34752416610718,0.7360000014305115,0.6420000195503235,0.7279999852180481,0.7480000257492065,0.7540000081062317,0.6899999976158142
152.35787343978882,0.7440000176429749,0.6439999938011169,0.7360000014305115,0.7839999794960022,0.7680000066757202,0.6880000233650208
152.36743187904358,0.7480000257492065,0.6439999938011169,0.7440000176429749,0.8140000104904175,0.7839999794960022,0.6859999895095825
152.37745642662048,0.7519999742507935,0.6439999938011169,0.7480000257492065,0.8259999752044678,0.7919999957084656,0.6840000152587891
152.38752341270447,0.7559999823570251,0.6460000276565552,0.7540000081062317,0.8339999914169312,0.800000011920929,0.6819999814033508
152.3976936340332,0.7559999823570251,0.6460000276565552,0.7559999823570251,0.8399999737739563,0.8059999942779541,0.6779999732971191
152.40753698349,0.7580000162124634,0.6460000276565552,0.7599999904632568,0.843999981880188,0.8080000281333923,0.6779999732971191
152.41735363006592,0.7599999904632568,0.6460000276565552,0.7599999904632568,0.843999981880188,0.8080000281333923,0.6759999990463257
152.42745327949524,0.7599999904632568,0.6460000276565552,0.7599999904632568,0.843999981880188,0.8059999942779541,0.6759999990463257
152.4373733997345,0.7620000243186951,0.6460000276565552,0.7599999904632568,0.8420000076293945,0.800000011920929,0.6740000247955322
152.44787335395813,0.7620000243186951,0.6460000276565552,0.7599999904632568,0.8379999995231628,0.7940000295639038,0.671999990940094
152.45758056640625,0.7620000243186951,0.6480000019073486,0.7599999904632568,0.8339999914169312,0.7900000214576721,0.6700000166893005
152.4680700302124,0.7620000243186951,0.6480000019073486,0.7599999904632568,0.828000009059906,0.7839999794960022,0.6700000166893005
152.4773621559143,0.7620000243186951,0.6480000019073486,0.7580000162124634,0.8240000009536743,0.777999997138977,0.6679999828338623
152.4873857498169,0.7639999985694885,0.6480000019073486,0.7580000162124634,0.8180000185966492,0.7739999890327454,0.6660000085830688
152.49773287773132,0.7639999985694885,0.6460000276565552,0.7580000162124634,0.8080000281333923,0.7680000066757202,0.6679999828338623
152.50754857063293,0.7639999985694885,0.6460000276565552,0.7580000162124634,0.8040000200271606,0.7639999985694885,0.6679999828338623
152.5174822807312,0.7639999985694885,0.6460000276565552,0.7559999823570251,0.7960000038146973,0.7580000162124634,0.6679999828338623
152.527503490448,0.7639999985694885,0.6460000276565552,0.7559999823570251,0.7900000214576721,0.7540000081062317,0.6679999828338623
152.53743481636047,0.7639999985694885,0.6460000276565552,0.7559999823570251,0.7879999876022339,0.7540000081062317,0.6679999828338623
152.54741597175598,0.7639999985694885,0.6460000276565552,0.7559999823570251,0.7820000052452087,0.7519999742507935,0.6679999828338623
152.55874872207642,0.765999972820282,0.6460000276565552,0.7559999823570251,0.7820000052452087,0.7519999742507935,0.6679999828338623
152.56751823425293,0.765999972820282,0.6460000276565552,0.7580000162124634,0.7839999794960022,0.7540000081062317,0.6679999828338623
152.57805252075195,0.765999972820282,0.6460000276565552,0.7580000162124634,0.7860000133514404,0.7559999823570251,0.6679999828338623
152.5873761177063,0.765999972820282,0.6460000276565552,0.7599999904632568,0.7900000214576721,0.7599999904632568,0.6679999828338623
152.59759283065796,0.765999972820282,0.6460000276565552,0.7599999904632568,0.7960000038146973,0.7620000243186951,0.6679999828338623
152.6073660850525,0.765999972820282,0.6460000276565552,0.7620000243186951,0.8040000200271606,0.7639999985694885,0.6700000166893005
152.61758542060852,0.7680000066757202,0.6460000276565552,0.7639999985694885,0.8119999766349792,0.765999972820282,0.6700000166893005
152.62735676765442,0.7680000066757202,0.6460000276565552,0.765999972820282,0.8199999928474426,0.7699999809265137,0.6700000166893005
152.63743019104004,0.7680000066757202,0.6460000276565552,0.765999972820282,0.8240000009536743,0.7720000147819519,0.6700000166893005
152.64749789237976,0.7680000066757202,0.6460000276565552,0.7680000066757202,0.828000009059906,0.7760000228881836,0.6700000166893005
152.65737915039062,0.7680000066757202,0.6480000019073486,0.7699999809265137,0.8299999833106995,0.777999997138977,0.6700000166893005
152.66744184494019,0.7699999809265137,0.6460000276565552,0.7699999809265137,0.8320000171661377,0.7799999713897705,0.6700000166893005
152.67764616012573,0.7699999809265137,0.6480000019073486,0.7699999809265137,0.8339999914169312,0.7820000052452087,0.671999990940094
152.6876049041748,0.7699999809265137,0.6480000019073486,0.7699999809265137,0.8339999914169312,0.7820000052452087,0.671999990940094
152.69787335395813,0.7699999809265137,0.6480000019073486,0.7699999809265137,0.8339999914169312,0.7820000052452087,0.671999990940094
152.70785522460938,0.7699999809265137,0.6460000276565552,0.7699999809265137,0.8320000171661377,0.7820000052452087,0.671999990940094
152.71775722503662,0.7699999809265137,0.6460000276565552,0.7699999809265137,0.8299999833106995,0.7820000052452087,0.671999990940094
152.72754883766174,0.7699999809265137,0.6480000019073486,0.7699999809265137,0.828000009059906,0.7799999713897705,0.6740000247955322
152.73755049705505,0.7699999809265137,0.6480000019073486,0.7699999809265137,0.828000009059906,0.7799999713897705,0.6740000247955322
152.74746131896973,0.7699999809265137,0.6460000276565552,0.7699999809265137,0.8259999752044678,0.777999997138977,0.6740000247955322
152.7574737071991,0.7699999809265137,0.6460000276565552,0.7680000066757202,0.8259999752044678,0.777999997138977,0.6759999990463257
152.76743721961975,0.7680000066757202,0.6460000276565552,0.7680000066757202,0.8259999752044678,0.777999997138977,0.6759999990463257
152.7775628566742,0.7680000066757202,0.6460000276565552,0.7680000066757202,0.828000009059906,0.777999997138977,0.6759999990463257
152.7880322933197,0.7680000066757202,0.6460000276565552,0.7680000066757202,0.828000009059906,0.7799999713897705,0.6779999732971191
152.79763293266296,0.7680000066757202,0.6460000276565552,0.7680000066757202,0.8320000171661377,0.7799999713897705,0.6779999732971191
152.80768036842346,0.765999972820282,0.6480000019073486,0.7680000066757202,0.8339999914169312,0.7820000052452087,0.6800000071525574
152.81751465797424,0.765999972820282,0.6460000276565552,0.7680000066757202,0.8360000252723694,0.7860000133514404,0.6800000071525574
152.82754278182983,0.765999972820282,0.6460000276565552,0.7680000066757202,0.8379999995231628,0.7900000214576721,0.6819999814033508
152.83736062049866,0.7639999985694885,0.6460000276565552,0.7699999809265137,0.8420000076293945,0.7919999957084656,0.6819999814033508
152.84755611419678,0.7639999985694885,0.6480000019073486,0.7699999809265137,0.843999981880188,0.7960000038146973,0.6840000152587891
152.85751008987427,0.7639999985694885,0.6480000019073486,0.7699999809265137,0.8479999899864197,0.8019999861717224,0.6840000152587891
152.86752581596375,0.7639999985694885,0.6499999761581421,0.7720000147819519,0.8500000238418579,0.8059999942779541,0.6840000152587891
152.8775498867035,0.7639999985694885,0.6499999761581421,0.7720000147819519,0.8539999723434448,0.8119999766349792,0.6840000152587891
152.8875207901001,0.7639999985694885,0.6499999761581421,0.7739999890327454,0.8560000061988831,0.8180000185966492,0.6840000152587891
152.89834666252136,0.7639999985694885,0.6520000100135803,0.7739999890327454,0.8560000061988831,0.8220000267028809,0.6819999814033508
152.90752530097961,0.7639999985694885,0.6539999842643738,0.7739999890327454,0.8619999885559082,0.828000009059906,0.6819999814033508
152.91750717163086,0.7639999985694885,0.6539999842643738,0.7760000228881836,0.8659999966621399,0.8339999914169312,0.6800000071525574
152.92767524719238,0.7639999985694885,0.6539999842643738,0.7760000228881836,0.8700000047683716,0.8379999995231628,0.6800000071525574
152.93753480911255,0.7639999985694885,0.656000018119812,0.777999997138977,0.8759999871253967,0.843999981880188,0.6779999732971191
152.9475610256195,0.7639999985694885,0.656000018119812,0.777999997138977,0.8799999952316284,0.8500000238418579,0.6759999990463257
152.95744156837463,0.7639999985694885,0.656000018119812,0.7799999713897705,0.8859999775886536,0.8560000061988831,0.671999990940094
152.9673252105713,0.7639999985694885,0.656000018119812,0.7820000052452087,0.8920000195503235,0.8600000143051147,0.671999990940094
152.9774134159088,0.7639999985694885,0.6579999923706055,0.7820000052452087,0.9020000100135804,0.8659999966621399,0.6700000166893005
152.98743081092834,0.765999972820282,0.6579999923706055,0.7820000052452087,0.9120000004768372,0.8740000128746033,0.6660000085830688
152.9981813430786,0.765999972820282,0.6600000262260437,0.7839999794960022,0.9200000166893004,0.878000020980835,0.6639999747276306
153.0075764656067,0.765999972820282,0.6660000085830688,0.7839999794960022,0.9300000071525574,0.8820000290870667,0.6579999923706055
153.01754117012024,0.765999972820282,0.6759999990463257,0.7839999794960022,0.9399999976158142,0.8859999775886536,0.656000018119812
153.0273678302765,0.765999972820282,0.6800000071525574,0.7860000133514404,0.9459999799728394,0.8899999856948853,0.656000018119812
153.0379283428192,0.765999972820282,0.6859999895095825,0.7860000133514404,0.9539999961853028,0.8960000276565552,0.656000018119812
153.04740142822266,0.765999972820282,0.6899999976158142,0.7860000133514404,0.959999978542328,0.8999999761581421,0.6539999842643738
153.0574061870575,0.7639999985694885,0.6980000138282776,0.7860000133514404,0.9700000286102296,0.906000018119812,0.6539999842643738
153.06757521629333,0.7639999985694885,0.7039999961853027,0.7879999876022339,0.977999985218048,0.9100000262260436,0.656000018119812
153.07745504379272,0.7620000243186951,0.7099999785423279,0.7860000133514404,0.984000027179718,0.9139999747276306,0.6539999842643738
153.08746576309204,0.7599999904632568,0.7139999866485596,0.7860000133514404,0.9919999837875366,0.9179999828338624,0.656000018119812
153.09748101234436,0.7580000162124634,0.7179999947547913,0.7860000133514404,1.0,0.9200000166893004,0.656000018119812
153.10770082473755,0.7540000081062317,0.722000002861023,0.7860000133514404,1.0099999904632568,0.9200000166893004,0.656000018119812
153.11821484565735,0.7459999918937683,0.7260000109672546,0.7839999794960022,1.0180000066757202,0.9179999828338624,0.6539999842643738
153.127347946167,0.7400000095367432,0.7279999852180481,0.7820000052452087,1.02400004863739,0.9139999747276306,0.6539999842643738
153.13732862472534,0.7260000109672546,0.7319999933242798,0.7760000228881836,1.034000039100647,0.9020000100135804,0.6539999842643738
153.14741230010986,0.7099999785423279,0.734000027179718,0.7639999985694885,1.0440000295639038,0.8880000114440918,0.6539999842643738
153.15770483016968,0.6940000057220459,0.7360000014305115,0.7519999742507935,1.0499999523162842,0.8820000290870667,0.6539999842643738
153.16824078559875,0.6660000085830688,0.7379999756813049,0.7300000190734863,1.059999942779541,0.8700000047683716,0.6539999842643738
153.17748713493347,0.6499999761581421,0.7400000095367432,0.7200000286102295,1.0640000104904177,0.8479999899864197,0.656000018119812
153.18745756149292,0.6380000114440918,0.7419999837875366,0.7120000123977661,1.065999984741211,0.7820000052452087,0.656000018119812
153.19737005233765,0.6340000033378601,0.7419999837875366,0.7020000219345093,1.065999984741211,0.7360000014305115,0.656000018119812
153.20748782157898,0.6340000033378601,0.7419999837875366,0.6940000057220459,1.062000036239624,0.7160000205039978,0.656000018119812
153.21763396263123,0.6359999775886536,0.7419999837875366,0.6819999814033508,1.0499999523162842,0.7080000042915344,0.656000018119812
153.2276828289032,0.6359999775886536,0.734000027179718,0.671999990940094,1.0399999618530271,0.7099999785423279,0.656000018119812
153.23742961883545,0.6340000033378601,0.7039999961853027,0.6520000100135803,1.0199999809265137,0.7179999947547913,0.656000018119812
153.2476246356964,0.6320000290870667,0.6800000071525574,0.6380000114440918,0.9959999918937684,0.7120000123977661,0.656000018119812
153.257972240448,0.6299999952316284,0.6579999923706055,0.6340000033378601,0.9679999947547911,0.699999988079071,0.656000018119812
153.26743388175964,0.628000020980835,0.6579999923706055,0.6340000033378601,0.9139999747276306,0.6880000233650208,0.656000018119812
153.27749681472778,0.628000020980835,0.6579999923706055,0.6359999775886536,0.8859999775886536,0.6859999895095825,0.656000018119812
153.2875075340271,0.628000020980835,0.656000018119812,0.6399999856948853,0.7979999780654907,0.6899999976158142,0.656000018119812
153.29739618301392,0.628000020980835,0.6499999761581421,0.6460000276565552,0.7379999756813049,0.6759999990463257,0.6579999923706055
153.30756044387817,0.628000020980835,0.6480000019073486,0.6399999856948853,0.7120000123977661,0.6639999747276306,0.6579999923706055
153.31749749183655,0.6299999952316284,0.6480000019073486,0.6380000114440918,0.7059999704360962,0.656000018119812,0.6600000262260437
153.32763981819153,0.6299999952316284,0.6460000276565552,0.6399999856948853,0.7059999704360962,0.656000018119812,0.6660000085830688
153.33945322036743,0.6320000290870667,0.6480000019073486,0.6380000114440918,0.7099999785423279,0.6539999842643738,0.6620000004768372
153.34745502471924,0.6320000290870667,0.6460000276565552,0.6380000114440918,0.7179999947547913,0.6579999923706055,0.6620000004768372
153.35747241973877,0.6320000290870667,0.6460000276565552,0.6380000114440918,0.7260000109672546,0.6660000085830688,0.6620000004768372
153.3675012588501,0.6320000290870667,0.6460000276565552,0.6340000033378601,0.7300000190734863,0.6679999828338623,0.6620000004768372
153.37820410728455,0.6320000290870667,0.6460000276565552,0.6340000033378601,0.7300000190734863,0.6679999828338623,0.6620000004768372
153.38740015029907,0.6320000290870667,0.6460000276565552,0.6320000290870667,0.7300000190734863,0.6679999828338623,0.6620000004768372
153.3978292942047,0.6320000290870667,0.6460000276565552,0.6320000290870667,0.7300000190734863,0.6660000085830688,0.6620000004768372
153.407461643219,0.6320000290870667,0.6460000276565552,0.6299999952316284,0.7300000190734863,0.6660000085830688,0.6620000004768372
153.41759777069092,0.6320000290870667,0.6460000276565552,0.6299999952316284,0.7319999933242798,0.6679999828338623,0.6620000004768372
153.42747950553894,0.6320000290870667,0.6460000276565552,0.6299999952316284,0.7319999933242798,0.6660000085830688,0.6620000004768372
153.43729996681213,0.6320000290870667,0.6460000276565552,0.6299999952316284,0.7319999933242798,0.6660000085830688,0.6620000004768372
153.4479203224182,0.6320000290870667,0.6460000276565552,0.6299999952316284,0.7319999933242798,0.6679999828338623,0.6620000004768372
153.45768809318542,0.6320000290870667,0.6460000276565552,0.6299999952316284,0.7300000190734863,0.6679999828338623,0.6620000004768372
153.46766543388367,0.6320000290870667,0.6460000276565552,0.6299999952316284,0.7319999933242798,0.6679999828338623,0.6620000004768372
153.47735810279846,0.6320000290870667,0.6460000276565552,0.6299999952316284,0.7279999852180481,0.6679999828338623,0.6620000004768372
153.4875192642212,0.6320000290870667,0.6460000276565552,0.6299999952316284,0.7300000190734863,0.6679999828338623,0.6620000004768372
153.49760937690735,0.6320000290870667,0.6460000276565552,0.6299999952316284,0.7300000190734863,0.6679999828338623,0.6620000004768372
153.5080225467682,0.6320000290870667,0.6460000276565552,0.6299999952316284,0.7300000190734863,0.6679999828338623,0.6620000004768372
153.5174286365509,0.6320000290870667,0.6460000276565552,0.6299999952316284,0.7300000190734863,0.6679999828338623,0.6620000004768372
153.52774167060852,0.6340000033378601,0.6460000276565552,0.6299999952316284,0.7279999852180481,0.6679999828338623,0.6620000004768372
153.5381088256836,0.6320000290870667,0.6460000276565552,0.6320000290870667,0.7279999852180481,0.6679999828338623,0.6620000004768372
153.54813623428345,0.6320000290870667,0.6460000276565552,0.6320000290870667,0.7300000190734863,0.6679999828338623,0.6620000004768372
153.55806183815002,0.6320000290870667,0.6460000276565552,0.6320000290870667,0.7260000109672546,0.6679999828338623,0.6620000004768372
153.56913423538208,0.6320000290870667,0.6460000276565552,0.6320000290870667,0.7279999852180481,0.6679999828338623,0.6620000004768372
153.57973551750183,0.6320000290870667,0.6460000276565552,0.6320000290870667,0.7260000109672546,0.6679999828338623,0.6620000004768372
153.5908224582672,0.6320000290870667,0.6460000276565552,0.6320000290870667,0.7260000109672546,0.6679999828338623,0.6620000004768372
153.59849095344543,0.6320000290870667,0.6460000276565552,0.6320000290870667,0.7260000109672546,0.6679999828338623,0.6620000004768372
153.60901713371277,0.6320000290870667,0.6460000276565552,0.6340000033378601,0.7279999852180481,0.6679999828338623,0.6620000004768372
153.61840963363647,0.6340000033378601,0.6460000276565552,0.6340000033378601,0.7279999852180481,0.6679999828338623,0.6620000004768372
153.62787103652954,0.6340000033378601,0.6460000276565552,0.6340000033378601,0.7279999852180481,0.6660000085830688,0.6620000004768372
153.63830661773682,0.6340000033378601,0.6460000276565552,0.6359999775886536,0.7260000109672546,0.6639999747276306,0.6620000004768372
153.64763355255127,0.6340000033378601,0.6460000276565552,0.6359999775886536,0.7279999852180481,0.6639999747276306,0.6620000004768372
153.65730142593384,0.6340000033378601,0.6460000276565552,0.6359999775886536,0.7279999852180481,0.6679999828338623,0.6620000004768372
153.6673138141632,0.6340000033378601,0.6460000276565552,0.6359999775886536,0.7279999852180481,0.6660000085830688,0.6620000004768372
153.67730021476746,0.6340000033378601,0.6460000276565552,0.6359999775886536,0.7279999852180481,0.6660000085830688,0.6620000004768372
153.6873369216919,0.6340000033378601,0.6460000276565552,0.6380000114440918,0.7279999852180481,0.6579999923706055,0.6600000262260437
153.69736766815186,0.6359999775886536,0.6460000276565552,0.6460000276565552,0.7279999852180481,0.6539999842643738,0.671999990940094
153.70722365379333,0.6380000114440918,0.6460000276565552,0.6480000019073486,0.7200000286102295,0.6499999761581421,0.6880000233650208
153.71720433235168,0.6439999938011169,0.6460000276565552,0.6539999842643738,0.722000002861023,0.6460000276565552,0.7120000123977661
153.7272219657898,0.6380000114440918,0.6420000195503235,0.6679999828338623,0.7059999704360962,0.6460000276565552,0.7300000190734863
153.73733019828796,0.656000018119812,0.6399999856948853,0.6840000152587891,0.6959999799728394,0.6380000114440918,0.7260000109672546
153.74727058410645,0.6600000262260437,0.6439999938011169,0.6919999718666077,0.7139999866485596,0.6520000100135803,0.7200000286102295
153.75747513771057,0.6620000004768372,0.6439999938011169,0.7020000219345093,0.7279999852180481,0.6539999842643738,0.7099999785423279
153.76731157302856,0.6779999732971191,0.6420000195503235,0.7120000123977661,0.7300000190734863,0.7120000123977661,0.7059999704360962
153.77719259262085,0.6940000057220459,0.6420000195503235,0.7200000286102295,0.734000027179718,0.734000027179718,0.6959999799728394
153.7876114845276,0.7059999704360962,0.6420000195503235,0.7239999771118164,0.7379999756813049,0.7559999823570251,0.6940000057220459
153.7974898815155,0.7139999866485596,0.6420000195503235,0.7260000109672546,0.7440000176429749,0.765999972820282,0.6940000057220459
153.80726742744446,0.722000002861023,0.6439999938011169,0.7319999933242798,0.7599999904632568,0.777999997138977,0.6940000057220459
153.81721806526184,0.7260000109672546,0.6439999938011169,0.7379999756813049,0.7839999794960022,0.7919999957084656,0.6919999718666077
153.82840085029602,0.7319999933242798,0.6439999938011169,0.7419999837875366,0.7979999780654907,0.7979999780654907,0.6919999718666077
153.83719873428345,0.7360000014305115,0.6439999938011169,0.7459999918937683,0.8119999766349792,0.8080000281333923,0.6919999718666077
153.8472294807434,0.7379999756813049,0.6460000276565552,0.75,0.8180000185966492,0.8119999766349792,0.6899999976158142
153.8571846485138,0.7400000095367432,0.6460000276565552,0.7540000081062317,0.8240000009536743,0.8180000185966492,0.6880000233650208
153.86733388900757,0.7419999837875366,0.6480000019073486,0.7559999823570251,0.8259999752044678,0.8240000009536743,0.6880000233650208
153.87724924087524,0.7419999837875366,0.6480000019073486,0.7580000162124634,0.828000009059906,0.828000009059906,0.6859999895095825
153.88745093345642,0.7440000176429749,0.6480000019073486,0.7580000162124634,0.8259999752044678,0.8299999833106995,0.6859999895095825
153.8974244594574,0.7440000176429749,0.6480000019073486,0.7599999904632568,0.8259999752044678,0.8320000171661377,0.6840000152587891
153.90728163719177,0.7440000176429749,0.6480000019073486,0.7599999904632568,0.8240000009536743,0.8320000171661377,0.6819999814033508
153.91727924346924,0.7459999918937683,0.6480000019073486,0.7599999904632568,0.8199999928474426,0.8299999833106995,0.6819999814033508
153.92736721038818,0.7459999918937683,0.6480000019073486,0.7599999904632568,0.8180000185966492,0.8259999752044678,0.6819999814033508
153.93720698356628,0.7459999918937683,0.6480000019073486,0.7599999904632568,0.8140000104904175,0.8259999752044678,0.6800000071525574
153.94726753234863,0.7459999918937683,0.6480000019073486,0.7580000162124634,0.8080000281333923,0.8240000009536743,0.6779999732971191
153.9572901725769,0.7459999918937683,0.6480000019073486,0.7580000162124634,0.8019999861717224,0.8199999928474426,0.6779999732971191
153.96736478805542,0.7459999918937683,0.6480000019073486,0.7580000162124634,0.7979999780654907,0.8199999928474426,0.6779999732971191
153.9774351119995,0.7459999918937683,0.6480000019073486,0.7580000162124634,0.7960000038146973,0.8180000185966492,0.6779999732971191
153.98724961280823,0.7459999918937683,0.6480000019073486,0.7580000162124634,0.7879999876022339,0.8159999847412109,0.6779999732971191
153.99744629859924,0.7459999918937683,0.6480000019073486,0.7580000162124634,0.7839999794960022,0.8140000104904175,0.6779999732971191
154.00734567642212,0.7459999918937683,0.6480000019073486,0.7580000162124634,0.7799999713897705,0.8140000104904175,0.6779999732971191
154.01725220680237,0.7480000257492065,0.6480000019073486,0.7580000162124634,0.777999997138977,0.8140000104904175,0.6800000071525574
154.02737498283386,0.7480000257492065,0.6480000019073486,0.7580000162124634,0.7799999713897705,0.8140000104904175,0.6800000071525574
154.03735613822937,0.7480000257492065,0.6480000019073486,0.7580000162124634,0.7839999794960022,0.8140000104904175,0.6800000071525574
154.04735684394836,0.7480000257492065,0.6480000019073486,0.7599999904632568,0.7879999876022339,0.8159999847412109,0.6819999814033508
154.05731415748596,0.7480000257492065,0.6480000019073486,0.7599999904632568,0.7940000295639038,0.8180000185966492,0.6819999814033508
154.06738233566284,0.75,0.6480000019073486,0.7620000243186951,0.8019999861717224,0.8199999928474426,0.6819999814033508
154.07747983932495,0.75,0.6480000019073486,0.7639999985694885,0.8080000281333923,0.8240000009536743,0.6819999814033508
154.08728289604187,0.75,0.6480000019073486,0.765999972820282,0.8119999766349792,0.8259999752044678,0.6819999814033508
154.0972638130188,0.7519999742507935,0.6480000019073486,0.765999972820282,0.8180000185966492,0.828000009059906,0.6819999814033508
154.10723423957825,0.7519999742507935,0.6499999761581421,0.7680000066757202,0.8199999928474426,0.8320000171661377,0.6819999814033508
154.11726021766663,0.7519999742507935,0.6499999761581421,0.7699999809265137,0.8240000009536743,0.8339999914169312,0.6819999814033508
154.12723803520203,0.7540000081062317,0.6499999761581421,0.7699999809265137,0.828000009059906,0.8360000252723694,0.6819999814033508
154.13741660118103,0.7540000081062317,0.6499999761581421,0.7720000147819519,0.8320000171661377,0.8379999995231628,0.6819999814033508
154.14727091789246,0.7559999823570251,0.6499999761581421,0.7720000147819519,0.8360000252723694,0.8399999737739563,0.6800000071525574
154.1572289466858,0.7559999823570251,0.6499999761581421,0.7739999890327454,0.8420000076293945,0.8420000076293945,0.6800000071525574
154.1673641204834,0.7559999823570251,0.6520000100135803,0.7739999890327454,0.8460000157356262,0.843999981880188,0.6800000071525574
154.17724061012268,0.7559999823570251,0.6539999842643738,0.7739999890327454,0.8519999980926514,0.8519999980926514,0.6779999732971191
154.18734192848206,0.7559999823570251,0.6539999842643738,0.7760000228881836,0.8539999723434448,0.8579999804496765,0.6779999732971191
